################################################################################
# Collectl:   V3.6.0-1  HiRes: 1  Options: -o z -D -P -i 10 -f /mnt/vol2/msevilla/ceph-logs/osd/cpu/ 
# Host:       issdm-21  DaemonOpts: -f /var/log/collectl -r00:00,7 -m -F60 -s+YZ
# Distro:       Platform: H8DMR-82
# Date:       20150604-130343  Secs: 1433448223 TZ: -0700
# SubSys:     bcdfijmnstYZ Options: z Interval: 10:60 NumCPUs: 4  NumBud: 4 Flags: i
# Filters:    NfsFilt:  EnvFilt: 
# HZ:         100  Arch: x86_64-linux-gnu-thread-multi PageSize: 4096
# Cpu:        AuthenticAMD Speed(MHz): 2010.270 Cores: 2  Siblings: 2
# Kernel:     3.4.0-030400-generic  Memory: 8177412 kB  Swap: 8386556 kB
# NumDisks:   5 DiskNames: sda sdb sdc sdd sde
# NumNets:    4 NetNames: eth0:?? eth1:1000 eth2:1000 lo:
# NumSlabs:   133 Version: 2.1
# IConnect:   NumHCAs: 1 PortStates: 0 IBVersion:  PQVersion: 
# SCSI:       DA:0:00:00:00 DA:1:00:00:00 DA:2:00:00:00 DA:3:00:00:00 DA:4:00:00:00 CD:6:00:01:00
################################################################################
#Date Time [CPU]User% [CPU]Nice% [CPU]Sys% [CPU]Wait% [CPU]Irq% [CPU]Soft% [CPU]Steal% [CPU]Idle% [CPU]Totl% [CPU]Intrpt/sec [CPU]Ctx/sec [CPU]Proc/sec [CPU]ProcQue [CPU]ProcRun [CPU]L-Avg1 [CPU]L-Avg5 [CPU]L-Avg15 [MEM]Tot [MEM]Used [MEM]Free [MEM]Shared [MEM]Buf [MEM]Cached [MEM]Slab [MEM]Map [MEM]Commit [MEM]SwapTot [MEM]SwapUsed [MEM]SwapFree [MEM]SwapIn [MEM]SwapOut [MEM]Dirty [MEM]Clean [MEM]Laundry [MEM]Inactive [MEM]PageIn [MEM]PageOut [MEM]PageFaults [MEM]PageMajFaults [MEM]HugeTotal [MEM]HugeFree [MEM]HugeRsvd [MEM]SUnreclaim [SOCK]Used [SOCK]Tcp [SOCK]Orph [SOCK]Tw [SOCK]Alloc [SOCK]Mem [SOCK]Udp [SOCK]Raw [SOCK]Frag [SOCK]FragMem [NET]RxPktTot [NET]TxPktTot [NET]RxKBTot [NET]TxKBTot [NET]RxCmpTot [NET]RxMltTot [NET]TxCmpTot [NET]RxErrsTot [NET]TxErrsTot [DSK]ReadTot [DSK]WriteTot [DSK]OpsTot [DSK]ReadKBTot [DSK]WriteKBTot [DSK]KbTot [DSK]ReadMrgTot [DSK]WriteMrgTot [DSK]MrgTot [INODE]NumDentry [INODE]openFiles [INODE]MaxFile% [INODE]used [NFS]ReadsS [NFS]WritesS [NFS]MetaS [NFS]CommitS [NFS]Udp [NFS]Tcp [NFS]TcpConn [NFS]BadAuth [NFS]BadClient [NFS]ReadsC [NFS]WritesC [NFS]MetaC [NFS]CommitC [NFS]Retrans [NFS]AuthRef [TCP]PureAcks [TCP]HPAcks [TCP]Loss [TCP]FTrans [BUD]1Page [BUD]2Pages [BUD]4Pages [BUD]8Pages [BUD]16Pages [BUD]32Pages [BUD]64Pages [BUD]128Pages [BUD]256Pages [BUD]512Pages [BUD]1024Pages
20150604 13:04:10 1 0 1 0 0 0 0 98 2 6937 2512 6 832 0 0.23 0.11 0.14 8177412 1728220 6449192 0 295472 730016 164448 456648 2837152 8386556 0 8386556 0 0 2364 0 0 558288 0 370 2155 0 0 0 0 32400 481 227 0 0 238 87 0 0 0 0 277 185 226 25 0 0 0 0 0 0 72 72 0 369 369 0 1 1 117629 1888 0 96083 0 0 0 0 0 0 0 0 0 0 0 0 0 0 0 5 85 0 0 974 652 1079 975 837 458 229 100 37 20 1487
20150604 13:04:20 1 0 1 0 0 0 0 98 1 6696 2424 0 832 0 0.19 0.10 0.14 8177412 1728592 6448820 0 295472 732580 164448 457064 2837152 8386556 0 8386556 0 0 2076 0 0 560816 0 667 47 0 0 0 0 32400 481 227 0 0 238 83 0 0 0 0 282 176 245 24 0 0 0 0 0 0 67 67 0 668 668 0 0 0 117631 1888 0 96083 0 0 0 0 0 0 0 0 0 0 0 0 0 0 0 4 88 0 0 1144 690 1032 956 839 458 229 100 37 20 1487
20150604 13:04:30 5 0 3 0 0 0 0 91 8 9643 9415 0 832 0 0.16 0.10 0.13 8177412 1730876 6446536 0 295472 735544 164484 456652 2837152 8386556 0 8386556 0 0 2888 0 0 563424 0 2231 150 1 0 0 0 32436 481 227 0 0 238 102 0 0 0 0 552 514 515 107 0 0 0 0 0 0 288 288 0 2231 2231 0 1 1 117633 1888 0 96085 0 0 0 0 0 0 0 0 0 0 0 0 0 0 0 6 215 0 0 1086 776 1025 914 815 457 230 100 37 20 1487
20150604 13:04:40 0 0 0 0 0 0 0 100 0 5900 688 0 832 0 0.21 0.11 0.14 8177412 1730400 6447012 0 295472 735544 164484 456652 2837152 8386556 0 8386556 0 0 2892 0 0 563420 0 1 28 0 0 0 0 32436 481 227 0 0 238 102 0 0 0 0 95 95 10 10 0 0 0 0 0 0 0 0 0 1 1 0 0 0 117633 1888 0 96085 0 0 0 0 0 0 0 0 0 0 0 0 0 0 0 3 50 0 0 1125 772 1039 918 815 457 230 100 37 20 1487
20150604 13:04:50 0 0 0 0 0 0 0 99 1 5740 715 0 832 0 0.18 0.11 0.14 8177412 1729892 6447520 0 295472 735544 164452 456652 2837152 8386556 0 8386556 0 0 0 0 0 563464 0 297 28 0 0 0 0 32404 481 227 0 0 238 102 0 0 0 0 94 96 10 10 0 0 0 0 0 0 4 4 0 297 297 0 1 1 117635 1888 0 96085 0 0 0 0 0 0 0 0 0 0 0 0 0 0 0 3 47 0 0 1194 775 1040 924 815 457 230 100 37 20 1487
20150604 13:05:00 2 0 2 0 0 0 0 96 4 9009 5577 0 832 0 0.37 0.16 0.15 8177412 1732988 6444424 0 295472 736240 164520 456832 2837152 8386556 0 8386556 0 0 844 0 0 563976 0 1477 97 1 0 0 0 32404 481 227 0 0 238 83 0 0 0 0 495 326 475 56 0 0 0 0 0 0 163 163 0 1477 1477 0 0 0 117641 1888 0 96087 0 0 0 0 0 0 0 0 0 0 0 0 0 0 0 7 144 0 0 1414 774 1056 842 790 457 230 100 37 20 1487
20150604 13:05:10 6 0 4 0 0 0 0 89 10 11502 10484 7 832 0 0.31 0.15 0.15 8177412 1731984 6445428 0 295472 734272 164672 453296 2837284 8386556 0 8386556 0 0 1568 0 0 561644 0 2471 2415 2 0 0 0 32544 481 227 0 0 238 82 0 0 0 0 583 580 527 121 0 0 0 0 0 0 319 319 0 2471 2471 0 2 2 117644 1888 0 96084 0 0 0 0 0 0 0 0 0 0 0 0 0 0 0 4 243 0 0 1841 948 1031 847 755 458 231 100 37 20 1487
20150604 13:05:20 5 0 3 0 0 0 0 92 8 11147 9987 0 832 0 0.27 0.15 0.15 8177412 1738212 6439200 0 295472 742208 164576 453012 2837284 8386556 0 8386556 0 0 6976 0 0 569212 0 1724 129 0 0 0 0 32448 481 227 0 0 238 102 0 0 0 0 571 544 520 113 0 0 0 0 0 0 310 310 0 1724 1724 0 0 0 117644 1888 0 96085 0 0 0 0 0 0 0 0 0 0 0 0 0 0 0 5 228 0 0 1089 712 1033 846 740 458 231 100 37 20 1487
20150604 13:05:30 0 0 0 0 0 0 0 99 0 6951 801 0 832 0 0.22 0.14 0.14 8177412 1737028 6440384 0 295472 742208 164512 453012 2837284 8386556 0 8386556 0 0 56 0 0 569236 0 712 28 0 0 0 0 32416 481 227 0 0 238 114 0 0 0 0 120 121 13 13 0 0 0 0 0 0 6 6 0 711 711 0 1 1 117646 1888 0 96085 0 0 0 0 0 0 0 0 0 0 0 0 0 0 0 5 68 0 0 1121 725 1055 845 740 459 230 101 37 20 1487
20150604 13:05:40 2 0 1 0 0 0 0 97 3 8403 4016 0 832 0 0.19 0.14 0.14 8177412 1737056 6440356 0 295476 741200 164576 452728 2837284 8386556 0 8386556 0 0 2828 0 0 567940 0 773 85 1 0 0 0 32448 481 227 0 0 238 109 0 0 0 0 336 253 286 45 0 0 0 0 0 0 98 98 0 771 771 0 1 1 117648 1888 0 96087 0 0 0 0 0 0 0 0 0 0 0 0 0 0 0 3 123 0 0 1372 713 1015 850 729 459 230 101 37 20 1487
20150604 13:05:50 1 0 1 0 0 0 0 97 2 7299 2732 0 832 0 0.16 0.13 0.14 8177412 1740924 6436488 0 295476 743568 165472 452428 2837284 8386556 0 8386556 0 0 608 0 0 570356 0 947 45 0 0 0 0 33344 481 227 0 0 238 81 0 0 0 0 265 181 209 28 0 0 0 0 0 0 92 92 0 948 948 0 6 6 117976 1888 0 96251 0 0 0 0 0 0 0 0 0 0 0 0 0 0 0 4 91 0 0 938 684 1010 805 719 458 230 102 37 20 1487
20150604 13:06:00 2 0 2 0 0 0 0 96 4 6765 4018 0 832 0 0.14 0.13 0.14 8177412 1745368 6432044 0 295476 740568 168472 452880 2837284 8386556 0 8386556 0 0 1120 0 0 567484 0 826 53 0 0 0 0 36336 481 227 0 0 238 121 0 0 0 0 222 211 54 70 0 0 0 0 0 0 117 117 0 826 826 0 49 49 119348 1888 0 96936 0 0 0 0 0 0 0 0 0 0 0 0 0 0 0 7 107 0 0 633 505 1064 708 710 458 234 102 37 20 1487
20150604 13:06:10 3 0 2 0 0 0 0 94 5 6800 5072 6 832 0 0.12 0.12 0.14 8177412 1757868 6419544 0 295480 741808 174340 453004 2837284 8386556 0 8386556 0 0 1672 0 0 568680 0 834 2144 0 0 0 0 41996 481 227 0 0 238 81 0 0 0 0 239 220 65 77 0 0 0 0 0 0 145 145 0 834 834 0 39 39 121168 1856 0 97846 0 0 0 0 0 0 0 0 0 0 0 0 0 0 0 8 118 0 0 616 385 781 575 696 448 232 102 37 20 1487
20150604 13:06:20 2 0 2 0 0 0 0 96 4 6732 3779 0 832 0 0.10 0.12 0.14 8177412 1745712 6431700 0 295480 728432 172652 447764 2837284 8386556 0 8386556 0 0 1244 0 0 555648 0 1797 80 1 0 0 0 40056 481 227 0 0 238 79 0 0 0 0 211 207 52 64 0 0 0 0 0 0 141 141 0 1797 1797 0 157 157 122536 1856 0 98524 0 0 0 0 0 0 0 0 0 0 0 0 0 0 0 8 104 0 0 1761 706 686 693 715 450 235 103 37 20 1487
20150604 13:06:30 2 0 2 0 0 0 0 96 4 6885 3734 0 832 0 0.16 0.13 0.14 8177412 1747820 6429592 0 295480 729264 171892 447528 2837284 8386556 0 8386556 0 0 1276 0 0 556464 0 1468 57 0 0 0 0 38596 481 227 0 0 238 99 0 0 0 0 214 202 51 62 0 0 0 0 0 0 131 131 0 1468 1468 0 125 125 123844 1856 0 99174 0 0 0 0 0 0 0 0 0 0 0 0 0 0 0 7 102 0 0 1501 676 580 736 715 449 234 103 37 20 1487
20150604 13:06:40 3 0 2 0 0 0 0 95 5 6973 4759 0 833 0 0.22 0.14 0.14 8177412 1757260 6420152 0 295480 730736 177204 447420 2837284 8386556 0 8386556 0 0 1240 0 0 557956 0 1432 58 0 0 0 0 42788 481 227 0 0 238 101 0 0 0 0 241 226 62 75 0 0 0 0 0 0 163 163 0 1373 1373 0 100 100 125548 1856 0 100025 0 0 0 0 0 0 0 0 0 0 0 0 0 0 0 9 114 0 0 1319 644 347 581 716 450 234 103 37 20 1487
20150604 13:06:50 7 0 5 0 0 0 0 87 13 11577 13274 0 833 0 0.18 0.14 0.14 8177412 1767612 6409800 0 295480 735464 178904 447876 2837284 8386556 0 8386556 0 0 6936 0 0 562472 0 2990 159 0 0 0 0 43396 481 227 0 0 238 101 0 0 0 0 706 658 572 178 0 0 0 0 0 0 434 434 0 3050 3050 0 75 75 127272 1856 0 100886 0 0 0 0 0 0 0 0 0 0 0 0 0 0 0 12 290 0 0 429 287 292 463 724 450 234 103 37 20 1487
20150604 13:07:00 7 0 6 1 0 0 0 86 13 12560 14337 0 833 0 0.16 0.14 0.14 8177412 1774996 6402416 0 295480 740584 177636 447508 2837284 8386556 0 8386556 0 0 9376 0 0 567296 0 4327 191 1 0 0 0 41064 481 227 0 0 238 101 0 0 0 0 710 682 575 181 0 0 0 0 0 0 515 515 0 4327 4327 0 175 175 129006 1856 0 101754 0 0 0 0 0 0 0 0 0 0 0 0 0 0 0 8 296 0 0 444 164 160 355 712 450 234 103 37 20 1487
20150604 13:07:10 3 0 2 0 0 0 0 94 5 7424 4903 6 833 0 0.13 0.13 0.14 8177412 1773028 6404384 0 295480 728684 180092 448076 2837284 8386556 0 8386556 0 0 1508 0 0 556196 0 2306 2161 1 0 0 0 42388 481 227 0 0 238 81 0 0 0 0 241 220 63 76 0 0 0 0 0 0 179 179 0 2306 2306 0 89 89 130736 1888 0 102624 0 0 0 0 0 0 0 0 0 0 0 0 0 0 0 7 118 0 0 1615 624 228 215 685 447 231 103 37 20 1487
20150604 13:07:20 2 0 2 0 0 0 0 96 4 7140 4172 0 833 0 0.11 0.13 0.14 8177412 1776728 6400684 0 295480 729836 181604 446680 2837284 8386556 0 8386556 0 0 1716 0 0 557312 0 1213 54 0 0 0 0 42972 481 227 0 0 238 101 0 0 0 0 236 230 58 71 0 0 0 0 0 0 139 139 0 1213 1213 0 80 80 132234 1888 0 103372 0 0 0 0 0 0 0 0 0 0 0 0 0 0 0 7 120 0 0 1625 641 188 134 673 447 231 103 37 20 1487
20150604 13:07:30 7 0 5 1 0 0 0 87 13 11999 13602 0 833 0 0.09 0.12 0.13 8177412 1779024 6398388 0 295480 728704 182532 443948 2837284 8386556 0 8386556 0 0 3468 0 0 555768 0 4290 241 2 0 0 0 42932 481 227 0 0 238 81 0 0 0 0 705 640 566 170 0 0 0 0 0 0 484 484 0 4290 4290 0 199 199 133919 1888 0 104211 0 0 0 0 0 0 0 0 0 0 0 0 0 0 0 9 297 0 0 916 644 251 130 667 450 231 103 37 20 1487
20150604 13:07:40 5 0 3 1 0 0 0 91 8 10078 9007 0 833 0 0.08 0.12 0.13 8177412 1788668 6388744 0 295480 731648 185536 444548 2837284 8386556 0 8386556 0 0 4984 0 0 558784 0 2466 109 0 0 0 0 45020 481 227 0 0 238 81 0 0 0 0 630 461 529 120 0 0 0 0 0 0 305 305 0 2466 2466 0 46 46 135269 1888 0 104881 0 0 0 0 0 0 0 0 0 0 0 0 0 0 0 8 225 0 0 1038 332 169 95 580 450 231 103 37 20 1487
20150604 13:07:50 2 0 2 0 0 0 0 96 4 7217 4244 0 833 0 0.07 0.11 0.13 8177412 1794376 6383036 0 295480 732992 187396 443508 2837284 8386556 0 8386556 0 0 1320 0 0 560080 0 1907 54 0 0 0 0 45992 481 227 0 0 238 101 0 0 0 0 221 211 55 69 0 0 0 0 0 0 146 146 0 1907 1907 0 145 145 136721 1888 0 105607 0 0 0 0 0 0 0 0 0 0 0 0 0 0 0 8 110 0 0 853 327 165 91 506 450 231 103 37 20 1487
20150604 13:08:00 7 0 6 1 0 0 0 86 13 12404 14032 0 833 0 0.06 0.11 0.13 8177412 1801564 6375848 0 295480 737600 186920 444212 2837284 8386556 0 8386556 0 0 4292 0 0 564308 0 4119 188 1 0 0 0 44476 480 226 0 1 237 97 0 0 0 0 702 679 573 180 0 0 0 0 0 0 483 483 0 4119 4119 0 148 148 138383 1888 0 106438 0 0 0 0 0 0 0 0 0 0 0 0 0 0 0 8 298 0 0 567 113 86 85 463 450 231 103 37 20 1487
20150604 13:08:10 2 0 2 0 0 0 0 95 5 7739 4436 6 833 0 0.05 0.11 0.13 8177412 1812096 6365316 0 295484 738392 190896 444280 2837284 8386556 0 8386556 0 0 1440 0 0 565152 0 1603 2132 0 0 0 0 47444 480 226 0 1 237 81 0 0 0 0 236 225 59 71 0 0 0 0 0 0 155 155 0 1603 1603 0 97 97 139973 1824 0 107236 0 0 0 0 0 0 0 0 0 0 0 0 0 0 0 7 116 0 0 708 191 46 41 316 446 231 103 37 20 1487
20150604 13:08:20 7 0 5 1 0 0 0 87 12 11916 13356 0 833 0 0.04 0.10 0.13 8177412 1816304 6361108 0 295484 739068 192272 443176 2837284 8386556 0 8386556 0 0 3000 0 0 565436 0 3687 310 2 0 0 0 47692 480 226 0 1 237 101 0 0 0 0 727 686 572 176 0 0 0 0 0 0 394 394 0 3687 3687 0 79 79 141582 1824 0 108037 0 0 0 0 0 0 0 0 0 0 0 0 0 0 0 13 313 0 0 758 410 143 90 171 446 231 103 37 20 1487
20150604 13:08:30 2 0 2 1 0 0 0 96 3 6416 3605 0 833 0 0.04 0.10 0.13 8177412 1812012 6365400 0 295484 735124 189156 443204 2837284 8386556 0 8386556 0 0 1080 0 0 561552 0 2355 77 1 0 0 0 43832 480 226 0 1 237 101 0 0 0 0 190 188 47 58 0 0 0 0 0 0 180 180 0 2355 2355 0 200 200 142792 1824 0 108642 0 0 0 0 0 0 0 0 0 0 0 0 0 0 0 6 95 0 0 1222 428 176 45 223 446 231 103 37 20 1487
20150604 13:08:40 2 0 1 0 0 0 0 97 3 6383 2972 0 833 0 0.03 0.10 0.13 8177412 1818084 6359328 0 295488 735956 192768 442820 2837284 8386556 0 8386556 0 0 1208 0 0 562360 0 628 48 0 0 0 0 46692 480 226 0 1 237 81 0 0 0 0 187 176 43 53 0 0 0 0 0 0 90 90 0 628 628 0 30 30 143880 1824 0 109185 0 0 0 0 0 0 0 0 0 0 0 0 0 0 0 7 92 0 0 1098 437 185 42 134 446 231 103 37 20 1487
20150604 13:08:50 2 0 2 1 0 0 0 95 4 7461 4260 0 833 0 0.03 0.10 0.13 8177412 1823552 6353860 0 295488 737172 195020 442696 2837284 8386556 0 8386556 0 0 1168 0 0 563540 0 1498 58 0 0 0 0 47964 479 225 0 2 236 95 0 0 0 0 253 238 61 73 0 0 0 0 0 0 172 172 0 1498 1498 0 116 116 145468 1824 0 109978 0 0 0 0 0 0 0 0 0 0 0 0 0 0 0 13 135 0 0 921 454 193 47 93 426 231 103 37 20 1487
20150604 13:09:00 6 0 5 0 0 0 0 87 12 11578 13430 0 833 0 0.02 0.09 0.13 8177412 1824468 6352944 0 295488 732736 193556 443040 2837284 8386556 0 8386556 0 0 4792 0 0 559460 0 4149 175 1 0 0 0 45184 479 225 0 1 236 81 0 0 0 0 710 608 566 167 0 0 0 0 0 0 533 533 0 4149 4149 0 157 157 147554 1824 0 111020 0 0 0 0 0 0 0 0 0 0 0 0 0 0 0 8 290 0 0 1396 470 193 55 83 406 231 103 37 20 1487
20150604 13:09:10 2 0 2 1 0 0 0 95 4 7148 3512 7 833 0 0.02 0.09 0.13 8177412 1831076 6346336 0 295488 733976 196080 443000 2837284 8386556 0 8386556 0 0 900 0 0 560680 0 1726 2494 0 0 0 0 46840 479 225 0 1 236 81 0 0 0 0 203 195 50 61 0 0 0 0 0 0 124 124 0 1726 1726 0 118 118 148882 1888 0 111684 0 0 0 0 0 0 0 0 0 0 0 0 0 0 0 10 100 0 0 1295 532 182 53 76 360 231 103 37 20 1487
20150604 13:09:20 3 0 2 0 0 0 0 94 5 7346 5251 0 833 0 0.02 0.09 0.12 8177412 1842808 6334604 0 295488 735128 203484 443060 2837284 8386556 0 8386556 0 0 1656 0 0 561832 0 1150 64 0 0 0 0 53008 479 225 0 1 236 81 0 0 0 0 252 231 70 83 0 0 0 0 0 0 171 171 0 1150 1150 0 82 82 150872 1888 0 112679 0 0 0 0 0 0 0 0 0 0 0 0 0 0 0 6 122 0 0 1181 529 179 43 60 282 231 103 37 20 1487
20150604 13:09:30 2 0 2 0 0 0 0 96 4 7459 4054 0 833 0 0.01 0.08 0.12 8177412 1836608 6340804 0 295488 731928 197612 443452 2837284 8386556 0 8386556 0 0 944 0 0 559008 0 2463 51 0 0 0 0 46328 479 225 0 1 236 81 0 0 0 0 222 213 52 63 0 0 0 0 0 0 211 211 0 2463 2463 0 197 197 152170 1888 0 113327 0 0 0 0 0 0 0 0 0 0 0 0 0 0 0 7 115 0 0 1555 615 186 47 89 297 231 103 37 20 1487
20150604 13:09:40 3 0 2 0 0 0 0 95 5 7145 4160 0 833 0 0.01 0.08 0.12 8177412 1835764 6341648 0 295488 721188 202596 442852 2837284 8386556 0 8386556 0 0 940 0 0 548516 0 1308 220 1 0 0 0 50400 479 225 0 0 236 83 0 0 0 0 230 214 60 72 0 0 0 0 0 0 123 123 0 1308 1308 0 50 50 153799 1888 0 114135 0 0 0 0 0 0 0 0 0 0 0 0 0 0 0 9 103 0 0 1958 947 350 124 70 240 231 103 37 20 1487
20150604 13:09:50 3 0 2 1 0 0 0 94 6 7440 5421 0 833 0 0.09 0.09 0.13 8177412 1842296 6335116 0 295488 722660 205416 442824 2837284 8386556 0 8386556 0 0 1096 0 0 549940 0 1889 65 0 0 0 0 51856 479 225 0 0 236 81 0 0 0 0 277 255 74 86 0 0 0 0 0 0 214 214 0 1889 1889 0 163 163 155877 1888 0 115173 0 0 0 0 0 0 0 0 0 0 0 0 0 0 0 8 141 0 0 1899 964 350 99 54 204 231 103 37 20 1487
20150604 13:10:00 8 0 6 1 0 0 0 85 14 14081 16547 0 833 0 0.08 0.09 0.13 8177412 1852500 6324912 0 295488 731644 202900 442704 2837284 8386556 0 8386556 0 0 7728 0 0 559004 0 4717 176 1 0 0 0 48364 479 225 0 0 236 202 0 0 0 0 1014 778 968 193 0 0 0 0 0 0 636 636 0 4717 4717 0 140 140 157427 1888 0 115949 0 0 0 0 0 0 0 0 0 0 0 0 0 0 0 10 345 0 0 609 386 344 156 59 184 231 103 37 20 1487
20150604 13:10:10 3 0 2 1 0 0 0 94 6 7711 5236 6 833 0 0.43 0.17 0.15 8177412 1865700 6311712 0 295492 733952 208272 443296 2837284 8386556 0 8386556 0 0 3052 0 0 561076 0 2081 2142 0 0 0 0 52572 479 225 0 0 236 81 0 0 0 0 292 249 112 82 0 0 0 0 0 0 192 192 0 2081 2081 0 121 121 159261 1856 0 116865 0 0 0 0 0 0 0 0 0 0 0 0 0 0 0 10 129 0 0 732 294 204 110 52 116 231 103 37 20 1487
20150604 13:10:20 2 0 2 0 0 0 0 96 4 7200 3790 0 833 0 0.37 0.16 0.15 8177412 1861732 6315680 0 295492 725992 209232 443436 2838308 8386556 0 8386556 0 0 992 0 0 553508 0 1621 103 1 0 0 0 52696 479 225 0 0 236 81 0 0 0 0 212 201 55 67 0 0 0 0 0 0 133 133 0 1621 1621 0 77 77 160743 1856 0 117604 0 0 0 0 0 0 0 0 0 0 0 0 0 0 0 5 97 0 0 1644 454 184 180 103 100 215 103 37 20 1487
20150604 13:10:30 6 0 4 1 0 0 0 89 10 10846 11160 0 833 0 0.39 0.18 0.15 8177412 1870040 6307372 0 295492 729712 210228 443844 2838308 8386556 0 8386556 0 0 3480 0 0 556888 0 3719 168 1 0 0 0 52684 479 225 0 0 236 81 0 0 0 0 668 534 549 146 0 0 0 0 0 0 417 417 0 3719 3719 0 170 170 162351 1856 0 118409 0 0 0 0 0 0 0 0 0 0 0 0 0 0 0 8 242 0 0 681 435 173 141 80 91 214 103 37 20 1487
20150604 13:10:40 6 0 5 0 0 0 0 89 11 10400 11689 0 833 0 0.33 0.17 0.15 8177412 1882204 6295208 0 295496 733128 211792 449516 2843428 8386556 0 8386556 0 0 3500 0 0 559812 0 3170 297 1 0 0 0 53508 479 225 0 0 236 182 0 0 0 0 620 583 503 150 0 0 0 0 0 0 387 387 0 3169 3169 0 52 52 163527 1856 0 118998 0 0 0 0 0 0 0 0 0 0 0 0 0 0 0 7 260 0 0 903 165 63 44 68 71 202 103 37 20 1487
20150604 13:10:50 3 0 2 0 0 0 0 94 5 7133 5477 0 829 0 0.28 0.16 0.15 8177412 1887032 6290380 0 295496 730888 214540 448416 2841372 8386556 0 8386556 0 0 1052 0 0 558132 0 2064 65 0 0 0 0 55116 477 223 0 2 234 82 0 0 0 0 297 260 116 82 0 0 0 0 0 0 198 198 0 2065 2065 0 146 146 165319 1856 0 119892 0 0 0 0 0 0 0 0 0 0 0 0 0 0 0 11 145 0 0 1005 303 122 35 59 64 182 103 37 20 1487
20150604 13:11:00 2 0 2 0 0 0 0 95 4 7311 4550 0 829 0 0.32 0.17 0.15 8177412 1891372 6286040 0 295496 732176 215228 449548 2841372 8386556 0 8386556 0 0 1376 0 0 559332 0 1913 57 0 0 0 0 54756 477 223 0 2 234 81 0 0 0 0 247 235 62 74 0 0 0 0 0 0 207 207 0 1913 1913 0 142 142 166957 1856 0 120711 0 0 0 0 0 0 0 0 0 0 0 0 0 0 0 8 124 0 0 808 309 127 35 53 58 172 103 37 20 1487
20150604 13:11:10 3 0 2 1 0 0 0 94 5 7139 4398 6 829 0 0.34 0.19 0.16 8177412 1894096 6283316 0 295496 728324 214608 451272 2842396 8386556 0 8386556 0 0 572 0 0 555524 0 1929 2197 1 0 0 0 53180 477 223 0 2 234 81 0 0 0 0 217 200 55 67 0 0 0 0 0 0 169 169 0 1929 1929 0 122 122 168443 1888 0 121453 0 0 0 0 0 0 0 0 0 0 0 0 0 0 0 7 105 0 0 1539 387 127 111 89 52 132 103 37 20 1487
20150604 13:11:20 2 0 2 0 0 0 0 96 4 6852 4254 0 829 0 0.29 0.18 0.15 8177412 1901276 6276136 0 295496 730136 219116 449864 2842396 8386556 0 8386556 0 0 1788 0 0 557220 0 926 58 0 0 0 0 56812 477 223 0 2 234 86 0 0 0 0 257 219 112 68 0 0 0 0 0 0 125 125 0 926 926 0 76 76 169819 1888 0 122142 0 0 0 0 0 0 0 0 0 0 0 0 0 0 0 7 111 0 0 1307 386 125 42 68 46 124 103 37 20 1487
20150604 13:11:30 4 0 3 1 0 0 0 91 8 9723 8941 0 829 0 0.55 0.24 0.17 8177412 1910024 6267388 0 295496 736324 217660 451744 2842396 8386556 0 8386556 0 0 828 0 0 563256 0 3594 123 0 0 0 0 54364 477 223 0 2 234 121 0 0 0 0 561 405 464 112 0 0 0 0 0 0 373 373 0 3594 3594 0 167 167 171359 1888 0 122912 0 0 0 0 0 0 0 0 0 0 0 0 0 0 0 11 199 0 0 609 113 21 39 59 42 121 103 37 20 1487
20150604 13:11:40 2 0 2 0 0 0 0 96 4 6895 4262 0 826 0 0.46 0.23 0.17 8177412 1917968 6259444 0 295500 737476 222264 451944 2840340 8386556 0 8386556 0 0 1168 0 0 564420 0 942 54 0 0 0 0 58020 476 222 0 3 233 81 0 0 0 0 217 206 54 66 0 0 0 0 0 0 139 139 0 942 942 0 60 60 172800 1888 0 123628 0 0 0 0 0 0 0 0 0 0 0 0 0 0 0 8 110 0 0 609 76 12 29 57 37 96 103 37 20 1487
20150604 13:11:50 2 0 2 0 0 0 0 95 5 7766 4706 0 826 0 0.39 0.22 0.17 8177412 1923704 6253708 0 295500 738628 223544 451992 2840340 8386556 0 8386556 0 0 1020 0 0 565564 0 1763 65 0 0 0 0 58228 476 222 0 1 233 81 0 0 0 0 258 237 66 78 0 0 0 0 0 0 171 171 0 1763 1763 0 138 138 174570 1888 0 124513 0 0 0 0 0 0 0 0 0 0 0 0 0 0 0 9 125 0 0 628 83 20 29 79 34 69 103 37 20 1487
20150604 13:12:00 2 0 2 0 0 0 0 95 4 7214 4839 0 826 0 0.33 0.22 0.17 8177412 1922920 6254492 0 295500 731332 224036 452272 2840340 8386556 0 8386556 0 0 1308 0 0 558788 0 1872 63 0 0 0 0 57712 476 222 0 1 233 121 0 0 0 0 230 216 58 70 0 0 0 0 0 0 217 217 0 1872 1872 0 142 142 176118 1888 0 125284 0 0 0 0 0 0 0 0 0 0 0 0 0 0 0 7 120 0 0 1429 357 18 26 61 31 59 102 37 20 1487
20150604 13:12:10 3 0 2 1 0 0 0 94 5 8073 4916 7 827 0 0.28 0.21 0.17 8177412 1926808 6250604 0 295500 728024 224708 454440 2842388 8386556 0 8386556 0 0 960 0 0 555468 0 1934 2232 1 0 0 0 57228 476 222 0 1 233 121 0 0 0 0 246 235 65 78 0 0 0 0 0 0 169 169 0 1934 1934 0 120 120 177904 1856 0 126176 0 0 0 0 0 0 0 0 0 0 0 0 0 0 0 9 120 0 0 1505 505 58 54 79 20 55 91 37 20 1487
20150604 13:12:20 8 0 6 1 0 0 0 85 14 13264 15574 0 827 0 0.24 0.20 0.16 8177412 1949676 6227736 0 295500 740232 228048 458972 2846520 8386556 0 8386556 0 0 6260 0 0 567200 0 3758 296 1 0 0 0 59460 476 222 0 1 233 89 0 0 0 0 917 742 829 196 0 0 0 0 0 0 494 494 0 3758 3758 0 77 77 179616 1856 0 127034 0 0 0 0 0 0 0 0 0 0 0 0 0 0 0 7 327 0 0 659 64 1 22 38 12 46 83 35 19 1487
20150604 13:12:30 2 0 2 1 0 0 0 95 4 7595 4786 0 826 0 0.42 0.25 0.18 8177412 1944756 6232656 0 295500 734832 226012 458748 2847544 8386556 0 8386556 0 0 636 0 0 561984 0 3399 90 1 0 0 0 56516 476 222 0 1 233 81 0 0 0 0 354 259 245 69 0 0 0 0 0 0 254 254 0 3399 3399 0 208 208 180836 1856 0 127638 0 0 0 0 0 0 0 0 0 0 0 0 0 0 0 7 130 0 0 1374 538 57 32 42 18 45 82 34 18 1487
20150604 13:12:40 2 0 2 0 0 0 0 95 4 7204 4602 0 827 0 0.36 0.24 0.18 8177412 1945948 6231464 0 295504 727204 230340 459452 2848568 8386556 0 8386556 0 0 1020 0 0 554640 0 1109 100 1 0 0 0 59844 476 222 0 0 233 102 0 0 0 0 250 227 62 74 0 0 0 0 0 0 136 136 0 1109 1109 0 50 50 182480 1856 0 128454 0 0 0 0 0 0 0 0 0 0 0 0 0 0 0 11 121 0 0 1548 729 161 67 43 15 30 78 34 18 1487
20150604 13:12:50 6 0 5 1 0 0 0 88 11 10661 12022 0 827 0 0.30 0.23 0.17 8177412 1958368 6219044 0 295504 731532 229648 465960 2854744 8386556 0 8386556 0 0 2996 0 0 558676 0 3896 337 1 0 0 0 58136 476 222 0 0 233 81 0 0 0 0 666 612 560 163 0 0 0 0 0 0 410 410 0 3896 3896 0 143 143 184012 1824 0 129220 0 0 0 0 0 0 0 0 0 0 0 0 0 0 0 8 269 0 0 692 152 81 138 61 25 26 65 34 18 1487
20150604 13:13:00 7 0 5 1 0 0 0 87 13 11919 14754 0 827 3 0.26 0.22 0.17 8177412 1975168 6202244 0 295504 743196 231952 466460 2854744 8386556 0 8386556 0 0 5940 0 0 569644 0 4125 164 0 0 0 0 59436 476 222 0 0 233 85 0 0 0 0 924 676 842 174 0 0 0 0 0 0 464 464 0 4123 4123 0 105 105 185670 1824 0 130051 0 0 0 0 0 0 0 0 0 0 0 0 0 0 0 10 295 0 0 661 68 2 48 18 15 13 55 34 18 1487
20150604 13:13:10 3 0 3 1 0 0 0 93 6 7627 5430 6 827 0 0.29 0.23 0.18 8177412 1986968 6190444 0 295508 745900 235188 467732 2854740 8386556 0 8386556 0 0 2372 0 0 572588 0 2341 2165 0 0 0 0 61560 476 222 0 0 233 81 0 0 0 0 345 252 222 77 0 0 0 0 0 0 213 213 0 2343 2343 0 132 132 187218 1856 0 130836 0 0 0 0 0 0 0 0 0 0 0 0 0 0 0 7 128 0 0 779 166 37 86 30 7 18 41 36 17 1485
20150604 13:13:20 2 0 2 0 0 0 0 96 4 7271 4008 0 827 0 0.25 0.22 0.17 8177412 1991268 6186144 0 295508 743084 238144 467824 2856792 8386556 0 8386556 0 0 1068 0 0 570032 0 1306 83 0 0 0 0 63472 476 222 0 0 233 117 0 0 0 0 236 221 60 70 0 0 0 0 0 0 127 127 0 1306 1306 0 83 83 188832 1856 0 131642 0 0 0 0 0 0 0 0 0 0 0 0 0 0 0 10 109 0 0 1040 242 35 25 32 9 17 35 35 17 1485
20150604 13:13:30 5 0 4 1 0 0 0 90 9 11110 10290 0 827 0 0.43 0.26 0.19 8177412 1994716 6182696 0 295508 742312 237296 469672 2857816 8386556 0 8386556 0 0 3780 0 0 569036 0 4050 313 2 0 0 0 61352 476 222 0 0 233 101 0 0 0 0 638 470 535 131 0 0 0 0 0 0 408 408 0 4050 4050 0 188 188 190807 1856 0 132625 0 0 0 0 0 0 0 0 0 0 0 0 0 0 0 8 231 0 0 1038 310 84 84 31 14 11 30 32 17 1485
20150604 13:13:40 4 0 3 0 0 0 0 93 7 8696 7517 0 827 0 0.37 0.26 0.19 8177412 2006324 6171088 0 295508 747176 239200 471848 2860888 8386556 0 8386556 0 0 3912 0 0 573524 0 2187 168 0 0 0 0 62532 476 222 0 0 233 87 0 0 0 0 491 399 352 102 0 0 0 0 0 0 239 239 0 2187 2187 0 81 81 191977 1856 0 133210 0 0 0 0 0 0 0 0 0 0 0 0 0 0 0 8 194 0 0 660 70 56 109 39 13 8 29 28 17 1484
20150604 13:13:50 3 0 2 1 0 0 0 93 5 7710 5652 0 827 0 0.39 0.26 0.19 8177412 2016588 6160824 0 295508 750376 240488 474508 2863064 8386556 0 8386556 0 0 624 0 0 576828 0 2597 117 0 0 0 0 62644 476 222 0 0 233 81 0 0 0 0 354 258 227 79 0 0 0 0 0 0 199 199 0 2354 2354 0 154 154 193599 1856 0 134021 0 0 0 0 0 0 0 0 0 0 0 0 0 0 0 7 136 0 0 688 69 5 138 51 18 6 20 26 17 1483
20150604 13:14:00 7 0 5 1 0 0 0 87 12 11526 12767 0 827 0 0.40 0.27 0.19 8177412 2022516 6154896 0 295508 750980 240728 474972 2864088 8386556 0 8386556 0 0 4100 0 0 577076 0 3646 370 2 0 0 0 61780 476 222 0 0 233 82 0 0 0 0 650 591 554 157 0 0 0 0 0 0 476 476 0 3888 3888 0 89 89 195216 1856 0 134826 0 0 0 0 0 0 0 0 0 0 0 0 0 0 0 6 249 0 0 660 134 19 59 24 19 8 20 25 16 1483
20150604 13:14:10 3 0 3 1 0 0 0 94 6 7439 5009 6 827 0 0.34 0.26 0.19 8177412 2036184 6141228 0 295508 752412 247860 475400 2864088 8386556 0 8386556 0 0 4668 0 0 578536 0 1144 2139 0 0 0 0 67852 476 222 0 0 233 81 0 0 0 0 259 236 65 78 0 0 0 0 0 0 159 159 0 1144 1144 0 78 78 196962 1888 0 135699 0 0 0 0 0 0 0 0 0 0 0 0 0 0 0 10 141 0 0 707 170 47 67 16 9 5 18 24 13 1482
20150604 13:14:20 2 0 2 1 0 0 0 94 4 7686 4264 0 827 0 0.29 0.25 0.19 8177412 2032300 6145112 0 295508 745116 246496 476944 2865112 8386556 0 8386556 0 0 776 0 0 571808 0 2270 93 0 0 0 0 65412 476 222 0 0 233 82 0 0 0 0 227 218 58 70 0 0 0 0 0 0 179 179 0 2270 2270 0 166 166 198514 1888 0 136473 0 0 0 0 0 0 0 0 0 0 0 0 0 0 0 6 115 0 0 988 353 70 86 47 14 8 18 21 13 1482
20150604 13:14:30 2 0 2 1 0 0 0 95 5 8107 4354 0 827 0 0.24 0.25 0.19 8177412 2031952 6145460 0 295508 738112 248488 477836 2867160 8386556 0 8386556 0 0 1160 0 0 564816 0 1928 289 1 0 0 0 66468 476 222 0 0 233 101 0 0 0 0 233 216 57 68 0 0 0 0 0 0 204 204 0 1928 1928 0 115 115 200015 1888 0 137219 0 0 0 0 0 0 0 0 0 0 0 0 0 0 0 11 113 0 0 1163 293 186 100 57 14 9 16 21 14 1481
20150604 13:14:40 2 0 2 1 0 0 0 95 4 7556 4371 0 827 0 0.20 0.24 0.18 8177412 2041744 6135668 0 295508 739328 252012 480620 2869208 8386556 0 8386556 0 0 896 0 0 565924 0 1690 108 0 0 0 0 68972 476 222 0 0 233 81 0 0 0 0 237 222 61 73 0 0 0 0 0 0 173 173 0 1599 1599 0 125 125 201667 1888 0 138043 0 0 0 0 0 0 0 0 0 0 0 0 0 0 0 6 116 0 0 950 156 168 168 61 10 6 15 21 14 1479
20150604 13:14:50 7 0 5 1 0 1 0 86 13 11843 13671 0 827 0 0.17 0.23 0.18 8177412 2059784 6117628 0 295508 744192 255968 484036 2873304 8386556 0 8386556 0 0 1364 0 0 570940 0 3525 255 1 0 0 0 71612 476 222 0 0 233 81 0 0 0 0 712 623 570 172 0 0 0 0 0 0 456 456 0 3530 3530 0 87 87 203717 1888 0 139068 0 0 0 0 0 0 0 0 0 0 0 0 0 0 0 13 293 0 0 661 67 6 105 38 11 8 12 16 14 1478
20150604 13:15:00 6 0 5 1 0 0 0 87 11 11737 12185 0 827 0 0.15 0.22 0.18 8177412 2060932 6116480 0 295508 740256 252080 490368 2877400 8386556 0 8386556 0 0 5292 0 0 567116 0 4054 302 1 0 0 0 66876 476 222 0 0 233 121 0 0 0 0 683 645 562 164 0 0 0 0 0 0 474 474 0 4140 4140 0 170 170 205083 1856 0 139750 0 0 0 0 0 0 0 0 0 0 0 0 0 0 0 7 280 0 0 666 69 15 56 54 23 11 8 15 14 1478
20150604 13:15:10 3 0 2 1 0 0 0 94 5 7082 4470 7 827 0 0.20 0.23 0.18 8177412 2061200 6116212 0 295508 732108 255892 489040 2877400 8386556 0 8386556 0 0 5040 0 0 558924 0 1319 2285 2 0 0 0 69672 476 222 0 0 233 81 0 0 0 0 225 212 58 68 0 0 0 0 0 0 153 153 0 1319 1319 0 43 43 206665 1888 0 140541 0 0 0 0 0 0 0 0 0 0 0 0 0 0 0 8 113 0 0 1612 470 133 58 38 12 13 10 15 14 1476
20150604 13:15:20 2 0 1 1 0 0 0 95 3 7196 3393 0 827 0 0.24 0.24 0.19 8177412 2064892 6112520 0 295508 732940 257572 489480 2877400 8386556 0 8386556 0 0 1068 0 0 559756 0 1858 49 0 0 0 0 70608 476 222 0 0 233 101 0 0 0 0 196 184 46 55 0 0 0 0 0 0 148 148 0 1858 1858 0 128 128 207851 1856 0 141134 0 0 0 0 0 0 0 0 0 0 0 0 0 0 0 9 91 0 0 1586 504 144 62 39 10 13 10 17 15 1474
20150604 13:15:30 2 0 2 2 0 0 0 94 4 7808 4041 0 827 0 0.20 0.23 0.19 8177412 2065628 6111784 0 295508 730060 257416 489828 2877400 8386556 0 8386556 0 0 1732 0 0 557124 0 2160 56 0 0 0 0 69448 476 222 0 0 233 81 0 0 0 0 230 214 59 71 0 0 0 0 0 0 222 222 0 2160 2160 0 170 170 209457 1856 0 141936 0 0 0 0 0 0 0 0 0 0 0 0 0 0 0 6 112 0 0 1428 669 181 85 42 11 15 7 15 15 1474
20150604 13:15:40 1 0 1 1 0 0 0 96 3 7010 3287 0 827 0 0.17 0.22 0.18 8177412 2067904 6109508 0 295512 730700 258020 488980 2877400 8386556 0 8386556 0 0 1080 0 0 557816 0 1162 46 0 0 0 0 69412 476 222 0 0 233 81 0 0 0 0 200 188 43 50 0 0 0 0 0 0 138 138 0 1162 1162 0 65 65 210459 1856 0 142436 0 0 0 0 0 0 0 0 0 0 0 0 0 0 0 8 105 0 0 1391 667 183 84 41 11 15 9 16 13 1474
20150604 13:15:50 2 0 2 1 0 0 0 96 4 6293 3538 0 827 0 0.15 0.22 0.18 8177412 2071388 6106024 0 295512 727628 261020 489844 2877400 8386556 0 8386556 0 0 1304 0 0 554928 0 1003 50 0 0 0 0 71596 476 222 0 0 233 81 0 0 0 0 205 190 49 59 0 0 0 0 0 0 124 124 0 1003 1003 0 60 60 211699 1856 0 143054 0 0 0 0 0 0 0 0 0 0 0 0 0 0 0 10 100 0 0 1352 803 201 111 44 16 18 7 14 15 1472
20150604 13:16:00 7 0 6 3 0 0 0 85 12 11792 13447 0 827 0 0.12 0.21 0.18 8177412 2079248 6098164 0 295512 727424 260940 494100 2880472 8386556 0 8386556 0 0 3604 0 0 554764 0 4640 250 1 0 0 0 70476 476 222 0 0 233 102 0 0 0 0 670 594 562 163 0 0 0 0 0 0 548 548 0 4640 4640 0 217 217 213455 1856 0 143932 0 0 0 0 0 0 0 0 0 0 0 0 0 0 0 8 264 0 0 943 207 216 122 52 18 19 5 14 14 1472
20150604 13:16:10 6 0 5 1 0 0 0 87 12 11500 12101 6 827 0 0.10 0.20 0.18 8177412 2097680 6079732 0 295512 736160 263984 497144 2884696 8386556 0 8386556 0 0 7760 0 0 563152 0 2680 2307 0 0 0 0 72608 476 222 0 0 233 101 0 0 0 0 655 584 550 151 0 0 0 0 0 0 404 404 0 2680 2680 0 35 35 214787 1888 0 144599 0 0 0 0 0 0 0 0 0 0 0 0 0 0 0 9 272 0 0 659 65 4 105 27 19 11 6 17 14 1469
20150604 13:16:20 2 0 2 2 0 0 0 93 5 7825 4573 0 827 0 0.09 0.20 0.18 8177412 2098756 6078656 0 295512 732764 265140 496696 2884700 8386556 0 8386556 0 0 1336 0 0 559700 0 2566 88 1 0 0 0 72704 476 222 0 0 233 81 0 0 0 0 230 216 62 74 0 0 0 0 0 0 193 193 0 2566 2566 0 138 138 216495 1888 0 145453 0 0 0 0 0 0 0 0 0 0 0 0 0 0 0 10 113 0 0 1012 224 57 83 28 16 11 5 14 14 1469
20150604 13:16:30 1 0 1 2 0 0 0 96 3 7800 3238 0 827 0 0.08 0.19 0.17 8177412 2098364 6079048 0 295512 733020 263264 497324 2884700 8386556 0 8386556 0 0 1256 0 0 560020 0 1884 44 0 0 0 0 70204 476 222 0 0 233 76 0 0 0 0 176 176 38 45 0 0 0 0 0 0 186 186 0 1884 1884 0 165 165 217393 1888 0 145901 0 0 0 0 0 0 0 0 0 0 0 0 0 0 0 6 90 0 0 998 236 77 88 36 19 11 7 12 14 1469
20150604 13:16:40 1 0 1 1 0 0 0 96 3 6977 3076 0 827 0 0.14 0.20 0.18 8177412 2103572 6073840 0 295516 734044 265752 496688 2884700 8386556 0 8386556 0 0 780 0 0 560992 0 833 45 0 0 0 0 72132 476 222 0 0 233 81 0 0 0 0 176 168 39 48 0 0 0 0 0 0 118 118 0 833 833 0 41 41 218339 1888 0 146373 0 0 0 0 0 0 0 0 0 0 0 0 0 0 0 5 87 0 0 778 205 76 81 26 18 13 4 14 16 1467
20150604 13:16:50 8 0 6 1 0 1 0 84 14 11970 17153 0 827 0 0.12 0.19 0.18 8177412 2121420 6055992 0 295516 741760 270072 498388 2886876 8386556 0 8386556 0 0 5200 0 0 567816 0 4120 230 1 0 0 0 75136 476 222 0 0 233 110 0 0 0 0 911 720 846 194 0 0 0 0 0 0 451 451 0 4118 4118 0 73 73 220289 1856 0 147350 0 0 0 0 0 0 0 0 0 0 0 0 0 0 0 8 302 0 0 664 92 18 57 17 11 8 6 15 13 1465
20150604 13:17:00 2 0 2 4 0 0 0 91 4 8326 5110 0 827 0 0.18 0.20 0.18 8177412 2122836 6054576 0 295516 740300 268284 499104 2887900 8386556 0 8386556 0 0 5792 0 0 567148 0 2706 69 0 0 0 0 72552 476 222 0 0 233 102 0 0 0 0 333 246 226 69 0 0 0 0 0 0 271 271 0 2707 2707 0 214 214 221543 1856 0 147976 0 0 0 0 0 0 0 0 0 0 0 0 0 0 0 9 122 0 0 1011 218 27 11 24 19 4 3 14 13 1465
20150604 13:17:10 3 0 2 1 0 0 0 94 5 7723 4399 7 826 0 0.15 0.20 0.18 8177412 2129968 6047444 0 295516 737400 273576 499124 2887932 8386556 0 8386556 0 0 1224 0 0 564324 0 1412 2235 0 0 0 0 76820 476 222 0 0 233 83 0 0 0 0 254 242 60 69 0 0 0 0 0 0 145 145 0 1412 1412 0 37 37 223063 1856 0 148731 0 0 0 0 0 0 0 0 0 0 0 0 0 0 0 12 130 0 0 1093 328 96 52 12 10 3 6 12 13 1463
20150604 13:17:20 2 0 2 2 0 0 0 93 4 7393 4253 0 826 0 0.13 0.19 0.17 8177412 2134488 6042924 0 295516 738296 274884 498176 2887932 8386556 0 8386556 0 0 1016 0 0 565260 0 1777 57 0 0 0 0 77180 476 222 0 0 233 101 0 0 0 0 224 203 57 71 0 0 0 0 0 0 184 184 0 1777 1777 0 139 139 224581 1856 0 149489 0 0 0 0 0 0 0 0 0 0 0 0 0 0 0 10 113 0 0 937 349 108 49 13 9 3 6 12 13 1462
20150604 13:17:30 2 0 2 2 0 0 0 94 4 7898 4752 0 826 0 0.11 0.18 0.17 8177412 2139440 6037972 0 295516 739448 275144 499784 2888956 8386556 0 8386556 0 0 1448 0 0 566356 0 2143 94 0 0 0 0 76348 476 222 0 0 233 81 0 0 0 0 239 224 63 73 0 0 0 0 0 0 230 230 0 2143 2143 0 159 159 226293 1856 0 150345 0 0 0 0 0 0 0 0 0 0 0 0 0 0 0 7 124 0 0 687 265 120 48 27 17 4 7 12 14 1460
20150604 13:17:40 5 0 3 2 0 0 0 89 8 10372 9239 0 826 0 0.41 0.24 0.19 8177412 2148392 6029020 0 295516 742172 277108 502172 2889980 8386556 0 8386556 0 0 2492 0 0 568932 0 3195 157 1 0 0 0 77392 476 222 0 0 233 81 0 0 0 0 595 436 524 115 0 0 0 0 0 0 373 373 0 3195 3195 0 109 109 227771 1856 0 151084 0 0 0 0 0 0 0 0 0 0 0 0 0 0 0 6 202 0 0 659 68 17 47 32 21 5 6 12 15 1458
20150604 13:17:50 2 0 2 1 0 0 0 95 4 7671 4255 0 826 0 0.43 0.25 0.20 8177412 2156112 6021300 0 295516 743260 280632 500220 2889980 8386556 0 8386556 0 0 2860 0 0 569892 0 1195 56 0 0 0 0 79880 476 171 0 27 233 150 0 0 0 0 258 242 62 76 0 0 0 0 0 0 140 140 0 1195 1195 0 82 82 229359 1856 0 151878 0 0 0 0 0 0 0 0 0 0 0 0 0 0 0 15 130 0 0 659 67 4 6 17 12 3 7 12 13 1458
20150604 13:18:00 6 0 4 3 0 1 0 86 11 11168 11162 0 826 0 0.36 0.24 0.19 8177412 2156180 6021232 0 295516 738464 277536 502424 2892060 8386556 0 8386556 0 0 952 0 0 564900 0 5331 434 3 0 0 0 75600 476 171 0 27 233 129 0 0 0 0 646 495 542 137 0 0 0 0 0 0 508 508 0 5331 5331 0 224 224 231039 1856 0 152715 0 0 0 0 0 0 0 0 0 0 0 0 0 0 0 6 237 0 0 1382 341 67 124 62 16 3 5 10 14 1455
20150604 13:18:10 2 0 2 1 0 0 0 94 5 6275 4087 7 826 0 0.31 0.24 0.19 8177412 2160048 6017364 0 295520 735416 280392 502936 2892060 8386556 0 8386556 0 0 1696 0 0 562132 0 1019 2128 0 0 0 0 77580 476 171 0 27 233 130 0 0 0 0 226 208 55 66 0 0 0 0 0 0 147 147 0 1019 1019 0 52 52 232491 1888 0 153435 0 0 0 0 0 0 0 0 0 0 0 0 0 0 0 11 110 0 0 1729 548 107 98 41 16 8 4 8 14 1454
20150604 13:18:20 2 0 2 3 0 0 0 93 4 6570 4266 0 826 0 0.26 0.23 0.19 8177412 2159676 6017736 0 295520 732280 280856 502680 2892060 8386556 0 8386556 0 0 648 0 0 559300 0 2001 54 0 0 0 0 77128 476 171 0 27 233 130 0 0 0 0 220 196 55 66 0 0 0 0 0 0 184 184 0 2001 2001 0 151 151 233955 1888 0 154164 0 0 0 0 0 0 0 0 0 0 0 0 0 0 0 11 109 0 0 1866 590 205 143 58 18 9 6 6 14 1453
20150604 13:18:30 3 0 3 1 0 0 0 93 6 8680 7094 0 826 0 0.22 0.22 0.19 8177412 2167220 6010192 0 295520 737712 281284 503452 2893084 8386556 0 8386556 0 0 4012 0 0 564560 0 2404 102 0 0 0 0 76756 476 171 0 27 233 166 0 0 0 0 514 364 410 91 0 0 0 0 0 0 308 308 0 2402 2402 0 123 123 235145 1888 0 154759 0 0 0 0 0 0 0 0 0 0 0 0 0 0 0 8 182 0 0 789 504 216 96 49 18 8 5 6 14 1453
20150604 13:18:40 11 0 8 1 0 1 0 78 20 15562 21873 0 826 1 0.19 0.21 0.19 8177412 2199632 5977780 0 295520 755320 287532 508788 2897180 8386556 0 8386556 0 0 5116 0 0 581572 0 5627 367 1 0 0 0 81760 476 171 0 27 233 149 0 0 0 0 1185 1005 1162 264 0 0 0 0 0 0 719 719 0 5577 5577 0 29 29 236879 1888 0 155627 0 0 0 0 0 0 0 0 0 0 0 0 0 0 0 7 428 0 0 661 68 6 39 10 5 6 5 8 14 1448
20150604 13:18:50 7 0 5 3 0 0 0 85 12 11479 13526 0 826 0 1.04 0.40 0.25 8177412 2208716 5968696 0 295520 755672 288724 512024 2901436 8386556 0 8386556 0 0 6196 0 0 581944 0 3849 278 1 0 0 0 81836 476 171 0 0 233 129 0 0 0 0 679 645 565 169 0 0 0 0 0 0 508 508 0 3900 3900 0 140 140 238365 1888 0 156370 0 0 0 0 0 0 0 0 0 0 0 0 0 0 0 7 288 0 0 818 168 51 24 8 6 4 3 7 14 1446
20150604 13:19:00 3 0 2 3 0 0 0 93 4 7830 4015 1 826 1 0.88 0.39 0.25 8177412 2198744 5978668 0 295524 745084 286028 512012 2901436 8386556 0 8386556 0 0 6756 0 0 571560 0 2560 574 2 0 0 0 78444 476 171 0 0 233 134 0 0 0 0 243 203 111 58 0 0 0 0 0 0 231 231 0 2560 2560 0 174 174 239449 1888 0 156908 0 0 0 0 0 0 0 0 0 0 0 0 0 0 0 6 109 0 0 1043 344 180 125 57 12 6 5 8 14 1445
20150604 13:19:10 4 0 3 1 0 0 0 91 8 10034 7784 6 826 0 0.75 0.38 0.24 8177412 2206324 5971088 0 295532 746428 288868 512248 2901436 8386556 0 8386556 0 0 584 0 0 572692 0 2973 2198 1 0 0 0 80576 476 171 0 0 233 130 0 0 0 0 516 379 443 90 0 0 0 0 0 0 267 267 0 2973 2973 0 33 33 240625 1888 0 157500 0 0 0 0 0 0 0 0 0 0 0 0 0 0 0 5 175 0 0 1216 340 99 112 43 10 5 3 6 13 1445
20150604 13:19:20 2 0 2 1 0 0 0 95 4 7285 3937 0 826 0 0.63 0.36 0.24 8177412 2214732 5962680 0 295532 747388 295108 513164 2901436 8386556 0 8386556 0 0 1384 0 0 573632 0 758 56 0 0 0 0 85908 476 171 0 0 233 146 0 0 0 0 227 223 55 69 0 0 0 0 0 0 118 118 0 758 758 0 48 48 242045 1888 0 158209 0 0 0 0 0 0 0 0 0 0 0 0 0 0 0 9 115 0 0 1280 349 103 83 40 10 5 4 4 14 1443
20150604 13:19:30 2 0 2 4 0 0 0 92 4 7350 4590 0 826 0 0.53 0.35 0.24 8177412 2215096 5962316 0 295532 748604 291444 512968 2901436 8386556 0 8386556 0 0 1020 0 0 574856 0 2963 56 0 0 0 0 81216 476 171 0 0 233 130 0 0 0 0 218 208 58 73 0 0 0 0 0 0 293 293 0 2963 2963 0 229 229 243661 1856 0 159017 0 0 0 0 0 0 0 0 0 0 0 0 0 0 0 7 107 0 0 1110 358 116 102 49 18 7 5 5 12 1443
20150604 13:19:40 6 0 4 1 0 0 0 88 11 10632 10550 0 826 0 0.45 0.34 0.23 8177412 2221240 5956172 0 295532 744196 295888 512312 2901436 8386556 0 8386556 0 0 3076 0 0 570472 0 3374 366 2 0 0 0 84296 476 171 0 0 233 130 0 0 0 0 650 483 544 140 0 0 0 0 0 0 374 374 0 3375 3375 0 72 72 245789 1856 0 160077 0 0 0 0 0 0 0 0 0 0 0 0 0 0 0 7 228 0 0 923 190 251 210 68 18 6 6 4 13 1440
20150604 13:19:50 2 0 2 2 0 0 0 93 5 7636 4384 0 826 0 0.38 0.33 0.23 8177412 2227640 5949772 0 295532 745284 298816 513404 2901436 8386556 0 8386556 0 0 748 0 0 571488 0 2086 57 0 0 0 0 86180 476 171 0 0 233 149 0 0 0 0 237 224 61 72 0 0 0 0 0 0 191 191 0 2086 2086 0 169 169 247427 1856 0 160895 0 0 0 0 0 0 0 0 0 0 0 0 0 0 0 11 124 0 0 921 189 246 229 60 20 4 4 5 14 1438
20150604 13:20:00 7 0 5 3 0 0 0 84 12 11455 12977 0 826 0 0.32 0.32 0.23 8177412 2235368 5942044 0 295532 749348 295696 515264 2903484 8386556 0 8386556 0 0 1968 0 0 575320 0 4676 247 1 0 0 0 82016 476 171 0 0 233 130 0 0 0 0 683 640 565 170 0 0 0 0 0 0 533 533 0 4676 4676 0 175 175 249077 1856 0 161721 0 0 0 0 0 0 0 0 0 0 0 0 0 0 0 9 283 0 0 831 218 47 179 80 16 4 7 4 16 1436
20150604 13:20:10 2 0 2 2 0 0 0 94 4 6048 3847 6 826 0 0.27 0.31 0.22 8177412 2239832 5937580 0 295532 746364 298904 515152 2903484 8386556 0 8386556 0 0 536 0 0 572564 0 1428 2126 0 0 0 0 84400 476 171 0 0 233 130 0 0 0 0 197 188 50 61 0 0 0 0 0 0 143 143 0 1303 1303 0 84 84 250397 1856 0 162380 0 0 0 0 0 0 0 0 0 0 0 0 0 0 0 7 96 0 0 817 324 128 205 59 15 6 5 5 15 1435
20150604 13:20:20 2 0 1 2 0 0 0 95 4 6840 3679 0 826 0 0.31 0.31 0.23 8177412 2244792 5932620 0 295532 747324 301664 516056 2903484 8386556 0 8386556 0 0 864 0 0 573452 0 1049 51 0 0 0 0 86364 476 171 0 0 233 129 0 0 0 0 213 203 50 59 0 0 0 0 0 0 130 130 0 1017 1017 0 72 72 251645 1856 0 163003 0 0 0 0 0 0 0 0 0 0 0 0 0 0 0 9 109 0 0 773 325 137 173 55 13 8 7 6 14 1434
20150604 13:20:30 7 0 5 3 0 0 0 84 13 11103 13516 0 826 0 0.33 0.32 0.23 8177412 2254708 5922704 0 295532 751664 301364 519852 2906556 8386556 0 8386556 0 0 5124 0 0 577508 0 4312 267 1 0 0 0 84840 476 171 0 0 233 129 0 0 0 0 689 642 573 177 0 0 0 0 0 0 566 566 0 4470 4470 0 165 165 253433 1856 0 163898 0 0 0 0 0 0 0 0 0 0 0 0 0 0 0 7 282 0 0 677 70 5 98 83 26 8 6 6 15 1432
20150604 13:20:40 2 0 2 1 0 0 0 95 5 7277 4387 0 826 0 0.35 0.33 0.23 8177412 2256008 5921404 0 295532 744820 304220 518828 2906556 8386556 0 8386556 0 0 1692 0 0 571116 0 1333 56 0 0 0 0 86696 476 171 0 0 233 129 0 0 0 0 242 219 60 71 0 0 0 0 0 0 139 139 0 1333 1333 0 21 21 255001 1856 0 164680 0 0 0 0 0 0 0 0 0 0 0 0 0 0 0 9 120 0 0 1383 316 36 82 54 22 6 8 6 13 1432
20150604 13:20:50 2 0 2 2 0 0 0 93 5 6772 4787 0 827 0 0.30 0.31 0.23 8177412 2255300 5922112 0 295532 737972 307360 519000 2906556 8386556 0 8386556 0 0 1448 0 0 564936 0 1745 58 0 0 0 0 88820 476 171 0 0 233 150 0 0 0 0 238 224 62 74 0 0 0 0 0 0 206 206 0 1745 1745 0 126 126 256697 1856 0 165522 0 0 0 0 0 0 0 0 0 0 0 0 0 0 0 7 124 0 0 1683 558 158 85 48 19 10 5 5 14 1431
20150604 13:21:00 2 0 2 4 0 0 0 91 5 6798 4980 1 827 0 0.25 0.30 0.23 8177412 2258568 5918844 0 295532 738932 306216 519228 2906556 8386556 0 8386556 0 0 1848 0 0 565852 0 2782 363 0 0 0 0 86560 476 171 0 0 233 129 0 0 0 0 226 208 61 73 0 0 0 0 0 0 286 286 0 2782 2782 0 241 241 258401 1856 0 166373 0 0 0 0 0 0 0 0 0 0 0 0 0 0 0 7 108 0 0 1421 555 163 90 66 20 9 8 6 11 1431
20150604 13:21:10 2 0 2 1 0 0 0 95 4 6938 3215 6 827 0 0.30 0.31 0.23 8177412 2260864 5916548 0 295536 735692 308632 517880 2906556 8386556 0 8386556 0 0 980 0 0 562880 0 1065 2121 0 0 0 0 88364 476 171 0 0 233 169 0 0 0 0 191 182 42 48 0 0 0 0 0 0 143 143 0 1065 1065 0 56 56 259425 1888 0 166892 0 0 0 0 0 0 0 0 0 0 0 0 0 0 0 6 98 0 0 1609 716 224 96 56 20 8 7 4 12 1430
20150604 13:21:20 4 0 4 1 0 0 0 91 8 9669 8955 0 827 0 0.25 0.30 0.23 8177412 2273988 5903424 0 295536 737840 314792 521236 2908732 8386556 0 8386556 0 0 2652 0 0 564828 0 2487 176 1 0 0 0 93408 476 171 0 0 233 149 0 0 0 0 582 410 521 114 0 0 0 0 0 0 311 311 0 2487 2487 0 48 48 261173 1888 0 167767 0 0 0 0 0 0 0 0 0 0 0 0 0 0 0 7 181 0 0 694 479 257 123 56 18 8 8 7 12 1427
20150604 13:21:30 1 0 1 4 0 0 0 94 3 6493 3042 0 827 0 0.21 0.29 0.22 8177412 2271308 5906104 0 295536 738416 309480 522868 2909756 8386556 0 8386556 0 0 2172 0 0 565384 0 2425 69 0 0 0 0 87412 476 171 0 0 233 129 0 0 0 0 181 175 40 50 0 0 0 0 0 0 202 202 0 2425 2425 0 205 205 262149 1888 0 168254 0 0 0 0 0 0 0 0 0 0 0 0 0 0 0 6 89 0 0 714 337 266 153 91 25 11 8 6 12 1427
20150604 13:21:40 1 0 1 1 0 0 0 98 1 6752 1523 0 827 0 0.18 0.28 0.22 8177412 2272460 5904952 0 295536 738672 310780 522076 2909756 8386556 0 8386556 0 0 504 0 0 565680 0 554 34 0 0 0 0 88516 476 171 0 0 233 146 0 0 0 0 122 118 20 24 0 0 0 0 0 0 56 56 0 554 554 0 22 22 262485 1888 0 168422 0 0 0 0 0 0 0 0 0 0 0 0 0 0 0 4 62 0 0 758 332 266 143 78 26 9 8 6 12 1427
20150604 13:21:50 0 0 0 1 0 0 0 98 0 5670 804 0 827 0 0.15 0.27 0.22 8177412 2269904 5907508 0 295536 738672 308132 522076 2909756 8386556 0 8386556 0 0 8 0 0 565676 0 612 28 0 0 0 0 85868 476 171 0 0 233 130 0 0 0 0 88 89 9 9 0 0 0 0 0 0 61 61 0 612 612 0 44 44 262485 1888 0 168422 0 0 0 0 0 0 0 0 0 0 0 0 0 0 0 2 45 0 0 755 331 271 205 86 26 9 8 6 12 1427
20150604 13:22:00 0 0 0 0 0 0 0 100 0 5109 731 0 827 0 0.13 0.26 0.22 8177412 2269852 5907560 0 295536 738680 308100 522076 2909756 8386556 0 8386556 0 0 28 0 0 565676 0 84 28 0 0 0 0 85836 476 171 0 0 233 166 0 0 0 0 84 84 9 9 0 0 0 0 0 0 8 8 0 84 84 0 3 3 262485 1888 0 168422 0 0 0 0 0 0 0 0 0 0 0 0 0 0 0 3 44 0 0 758 332 271 207 86 26 9 8 6 12 1427
20150604 13:22:10 1 0 0 0 0 0 0 99 1 5879 891 6 827 0 0.11 0.25 0.22 8177412 2273524 5903888 0 295536 738704 308128 522080 2909756 8386556 0 8386556 0 0 44 0 0 565688 0 17 2106 0 0 0 0 85780 476 171 0 0 233 150 0 0 0 0 106 106 11 11 0 0 0 0 0 0 3 3 0 17 17 0 2 2 262485 1888 0 168422 0 0 0 0 0 0 0 0 0 0 0 0 0 0 0 4 59 0 0 882 360 204 138 76 24 9 8 6 12 1427
20150604 13:22:20 0 0 0 0 0 0 0 100 0 4405 678 0 827 0 0.09 0.25 0.22 8177412 2271796 5905616 0 295536 738704 308128 522076 2909756 8386556 0 8386556 0 0 48 0 0 565688 0 0 28 0 0 0 0 85780 476 171 0 0 233 130 0 0 0 0 84 84 9 9 0 0 0 0 0 0 0 0 0 0 0 0 0 0 262485 1888 0 168422 0 0 0 0 0 0 0 0 0 0 0 0 0 0 0 3 45 0 0 918 384 227 166 78 24 9 8 6 12 1427
20150604 13:22:30 0 0 0 0 0 0 0 100 0 5626 713 0 827 0 0.67 0.37 0.26 8177412 2271140 5906272 0 295536 738704 308096 522080 2909756 8386556 0 8386556 0 0 4 0 0 565688 0 6 34 0 0 0 0 85748 476 171 0 0 233 150 0 0 0 0 93 94 10 10 0 0 0 0 0 0 1 1 0 6 6 0 0 0 262485 1888 0 168422 0 0 0 0 0 0 0 0 0 0 0 0 0 0 0 4 52 0 0 924 362 224 183 79 24 9 8 6 12 1427
20150604 13:22:40 0 0 0 0 0 0 0 100 0 6025 701 0 827 0 0.56 0.36 0.25 8177412 2271000 5906412 0 295540 738704 308096 522076 2909756 8386556 0 8386556 0 0 8 0 0 565692 0 2 28 0 0 0 0 85748 476 171 0 0 233 150 0 0 0 0 89 89 10 10 0 0 0 0 0 0 1 1 0 2 2 0 0 0 262485 1888 0 168422 0 0 0 0 0 0 0 0 0 0 0 0 0 0 0 2 44 0 0 923 366 227 185 79 24 9 8 6 12 1427
20150604 13:22:50 0 0 0 0 0 0 0 99 1 5667 698 0 827 0 0.48 0.34 0.25 8177412 2270824 5906588 0 295540 738704 308064 522076 2909756 8386556 0 8386556 0 0 4 0 0 565688 0 0 28 0 0 0 0 85716 476 171 0 0 233 130 0 0 0 0 92 92 10 10 0 0 0 0 0 0 0 0 0 0 0 0 0 0 262485 1888 0 168422 0 0 0 0 0 0 0 0 0 0 0 0 0 0 0 3 47 0 0 915 364 229 189 80 24 9 8 6 12 1427
20150604 13:23:00 0 0 0 0 0 0 0 100 0 6160 734 0 827 0 0.40 0.33 0.25 8177412 2270932 5906480 0 295540 738708 308064 522080 2909756 8386556 0 8386556 0 0 24 0 0 565680 0 2 28 0 0 0 0 85716 476 171 0 0 233 130 0 0 0 0 101 101 11 11 0 0 0 0 0 0 1 1 0 2 2 0 0 0 262485 1888 0 168422 0 0 0 0 0 0 0 0 0 0 0 0 0 0 0 3 53 0 0 884 364 230 189 80 24 9 8 6 12 1427
20150604 13:23:10 1 0 1 0 0 0 0 99 1 6080 853 6 827 0 0.34 0.32 0.24 8177412 2273908 5903504 0 295544 738736 308184 522076 2909756 8386556 0 8386556 0 0 48 0 0 565704 0 14 2107 0 0 0 0 85752 476 171 0 0 233 130 0 0 0 0 97 98 10 10 0 0 0 0 0 0 2 2 0 14 14 0 2 2 262485 1888 0 168422 0 0 0 0 0 0 0 0 0 0 0 0 0 0 0 3 51 0 0 1004 358 216 123 75 24 10 9 5 12 1427
20150604 13:23:20 0 0 0 0 0 0 0 100 0 6433 711 0 827 0 0.29 0.31 0.24 8177412 2271676 5905736 0 295544 738736 308184 522080 2909756 8386556 0 8386556 0 0 48 0 0 565704 0 0 28 0 0 0 0 85752 476 171 0 0 233 150 0 0 0 0 95 95 10 10 0 0 0 0 0 0 0 0 0 0 0 0 0 0 262485 1888 0 168422 0 0 0 0 0 0 0 0 0 0 0 0 0 0 0 3 48 0 0 1026 388 248 149 76 24 10 9 5 12 1427
20150604 13:23:30 0 0 0 0 0 0 0 100 0 6060 757 0 827 0 0.25 0.30 0.24 8177412 2271240 5906172 0 295544 738736 308148 522080 2909756 8386556 0 8386556 0 0 4 0 0 565704 0 6 28 0 0 0 0 85716 476 171 0 0 233 130 0 0 0 0 104 105 11 11 0 0 0 0 0 0 1 1 0 6 6 0 0 0 262485 1888 0 168422 0 0 0 0 0 0 0 0 0 0 0 0 0 0 0 4 56 0 0 1043 410 252 151 77 24 10 9 5 12 1427
20150604 13:23:40 0 0 0 0 0 0 0 100 0 6405 778 0 826 0 0.21 0.29 0.24 8177412 2271076 5906336 0 295544 738736 308144 522080 2909756 8386556 0 8386556 0 0 24 0 0 565700 0 3 28 0 0 0 0 85712 476 171 0 0 233 130 0 0 0 0 111 111 12 12 0 0 0 0 0 0 0 0 0 3 3 0 0 0 262477 1856 0 168414 0 0 0 0 0 0 0 0 0 0 0 0 0 0 0 4 61 0 0 1034 411 254 156 77 24 10 9 5 12 1427
20150604 13:23:50 0 0 0 0 0 0 0 100 0 6855 779 0 826 0 0.18 0.28 0.23 8177412 2271060 5906352 0 295544 738736 308144 522080 2909756 8386556 0 8386556 0 0 24 0 0 565700 0 0 28 0 0 0 0 85712 476 171 0 0 233 150 0 0 0 0 115 115 12 12 0 0 0 0 0 0 0 0 0 0 0 0 0 0 262477 1856 0 168414 0 0 0 0 0 0 0 0 0 0 0 0 0 0 0 4 62 0 0 1032 410 256 156 77 24 10 9 5 12 1427
20150604 13:24:00 0 0 0 0 0 0 0 100 0 5778 788 0 826 0 0.15 0.27 0.23 8177412 2270920 5906492 0 295544 738744 308144 522080 2909756 8386556 0 8386556 0 0 44 0 0 565700 0 2 29 0 0 0 0 85712 476 171 0 0 233 150 0 0 0 0 110 110 12 12 0 0 0 0 0 0 0 0 0 2 2 0 0 0 262477 1856 0 168414 0 0 0 0 0 0 0 0 0 0 0 0 0 0 0 4 62 0 0 1017 419 262 157 77 24 10 9 5 12 1427
20150604 13:24:10 0 0 0 0 0 0 0 99 1 6548 840 6 826 0 0.13 0.26 0.23 8177412 2273648 5903764 0 295544 738768 308176 522080 2909756 8386556 0 8386556 0 0 44 0 0 565716 0 15 2109 0 0 0 0 85748 476 171 0 0 233 130 0 0 0 0 99 99 10 10 0 0 0 0 0 0 2 2 0 15 15 0 2 2 262477 1888 0 168414 0 0 0 0 0 0 0 0 0 0 0 0 0 0 0 3 51 0 0 1039 382 206 126 71 24 10 9 5 12 1427
20150604 13:24:20 0 0 0 0 0 0 0 100 0 6673 813 0 826 0 0.11 0.25 0.22 8177412 2271788 5905624 0 295544 738768 308176 522080 2909756 8386556 0 8386556 0 0 48 0 0 565716 0 0 28 0 0 0 0 85748 476 171 0 0 233 130 0 0 0 0 119 119 13 13 0 0 0 0 0 0 0 0 0 0 0 0 0 0 262477 1888 0 168414 0 0 0 0 0 0 0 0 0 0 0 0 0 0 0 4 63 0 0 1059 420 247 145 72 24 10 9 5 12 1427
20150604 13:24:30 0 0 0 0 0 0 0 100 0 5500 739 0 826 0 0.09 0.25 0.22 8177412 2271308 5906104 0 295544 738768 308176 522076 2909756 8386556 0 8386556 0 0 4 0 0 565716 0 6 28 0 0 0 0 85748 476 171 0 0 233 150 0 0 0 0 97 98 10 10 0 0 0 0 0 0 1 1 0 6 6 0 0 0 262477 1888 0 168414 0 0 0 0 0 0 0 0 0 0 0 0 0 0 0 4 52 0 0 1046 400 244 161 74 24 10 9 5 12 1427
20150604 13:24:40 0 0 0 0 0 0 0 100 0 6867 780 0 826 0 0.08 0.24 0.22 8177412 2271152 5906260 0 295544 738768 308176 522076 2909756 8386556 0 8386556 0 0 8 0 0 565716 0 1 28 0 0 0 0 85748 476 171 0 0 233 130 0 0 0 0 110 110 12 12 0 0 0 0 0 0 0 0 0 1 1 0 0 0 262477 1888 0 168414 0 0 0 0 0 0 0 0 0 0 0 0 0 0 0 4 60 0 0 1033 402 250 162 75 24 10 9 5 12 1427
20150604 13:24:50 0 0 0 0 0 0 0 100 0 5978 746 0 826 0 0.06 0.23 0.22 8177412 2271012 5906400 0 295544 738768 308176 522080 2909756 8386556 0 8386556 0 0 8 0 0 565716 0 0 28 0 0 0 0 85748 476 171 0 0 233 130 0 0 0 0 105 105 11 11 0 0 0 0 0 0 0 0 0 0 0 0 0 0 262477 1856 0 168414 0 0 0 0 0 0 0 0 0 0 0 0 0 0 0 4 57 0 0 1026 405 257 163 75 24 10 9 5 12 1427
20150604 13:25:00 0 0 0 0 0 0 0 100 0 5123 710 0 826 0 0.05 0.22 0.22 8177412 2271120 5906292 0 295544 738772 308176 522080 2909756 8386556 0 8386556 0 0 24 0 0 565708 0 2 28 0 0 0 0 85748 476 171 0 0 233 130 0 0 0 0 89 89 10 10 0 0 0 0 0 0 0 0 0 2 2 0 0 0 262477 1856 0 168414 0 0 0 0 0 0 0 0 0 0 0 0 0 0 0 3 47 0 0 973 406 259 165 75 24 10 9 5 12 1427
20150604 13:25:10 1 0 0 0 0 0 0 99 1 6766 920 7 826 0 0.05 0.22 0.21 8177412 2273352 5904060 0 295544 738796 308192 522076 2909756 8386556 0 8386556 0 0 44 0 0 565728 0 14 2203 0 0 0 0 85752 476 171 0 0 233 130 0 0 0 0 116 117 12 12 0 0 0 0 0 0 2 2 0 14 14 0 2 2 262477 1888 0 168414 0 0 0 0 0 0 0 0 0 0 0 0 0 0 0 4 62 0 0 1092 362 259 137 66 20 10 9 5 12 1427
20150604 13:25:20 0 0 0 0 0 0 0 99 1 6192 904 2 826 0 0.04 0.21 0.21 8177412 2271848 5905564 0 295544 738856 308176 522056 2907700 8386556 0 8386556 0 0 112 0 0 565768 0 7 28 0 0 0 0 85736 476 187 0 0 233 131 0 0 0 0 132 124 16 44 0 0 0 0 0 0 1 1 0 7 7 0 0 0 262483 1888 0 168420 0 0 0 0 0 0 0 0 0 0 0 0 0 0 0 10 75 0 0 1083 412 281 152 67 20 10 9 5 12 1427
20150604 13:25:30 0 0 0 0 0 0 0 100 0 6424 770 0 826 0 0.11 0.22 0.22 8177412 2271296 5906116 0 295544 738856 308176 522052 2907700 8386556 0 8386556 0 0 28 0 0 565788 0 24 28 0 0 0 0 85736 476 187 0 0 233 137 0 0 0 0 105 105 11 11 0 0 0 0 0 0 4 4 0 24 24 0 1 1 262483 1888 0 168420 0 0 0 0 0 0 0 0 0 0 0 0 0 0 0 3 56 0 0 1105 414 285 158 68 20 10 9 5 12 1427
20150604 13:25:40 0 0 0 0 0 0 0 100 0 5512 731 0 827 0 0.50 0.29 0.24 8177412 2271164 5906248 0 295544 738856 308176 522052 2907700 8386556 0 8386556 0 0 8 0 0 565788 0 9 28 0 0 0 0 85736 476 187 0 0 233 117 0 0 0 0 90 91 10 10 0 0 0 0 0 0 2 2 0 9 9 0 0 0 262483 1888 0 168420 0 0 0 0 0 0 0 0 0 0 0 0 0 0 0 3 49 0 0 1108 415 286 159 69 20 10 9 5 12 1427
20150604 13:25:50 0 0 0 0 0 0 0 100 0 5823 786 0 826 0 0.42 0.28 0.24 8177412 2270960 5906452 0 295544 738856 308172 521948 2907700 8386556 0 8386556 0 0 8 0 0 565788 0 0 28 0 0 0 0 85732 476 187 0 0 233 117 0 0 0 0 102 103 11 11 0 0 0 0 0 0 0 0 0 0 0 0 0 0 262475 1888 0 168412 0 0 0 0 0 0 0 0 0 0 0 0 0 0 0 4 58 0 0 1111 423 290 161 69 20 10 9 5 12 1427
20150604 13:26:00 0 0 0 0 0 0 0 99 1 6478 814 0 827 0 0.36 0.27 0.24 8177412 2270936 5906476 0 295544 738860 308172 521948 2907700 8386556 0 8386556 0 0 24 0 0 565780 0 6 28 0 0 0 0 85732 476 187 0 0 233 117 0 0 0 0 110 110 12 12 0 0 0 0 0 0 1 1 0 6 6 0 0 0 262475 1888 0 168412 0 0 0 0 0 0 0 0 0 0 0 0 0 0 0 4 58 0 0 1109 419 288 162 70 20 10 9 5 12 1427
20150604 13:26:10 1 0 0 0 0 0 0 99 1 6492 935 6 827 0 0.30 0.27 0.23 8177412 2273308 5904104 0 295548 738884 308220 521944 2907700 8386556 0 8386556 0 0 88 0 0 565800 0 10 2105 0 0 0 0 85764 476 187 0 0 233 137 0 0 0 0 111 112 12 12 0 0 0 0 0 0 2 2 0 10 10 0 1 1 262491 1888 0 168428 0 0 0 0 0 0 0 0 0 0 0 0 0 0 0 4 61 0 0 1085 408 231 132 67 20 10 9 5 12 1427
20150604 13:26:20 0 0 0 0 0 0 0 100 0 5998 735 0 825 0 0.25 0.26 0.23 8177412 2271556 5905856 0 295548 738884 308184 521944 2907700 8386556 0 8386556 0 0 92 0 0 565800 0 0 29 0 0 0 0 85728 476 187 0 0 233 157 0 0 0 0 87 87 9 9 0 0 0 0 0 0 0 0 0 0 0 0 0 0 262475 1888 0 168412 0 0 0 0 0 0 0 0 0 0 0 0 0 0 0 3 44 0 0 1082 435 276 152 68 20 10 9 5 12 1427
20150604 13:26:30 0 0 0 0 0 0 0 100 0 5812 736 0 825 0 0.22 0.25 0.23 8177412 2271100 5906312 0 295548 738884 308176 521948 2907700 8386556 0 8386556 0 0 52 0 0 565800 0 6 28 0 0 0 0 85720 476 187 0 0 233 117 0 0 0 0 92 92 10 10 0 0 0 0 0 0 1 1 0 6 6 0 0 0 262475 1888 0 168412 0 0 0 0 0 0 0 0 0 0 0 0 0 0 0 2 49 0 0 1054 442 274 165 70 20 10 9 5 12 1427
20150604 13:26:40 0 0 0 0 0 0 0 100 0 6433 739 0 825 0 0.26 0.26 0.23 8177412 2271084 5906328 0 295548 738884 308176 521944 2907700 8386556 0 8386556 0 0 56 0 0 565800 0 2 28 0 0 0 0 85720 476 187 0 0 233 117 0 0 0 0 96 96 10 10 0 0 0 0 0 0 1 1 0 2 2 0 0 0 262475 1888 0 168412 0 0 0 0 0 0 0 0 0 0 0 0 0 0 0 4 54 0 0 1024 445 275 166 71 20 10 9 5 12 1427
20150604 13:26:50 0 0 0 0 0 0 0 100 0 6045 778 0 825 0 0.22 0.25 0.23 8177412 2270944 5906468 0 295548 738884 308176 521948 2907700 8386556 0 8386556 0 0 0 0 0 565792 0 6 28 0 0 0 0 85720 476 187 0 0 233 117 0 0 0 0 106 106 11 11 0 0 0 0 0 0 1 1 0 6 6 0 0 0 262475 1888 0 168412 0 0 0 0 0 0 0 0 0 0 0 0 0 0 0 3 55 0 0 1019 449 277 167 72 20 10 9 5 12 1427
20150604 13:27:00 0 0 0 0 0 0 0 100 0 6117 727 0 825 0 0.18 0.24 0.22 8177412 2271040 5906372 0 295548 738888 308176 521944 2907700 8386556 0 8386556 0 0 20 0 0 565788 0 2 28 0 0 0 0 85720 476 187 0 0 233 117 0 0 0 0 92 93 10 10 0 0 0 0 0 0 1 1 0 2 2 0 0 0 262475 1888 0 168412 0 0 0 0 0 0 0 0 0 0 0 0 0 0 0 3 50 0 0 987 451 276 168 72 20 10 9 5 12 1427
20150604 13:27:10 0 0 0 0 0 0 0 99 1 6240 921 6 825 0 0.15 0.23 0.22 8177412 2273892 5903520 0 295548 738912 308188 521944 2907700 8386556 0 8386556 0 0 92 0 0 565812 0 8 2102 0 0 0 0 85732 476 187 0 0 233 117 0 0 0 0 110 110 12 12 0 0 0 0 0 0 1 1 0 8 8 0 1 1 262475 1856 0 168412 0 0 0 0 0 0 0 0 0 0 0 0 0 0 0 4 60 0 0 993 424 231 133 67 19 10 7 6 12 1427
20150604 13:27:20 0 0 0 0 0 0 0 100 0 6094 750 0 825 0 0.13 0.22 0.22 8177412 2271784 5905628 0 295548 738912 308184 521944 2907700 8386556 0 8386556 0 0 92 0 0 565808 0 0 28 0 0 0 0 85728 476 187 0 0 233 117 0 0 0 0 97 97 10 10 0 0 0 0 0 0 0 0 0 0 0 0 0 0 262475 1856 0 168412 0 0 0 0 0 0 0 0 0 0 0 0 0 0 0 3 52 0 0 1052 449 274 148 69 18 9 8 6 12 1427
20150604 13:27:30 0 0 0 0 0 0 0 100 0 6395 801 0 825 0 0.11 0.22 0.22 8177412 2271412 5906000 0 295548 738912 308184 521944 2907700 8386556 0 8386556 0 0 48 0 0 565808 0 6 28 0 0 0 0 85728 476 187 0 0 233 137 0 0 0 0 107 107 12 12 0 0 0 0 0 0 1 1 0 6 6 0 0 0 262475 1856 0 168412 0 0 0 0 0 0 0 0 0 0 0 0 0 0 0 3 54 0 0 1048 440 273 157 70 18 9 8 6 12 1427
20150604 13:27:40 0 0 0 0 0 0 0 100 0 5988 735 0 825 0 0.41 0.28 0.24 8177412 2271256 5906156 0 295548 738912 308184 521948 2907700 8386556 0 8386556 0 0 56 0 0 565808 0 1 28 0 0 0 0 85728 476 187 0 0 233 137 0 0 0 0 93 93 10 10 0 0 0 0 0 0 0 0 0 1 1 0 0 0 262475 1856 0 168412 0 0 0 0 0 0 0 0 0 0 0 0 0 0 0 4 52 0 0 1041 441 276 159 69 19 9 8 6 12 1427
20150604 13:27:50 0 0 0 0 0 0 0 100 0 6106 807 0 825 0 0.35 0.27 0.24 8177412 2271240 5906172 0 295548 738912 308184 521944 2907700 8386556 0 8386556 0 0 4 0 0 565804 0 5 34 0 0 0 0 85728 476 187 0 0 233 137 0 0 0 0 112 112 12 12 0 0 0 0 0 0 1 1 0 5 5 0 0 0 262475 1856 0 168412 0 0 0 0 0 0 0 0 0 0 0 0 0 0 0 4 64 0 0 1011 444 279 161 69 19 9 8 6 12 1427
20150604 13:28:00 0 0 0 0 0 0 0 100 0 6511 810 0 825 0 0.30 0.26 0.23 8177412 2271100 5906312 0 295548 738920 308184 521948 2907700 8386556 0 8386556 0 0 24 0 0 565800 0 2 28 0 0 0 0 85728 476 187 0 0 233 117 0 0 0 0 115 115 12 12 0 0 0 0 0 0 0 0 0 2 2 0 0 0 262475 1856 0 168412 0 0 0 0 0 0 0 0 0 0 0 0 0 0 0 4 61 0 0 1026 440 280 164 69 19 9 8 6 12 1427
20150604 13:28:10 1 0 0 0 0 0 0 99 1 6903 931 6 825 0 0.25 0.25 0.23 8177412 2273216 5904196 0 295548 738944 308284 521948 2907700 8386556 0 8386556 0 0 92 0 0 565812 0 9 2102 0 0 0 0 85744 476 187 0 0 233 137 0 0 0 0 111 112 12 12 0 0 0 0 0 0 1 1 0 9 9 0 1 1 262475 1888 0 168412 0 0 0 0 0 0 0 0 0 0 0 0 0 0 0 4 61 0 0 1002 425 269 144 60 18 10 9 5 12 1427
20150604 13:28:20 0 0 0 0 0 0 0 100 0 6062 791 0 825 0 0.21 0.24 0.23 8177412 2271728 5905684 0 295548 738944 308284 521944 2907700 8386556 0 8386556 0 0 96 0 0 565808 0 0 28 0 0 0 0 85744 476 187 0 0 233 117 0 0 0 0 111 112 12 12 0 0 0 0 0 0 0 0 0 0 0 0 0 0 262475 1888 0 168412 0 0 0 0 0 0 0 0 0 0 0 0 0 0 0 4 61 0 0 995 417 297 161 67 20 10 9 5 12 1427
20150604 13:28:30 0 0 0 0 0 0 0 100 0 6406 773 0 825 0 0.18 0.23 0.22 8177412 2271324 5906088 0 295548 738944 308284 521944 2907700 8386556 0 8386556 0 0 52 0 0 565808 0 6 28 0 0 0 0 85744 476 187 0 0 233 117 0 0 0 0 105 105 11 11 0 0 0 0 0 0 1 1 0 6 6 0 0 0 262475 1888 0 168412 0 0 0 0 0 0 0 0 0 0 0 0 0 0 0 4 57 0 0 996 421 295 164 68 20 10 9 5 12 1427
20150604 13:28:40 0 0 0 0 0 0 0 100 0 5772 757 0 825 0 0.15 0.23 0.22 8177412 2271196 5906216 0 295548 738944 308284 521944 2907700 8386556 0 8386556 0 0 4 0 0 565804 0 6 29 0 0 0 0 85744 476 187 0 0 233 117 0 0 0 0 100 101 11 11 0 0 0 0 0 0 1 1 0 6 6 0 0 0 262475 1888 0 168412 0 0 0 0 0 0 0 0 0 0 0 0 0 0 0 4 55 0 0 1013 422 297 163 69 20 10 9 5 12 1427
20150604 13:28:50 0 0 0 0 0 0 0 100 0 6038 811 0 825 0 0.13 0.22 0.22 8177412 2271044 5906368 0 295548 738944 308284 521944 2907700 8386556 0 8386556 0 0 0 0 0 565804 0 0 28 0 0 0 0 85744 476 187 0 0 233 117 0 0 0 0 118 118 13 13 0 0 0 0 0 0 0 0 0 0 0 0 0 0 262475 1888 0 168412 0 0 0 0 0 0 0 0 0 0 0 0 0 0 0 4 66 0 0 1014 421 290 165 70 21 10 9 5 12 1427
