################################################################################
# Collectl:   V3.6.0-1  HiRes: 1  Options: -o z -D -P -i 10 -f /mnt/vol2/msevilla/ceph-logs/osd/cpu/ 
# Host:       issdm-7  DaemonOpts: -f /var/log/collectl -r00:00,7 -m -F60 -s+YZ
# Distro:       Platform: H8DMR-82
# Date:       20150604-130341  Secs: 1433448221 TZ: -0700
# SubSys:     bcdfijmnstYZ Options: z Interval: 10:60 NumCPUs: 4  NumBud: 4 Flags: i
# Filters:    NfsFilt:  EnvFilt: 
# HZ:         100  Arch: x86_64-linux-gnu-thread-multi PageSize: 4096
# Cpu:        AuthenticAMD Speed(MHz): 2010.310 Cores: 2  Siblings: 2
# Kernel:     3.13.0-52-generic  Memory: 8175576 kB  Swap: 8386556 kB
# NumDisks:   5 DiskNames: sda sdb sdc sde sdd
# NumNets:    6 NetNames: eth0:?? eth1:1000 eth2:1000 lo: lxcbr0: docker0:
# NumSlabs:   134 Version: 2.1
# IConnect:   NumHCAs: 1 PortStates: 0 IBVersion:  PQVersion: 
# SCSI:       CD:0:00:01:00 DA:2:00:00:00 DA:3:00:00:00 DA:4:00:00:00 DA:5:00:00:00 DA:6:00:00:00
################################################################################
#Date Time [CPU]User% [CPU]Nice% [CPU]Sys% [CPU]Wait% [CPU]Irq% [CPU]Soft% [CPU]Steal% [CPU]Idle% [CPU]Totl% [CPU]Intrpt/sec [CPU]Ctx/sec [CPU]Proc/sec [CPU]ProcQue [CPU]ProcRun [CPU]L-Avg1 [CPU]L-Avg5 [CPU]L-Avg15 [MEM]Tot [MEM]Used [MEM]Free [MEM]Shared [MEM]Buf [MEM]Cached [MEM]Slab [MEM]Map [MEM]Commit [MEM]SwapTot [MEM]SwapUsed [MEM]SwapFree [MEM]SwapIn [MEM]SwapOut [MEM]Dirty [MEM]Clean [MEM]Laundry [MEM]Inactive [MEM]PageIn [MEM]PageOut [MEM]PageFaults [MEM]PageMajFaults [MEM]HugeTotal [MEM]HugeFree [MEM]HugeRsvd [MEM]SUnreclaim [SOCK]Used [SOCK]Tcp [SOCK]Orph [SOCK]Tw [SOCK]Alloc [SOCK]Mem [SOCK]Udp [SOCK]Raw [SOCK]Frag [SOCK]FragMem [NET]RxPktTot [NET]TxPktTot [NET]RxKBTot [NET]TxKBTot [NET]RxCmpTot [NET]RxMltTot [NET]TxCmpTot [NET]RxErrsTot [NET]TxErrsTot [DSK]ReadTot [DSK]WriteTot [DSK]OpsTot [DSK]ReadKBTot [DSK]WriteKBTot [DSK]KbTot [DSK]ReadMrgTot [DSK]WriteMrgTot [DSK]MrgTot [INODE]NumDentry [INODE]openFiles [INODE]MaxFile% [INODE]used [NFS]ReadsS [NFS]WritesS [NFS]MetaS [NFS]CommitS [NFS]Udp [NFS]Tcp [NFS]TcpConn [NFS]BadAuth [NFS]BadClient [NFS]ReadsC [NFS]WritesC [NFS]MetaC [NFS]CommitC [NFS]Retrans [NFS]AuthRef [TCP]PureAcks [TCP]HPAcks [TCP]Loss [TCP]FTrans [BUD]1Page [BUD]2Pages [BUD]4Pages [BUD]8Pages [BUD]16Pages [BUD]32Pages [BUD]64Pages [BUD]128Pages [BUD]256Pages [BUD]512Pages [BUD]1024Pages
20150604 13:04:00 2 0 1 0 0 0 0 96 4 3819 662 19 769 2 0.08 0.12 0.11 8175576 2070056 6105520 0 443116 811844 251464 475084 2793748 8386556 0 8386556 0 0 48 0 0 595336 0 3 6941 0 0 0 0 32944 445 167 0 0 178 41 0 0 0 0 66 63 7 7 0 0 0 0 0 0 1 1 0 3 3 0 0 0 178114 1920 0 156083 0 0 0 0 0 0 0 0 0 0 0 0 0 0 0 4 40 0 0 915 3733 4609 2835 2042 5365 3787 2517 1738 8 253
20150604 13:04:10 3 0 3 1 0 0 0 94 5 6649 4686 51 796 0 0.07 0.12 0.11 8175576 2083340 6092236 0 443124 814836 251660 489020 3030000 8386556 0 8386556 0 0 156 0 0 598020 290 12 16386 4 0 0 0 33172 473 179 0 0 193 42 0 0 0 0 301 262 100 46 0 0 0 0 0 11 1 11 290 12 302 0 2 2 178594 2048 0 156457 0 0 0 0 0 0 0 0 0 0 0 3 0 0 7 8 156 0 0 273 2926 4557 2818 2040 5368 3790 2518 1739 5 253
20150604 13:04:20 2 0 3 0 0 0 0 94 6 11958 16915 2 797 0 0.14 0.13 0.11 8175576 2086180 6089396 0 443124 814836 252012 493164 3030000 8386556 0 8386556 0 0 232 0 0 598016 0 35 160 0 0 0 0 33524 473 179 0 0 193 42 0 0 0 0 945 803 365 169 0 0 0 0 0 0 5 5 0 35 35 0 5 5 178580 2048 0 156444 0 0 0 0 0 0 0 0 0 0 0 0 0 0 0 4 513 0 0 491 2557 4528 2818 2040 5368 3790 2518 1739 5 253
20150604 13:04:30 5 0 4 0 0 0 0 90 10 16002 22865 2 797 2 0.12 0.12 0.11 8175576 2088836 6086740 0 443128 816024 251900 493920 3030000 8386556 0 8386556 0 0 1908 0 0 597700 0 1577 313 1 0 0 0 33436 473 179 0 0 193 22 0 0 0 0 1376 1078 852 230 0 0 0 0 0 0 186 186 0 1577 1577 0 1 1 178580 2048 0 156439 0 0 0 0 0 0 0 0 0 0 0 0 0 0 0 7 628 0 0 808 2303 4416 2806 2042 5368 3790 2518 1739 5 253
20150604 13:04:40 7 0 5 0 0 0 0 87 13 16407 24928 2 797 0 0.10 0.12 0.11 8175576 2094828 6080748 0 443128 823640 251896 493584 3030000 8386556 0 8386556 0 0 5320 0 0 602536 0 1824 159 0 0 0 0 33432 473 179 0 0 193 111 0 0 0 0 1350 1148 836 261 0 0 0 0 0 0 295 295 0 1824 1824 0 0 0 178565 2048 0 156421 0 0 0 0 0 0 0 0 0 0 0 0 0 0 0 6 657 0 0 787 1577 4422 2803 2042 5368 3790 2518 1739 5 253
20150604 13:04:50 10 0 8 1 0 1 0 81 19 20660 30335 2 797 1 0.16 0.13 0.11 8175576 2089752 6085824 0 443132 817516 251812 485300 3030000 8386556 0 8386556 0 0 5976 0 0 591696 0 4140 519 2 0 0 0 33448 473 179 0 0 193 23 0 0 0 0 1840 1457 1386 326 0 0 0 0 0 0 440 440 0 4140 4140 0 2 2 178584 2080 0 156430 0 0 0 0 0 0 0 0 0 0 0 0 0 0 0 10 760 0 0 1666 2018 4273 2799 2039 5366 3788 2517 1741 5 253
20150604 13:05:00 8 0 5 0 0 1 0 86 14 17048 25050 2 798 2 0.21 0.15 0.12 8175576 2093760 6081816 0 443132 820844 251848 484916 3030000 8386556 0 8386556 0 0 4640 0 0 591892 0 2512 626 1 0 0 0 33468 473 179 0 0 193 42 0 0 0 0 1416 1177 875 267 0 0 0 0 0 0 280 280 0 2513 2513 0 1 1 178618 2048 0 156465 0 0 0 0 0 0 0 0 0 0 0 0 0 0 0 6 662 0 0 1460 1783 4197 2798 2039 5366 3788 2517 1741 5 253
20150604 13:05:10 3 0 3 0 0 0 0 94 6 12208 17249 9 798 0 0.18 0.14 0.12 8175576 2095480 6080096 0 443136 820844 251916 484780 3046012 8386556 0 8386556 0 0 1324 0 0 591892 0 348 2578 0 0 0 0 33536 473 179 0 0 193 22 0 0 0 0 951 807 368 169 0 0 0 0 0 0 2 2 0 348 348 0 2 2 178600 2112 0 156446 0 0 0 0 0 0 0 0 0 0 0 0 0 0 0 4 517 0 0 1328 1802 4171 2781 2038 5363 3788 2517 1741 5 253
20150604 13:05:20 3 0 3 0 0 0 0 95 5 12144 17160 2 798 0 0.23 0.15 0.12 8175576 2094568 6081008 0 443136 820844 251792 484928 3046012 8386556 0 8386556 0 0 92 0 0 591892 0 146 332 0 0 0 0 33444 473 179 0 0 193 22 0 0 0 0 945 800 367 169 0 0 0 0 0 0 4 4 0 146 146 0 2 2 178630 2112 0 156476 0 0 0 0 0 0 0 0 0 0 0 0 0 0 0 4 513 0 0 1482 1833 4178 2780 2037 5364 3788 2517 1741 5 253
20150604 13:05:30 2 0 2 0 0 0 0 95 5 11583 16225 2 798 0 0.42 0.20 0.14 8175576 2093704 6081872 0 443136 820844 251860 484784 3046012 8386556 0 8386556 0 0 92 0 0 591892 0 0 120 0 0 0 0 33512 473 179 0 0 193 23 0 0 0 0 891 757 348 161 0 0 0 0 0 0 0 0 0 0 0 0 0 0 178627 2112 0 156470 0 0 0 0 0 0 0 0 0 0 0 0 0 0 0 4 488 0 0 1660 1869 4177 2780 2037 5364 3788 2517 1741 5 253
20150604 13:05:40 2 0 3 0 0 0 0 95 5 12557 17572 2 798 2 0.35 0.19 0.13 8175576 2094308 6081268 0 443136 820844 251968 484796 3046012 8386556 0 8386556 0 0 64 0 0 591892 0 8 231 0 0 0 0 33620 473 179 0 0 193 43 0 0 0 0 966 815 377 173 0 0 0 0 0 0 2 2 0 8 8 0 0 0 178648 2112 0 156489 0 0 0 0 0 0 0 0 0 0 0 0 0 0 0 5 522 0 0 1428 1903 4170 2781 2037 5364 3788 2517 1741 5 253
20150604 13:05:50 14 0 9 1 0 1 0 76 24 22497 33010 2 798 0 0.30 0.18 0.13 8175576 2111984 6063592 0 443136 835744 252900 487040 3046012 8386556 0 8386556 0 0 4180 0 0 600796 0 5165 361 2 0 0 0 34284 473 179 0 0 193 31 0 0 0 0 1994 1576 1633 368 0 0 0 0 0 0 654 654 0 5165 5165 0 1 1 178788 2080 0 156472 0 0 0 0 0 0 0 0 0 0 0 0 0 0 0 7 779 0 0 381 1035 3934 2757 2037 5364 3788 2517 1741 6 252
20150604 13:06:00 5 0 5 0 0 0 0 90 10 14235 20051 2 798 0 2.76 0.71 0.30 8175576 2123944 6051632 0 443136 838948 257312 487244 3046012 8386556 0 8386556 0 0 932 0 0 604000 0 1404 277 0 0 0 0 38620 473 179 0 0 193 62 0 0 0 0 1182 968 562 242 0 0 0 0 0 0 123 123 0 1404 1404 0 0 0 180532 2112 0 157416 0 0 0 0 0 0 0 0 0 0 0 0 0 0 0 9 576 0 0 141 516 3729 2641 2038 5364 3788 2517 1741 6 252
20150604 13:06:10 7 0 6 0 0 1 0 86 14 16326 23374 9 798 0 4.73 1.19 0.47 8175576 2136396 6039180 0 443136 841752 261612 487732 3045712 8386556 0 8386556 0 0 1592 0 0 605468 0 2523 2346 1 0 0 0 42416 473 179 0 0 193 32 0 0 0 0 1476 1124 948 277 0 0 0 0 0 0 243 243 0 2523 2523 0 2 2 182370 2080 0 158326 0 0 0 0 0 0 0 0 0 0 0 0 0 0 0 8 619 0 0 695 323 3264 2469 2038 5364 3788 2517 1741 6 252
20150604 13:06:20 9 0 6 0 0 1 0 84 16 17749 25675 2 798 0 5.55 1.48 0.57 8175576 2135428 6040148 0 443136 842908 256196 487488 3045712 8386556 0 8386556 0 0 4304 0 0 605692 0 4671 186 1 0 0 0 36468 473 179 0 0 193 45 0 0 0 0 1566 1234 1024 301 0 0 0 0 0 0 368 368 0 4670 4670 0 342 342 183833 2080 0 159061 0 0 0 0 0 0 0 0 0 0 0 0 0 0 0 8 681 0 0 305 414 3176 2582 2025 5366 3788 2517 1741 6 252
20150604 13:06:30 10 0 7 0 0 1 0 82 17 17966 26382 2 798 0 6.71 1.86 0.70 8175576 2149632 6025944 0 443136 850208 260168 488940 3045712 8386556 0 8386556 0 0 6432 0 0 612960 0 3245 205 0 0 0 0 39312 473 179 0 0 193 60 0 0 0 0 1568 1240 1093 310 0 0 0 0 0 0 392 392 0 3246 3246 0 1 1 185148 2080 0 159684 0 0 0 0 0 0 0 0 0 0 0 0 0 0 0 10 648 0 0 202 472 2597 2430 2024 5366 3788 2517 1741 6 252
20150604 13:06:40 8 0 6 0 0 0 0 85 15 16708 24561 2 798 0 8.06 2.31 0.86 8175576 2150172 6025404 0 443136 844588 261560 488120 3045712 8386556 0 8386556 0 0 868 0 0 610644 0 3504 362 1 0 0 0 39492 473 179 0 0 193 129 0 0 0 0 1404 1184 818 302 0 0 0 0 0 0 304 304 0 3503 3503 0 1 1 187079 2080 0 160693 0 0 0 0 0 0 0 0 0 0 0 0 0 0 0 9 654 0 0 803 791 2498 2427 1972 5360 3788 2517 1741 6 252
20150604 13:06:50 10 0 8 0 0 0 0 82 18 18226 27799 2 798 0 9.12 2.73 1.01 8175576 2154228 6021348 0 443136 842920 262940 487732 3045712 8386556 0 8386556 0 0 744 0 0 610128 0 4774 346 2 0 0 0 39580 473 179 0 0 193 22 0 0 0 0 1523 1273 976 322 0 0 0 0 0 0 442 442 0 4775 4775 0 227 227 188894 2080 0 161577 0 0 0 0 0 0 0 0 0 0 0 0 0 0 0 9 688 0 0 910 645 2513 2360 1956 5359 3787 2516 1740 7 252
20150604 13:07:00 8 0 6 0 0 1 0 85 15 16548 24062 2 798 0 10.04 3.14 1.16 8175576 2170712 6004864 0 443136 850444 267892 490924 3045712 8386556 0 8386556 0 0 4880 0 0 615044 0 2090 201 0 0 0 0 43340 473 179 0 0 193 22 0 0 0 0 1457 1161 878 291 0 0 0 0 0 0 286 286 0 2090 2090 0 0 0 190679 2080 0 162464 0 0 0 0 0 0 0 0 0 0 0 0 0 0 0 9 632 0 0 27 345 2430 2332 1856 5359 3787 2516 1740 6 252
20150604 13:07:10 7 0 5 0 0 0 0 87 12 15035 22031 9 797 0 10.41 3.44 1.28 8175576 2183232 5992344 0 443136 855984 270228 489408 3043952 8386556 0 8386556 0 0 4952 0 0 618904 0 2116 2237 0 0 0 0 44344 473 179 0 0 193 27 0 0 0 0 1307 1071 697 270 0 0 0 0 0 0 202 202 0 2115 2115 0 2 2 192549 2112 0 163416 0 0 0 0 0 0 0 0 0 0 0 0 0 0 0 10 603 0 0 90 60 2330 2244 1798 5340 3787 2516 1740 6 252
20150604 13:07:20 10 0 11 1 0 1 0 77 22 17395 23529 19 799 2 11.14 3.83 1.43 8175576 2191404 5984172 0 443136 855860 268112 488292 3109536 8386556 0 8386556 0 0 2476 0 0 616676 0 5454 7716 1 0 0 0 41068 476 179 0 0 193 23 0 0 0 0 1557 1174 1034 281 0 0 0 0 0 0 378 378 0 5455 5455 0 424 424 194015 2080 0 164145 0 0 0 0 0 0 0 0 0 0 0 0 0 0 0 9 654 0 0 204 382 2321 2021 1825 5328 3787 2516 1740 9 249
20150604 13:07:30 13 0 6 0 0 0 0 80 20 12047 18207 14 800 2 12.20 4.29 1.61 8175576 2192592 5982984 0 443156 852528 272552 490996 3059752 8386556 0 8386556 0 0 2748 0 0 613324 0 887 11864 1 0 0 0 44320 474 180 0 0 194 23 0 0 0 0 1032 892 402 234 0 0 0 0 0 0 57 57 0 887 887 0 4 4 195760 2112 0 164995 0 0 0 0 0 0 0 0 0 0 0 0 0 0 0 10 533 0 0 2039 920 1675 1963 1763 5324 3791 2517 1740 9 250
20150604 13:07:40 4 0 4 0 0 0 0 91 9 12560 17261 2 800 0 13.49 4.83 1.81 8175576 2191336 5984240 0 443156 845552 274596 490680 3059752 8386556 0 8386556 0 0 1412 0 0 609184 0 1158 406 1 0 0 0 45536 474 180 0 0 194 49 0 0 0 0 979 834 419 204 0 0 0 0 0 0 84 84 0 1158 1158 0 0 0 196983 2080 0 165544 0 0 0 0 0 0 0 0 0 0 0 0 0 0 0 5 507 0 0 2779 1260 1732 1911 1758 5301 3791 2517 1740 9 250
20150604 13:07:50 6 0 5 1 0 1 0 88 12 14649 20688 2 800 2 14.07 5.24 1.98 8175576 2190352 5985224 0 443160 844084 273028 490996 3059752 8386556 0 8386556 0 0 880 0 0 608720 0 3769 153 0 0 0 0 42908 474 180 0 0 194 23 0 0 0 0 1242 1000 756 250 0 0 0 0 0 0 297 297 0 3769 3769 0 232 232 198629 2080 0 166458 0 0 0 0 0 0 0 0 0 0 0 0 0 0 0 7 559 0 0 1772 1643 1892 1882 1753 5304 3791 2517 1740 9 250
20150604 13:08:00 5 0 4 0 0 0 0 91 9 12731 18481 2 800 6 14.52 5.63 2.14 8175576 2199880 5975696 0 443160 845144 278896 492272 3059752 8386556 0 8386556 0 0 948 0 0 609776 0 814 93 0 0 0 0 47452 474 180 0 0 194 21 0 0 0 0 1001 865 390 224 0 0 0 0 0 0 78 78 0 814 814 0 0 0 200425 2080 0 167326 0 0 0 0 0 0 0 0 0 0 0 0 0 0 0 8 524 0 0 1674 1677 1894 1809 1703 5273 3791 2517 1740 9 250
20150604 13:08:10 9 0 7 0 0 1 0 83 17 17158 25926 9 800 0 14.89 6.00 2.30 8175576 2209472 5966104 0 443164 846488 281676 491200 3067744 8386556 0 8386556 0 0 5452 0 0 612604 0 2698 2424 1 0 0 0 48980 474 180 0 0 194 27 0 0 0 0 1528 1218 963 309 0 0 0 0 0 0 326 326 0 2698 2698 0 2 2 202242 2112 0 168218 0 0 0 0 0 0 0 0 0 0 0 0 0 0 0 10 650 0 0 844 1618 1996 1808 1666 5232 3792 2517 1740 9 250
20150604 13:08:20 11 0 8 1 0 1 0 79 20 19757 29313 2 800 1 14.67 6.25 2.42 8175576 2218432 5957144 0 443164 852680 279672 492548 3067744 8386556 0 8386556 0 0 3568 0 0 616304 0 6857 260 2 0 0 0 45732 474 180 0 0 194 28 0 0 0 0 1912 1417 1430 350 0 0 0 0 0 0 530 530 0 6857 6857 0 362 362 204039 2112 0 169134 0 0 0 0 0 0 0 0 0 0 0 0 0 0 0 14 716 0 0 1015 697 2020 1843 1643 5228 3792 2517 1740 8 250
20150604 13:08:30 6 0 5 0 0 0 0 88 12 13472 16958 2 799 4 14.84 6.57 2.56 8175576 2222576 5953000 0 443164 846900 282596 497020 3067744 8386556 0 8386556 0 0 2516 0 0 610488 0 2816 458 2 0 0 0 47784 474 180 0 0 194 24 0 0 0 0 1132 859 786 212 0 0 0 0 0 0 243 243 0 2816 2816 0 0 0 205332 2112 0 169752 0 0 0 0 0 0 0 0 0 0 0 0 0 0 0 9 449 0 0 1046 1130 2110 1857 1621 5198 3792 2517 1740 6 250
20150604 13:08:40 5 0 4 0 0 0 0 91 9 14086 19563 2 799 0 14.88 6.85 2.70 8175576 2230268 5945308 0 443164 850368 283984 497380 3067744 8386556 0 8386556 0 0 808 0 0 613212 0 1372 275 0 0 0 0 48380 474 180 0 0 194 42 0 0 0 0 1159 924 619 221 0 0 0 0 0 0 123 123 0 1372 1372 0 1 1 206520 2048 0 170355 0 0 0 0 0 0 0 0 0 0 0 0 0 0 0 8 540 0 0 717 919 2120 1816 1581 5200 3792 2517 1741 7 249
20150604 13:08:50 4 0 4 0 0 0 0 91 8 12781 17750 2 799 1 14.77 7.09 2.82 8175576 2228308 5947268 0 443164 843456 284604 497952 3067744 8386556 0 8386556 0 0 1360 0 0 609868 0 2038 106 0 0 0 0 47764 474 180 0 0 194 23 0 0 0 0 986 850 386 217 0 0 0 0 0 0 123 123 0 2038 2038 0 207 207 208230 2048 0 171218 0 0 0 0 0 0 0 0 0 0 0 0 0 0 0 12 508 0 0 1464 1116 2207 1812 1580 5183 3794 2517 1741 6 249
20150604 13:09:00 10 0 8 0 0 1 0 81 19 17639 27280 2 799 1 15.65 7.53 3.01 8175576 2239824 5935752 0 443164 844504 288832 499616 3067744 8386556 0 8386556 0 0 2220 0 0 610928 0 3430 413 1 0 0 0 50568 474 180 0 0 194 23 0 0 0 0 1529 1309 922 339 0 0 0 0 0 0 388 388 0 3430 3430 0 1 1 210324 2080 0 172251 0 0 0 0 0 0 0 0 0 0 0 0 0 0 0 11 700 0 0 1224 1315 2117 1847 1497 5164 3793 2519 1742 7 247
20150604 13:09:10 6 0 5 0 0 0 0 88 12 14439 21166 9 799 1 14.95 7.64 3.09 8175576 2247464 5928112 0 443164 848824 290820 499628 3076784 8386556 0 8386556 0 0 4660 0 0 614484 0 1358 2694 0 0 0 0 51604 474 180 0 0 194 47 0 0 0 0 1211 1009 635 249 0 0 0 0 0 0 154 154 0 1357 1357 0 2 2 211663 2112 0 172932 0 0 0 0 0 0 0 0 0 0 0 0 0 0 0 11 584 0 0 413 1360 2190 1827 1472 5161 3784 2519 1743 6 247
20150604 13:09:20 5 0 5 0 0 0 0 89 11 14262 20052 2 799 1 15.28 7.95 3.24 8175576 2249708 5925868 0 443164 844352 291604 500084 3076784 8386556 0 8386556 0 0 4496 0 0 613616 0 3585 218 0 0 0 0 51008 474 180 0 0 194 23 0 0 0 0 1194 957 626 247 0 0 0 0 0 0 199 199 0 3586 3586 0 370 370 213770 2112 0 173991 0 0 0 0 0 0 0 0 0 0 0 0 0 0 0 8 552 0 0 739 1334 2228 1837 1463 5157 3778 2522 1744 6 246
20150604 13:09:30 5 0 4 0 0 0 0 91 9 13757 18377 2 799 2 15.39 8.22 3.38 8175576 2257224 5918352 0 443164 849656 292992 499416 3076784 8386556 0 8386556 0 0 2960 0 0 617464 0 1868 335 1 0 0 0 51392 474 180 0 0 194 140 0 0 0 0 1120 911 606 221 0 0 0 0 0 0 148 148 0 1868 1868 0 0 0 215136 2080 0 174696 0 0 0 0 0 0 0 0 0 0 0 0 0 0 0 6 523 0 0 513 1025 2246 1896 1455 5150 3769 2525 1744 6 245
20150604 13:09:40 11 0 7 0 0 1 0 81 19 19043 26691 2 799 0 15.19 8.41 3.49 8175576 2261644 5913932 0 443164 846228 295036 498536 3076784 8386556 0 8386556 0 0 4644 0 0 610368 0 3752 945 2 0 0 0 52364 474 180 0 0 194 42 0 0 0 0 1571 1280 1066 321 0 0 0 0 0 0 442 442 0 3752 3752 0 1 1 216732 2080 0 175485 0 0 0 0 0 0 0 0 0 0 0 0 0 0 0 15 672 0 0 502 969 2269 1868 1449 5137 3763 2525 1744 6 245
20150604 13:09:50 10 0 8 1 0 1 0 81 18 18327 26793 2 800 0 15.85 8.77 3.66 8175576 2274288 5901288 0 443164 852116 295712 500712 3076784 8386556 0 8386556 0 0 2492 0 0 615228 0 5076 509 1 0 0 0 51632 474 180 0 0 194 22 0 0 0 0 1515 1314 922 341 0 0 0 0 0 0 421 421 0 5076 5076 0 251 251 218804 2080 0 176526 0 0 0 0 0 0 0 0 0 0 0 0 0 0 0 10 702 0 0 337 340 2157 1881 1460 5133 3741 2525 1744 6 245
20150604 13:10:00 4 0 4 0 0 0 0 91 9 13124 18038 2 799 2 16.12 9.06 3.81 8175576 2276512 5899064 0 443164 848388 297996 501232 3076784 8386556 0 8386556 0 0 1300 0 0 611472 0 1138 235 1 0 0 0 52740 474 180 0 0 194 42 0 0 0 0 1002 872 389 220 0 0 0 0 0 0 73 73 0 1138 1138 0 0 0 220453 2080 0 177317 0 0 0 0 0 0 0 0 0 0 0 0 0 0 0 7 526 0 0 820 637 2101 1872 1423 5110 3741 2525 1744 6 245
20150604 13:10:10 5 0 4 0 0 0 0 91 9 13050 17254 9 799 1 16.85 9.45 4.00 8175576 2283644 5891932 0 443164 845764 302976 500364 3065428 8386556 0 8386556 0 0 1516 0 0 610432 0 932 2279 0 0 0 0 56368 474 180 0 0 194 22 0 0 0 0 987 863 373 219 0 0 0 0 0 0 82 82 0 932 932 0 2 2 222375 2144 0 178302 0 0 0 0 0 0 0 0 0 0 0 0 0 0 0 12 510 0 0 1373 723 2103 1923 1398 5056 3728 2525 1744 6 245
20150604 13:10:20 4 0 4 0 0 0 0 92 8 12310 18022 2 800 1 16.89 9.70 4.14 8175576 2274040 5901536 0 443164 834564 301028 500728 3065428 8386556 0 8386556 0 0 560 0 0 604036 0 2812 105 0 0 0 0 53416 474 180 0 0 194 43 0 0 0 0 1000 869 391 216 0 0 0 0 0 0 134 134 0 2812 2812 0 366 366 223754 2112 0 178958 0 0 0 0 0 0 0 0 0 0 0 0 0 0 0 7 531 0 0 2344 1410 2138 1906 1439 5041 3727 2525 1744 6 245
20150604 13:10:30 4 0 4 0 0 0 0 92 8 12149 16738 2 800 0 16.91 9.94 4.27 8175576 2279808 5895768 0 443164 831364 308020 502036 3065428 8386556 0 8386556 0 0 1072 0 0 602640 0 551 164 0 0 0 0 59308 474 180 0 0 194 22 0 0 0 0 906 790 354 203 0 0 0 0 0 0 52 52 0 551 551 0 0 0 225282 2112 0 179645 0 0 0 0 0 0 0 0 0 0 0 0 0 0 0 6 475 0 0 2984 1556 2193 1878 1393 5024 3710 2525 1744 6 245
20150604 13:10:40 3 0 3 0 0 0 0 93 7 11864 15715 2 800 2 15.35 9.83 4.30 8175576 2282132 5893444 0 443164 832324 307224 500800 3065428 8386556 0 8386556 0 0 724 0 0 603560 0 817 281 0 0 0 0 57676 474 180 0 0 194 44 0 0 0 0 890 778 344 189 0 0 0 0 0 0 48 48 0 817 817 0 0 0 226602 2112 0 180386 0 0 0 0 0 0 0 0 0 0 0 0 0 0 0 6 466 0 0 2761 1580 2194 1887 1411 5011 3704 2525 1744 6 245
20150604 13:10:50 5 0 4 0 0 0 0 90 9 13345 18756 2 797 0 16.00 10.15 4.46 8175576 2283628 5891948 0 443164 828864 306520 501584 3065428 8386556 0 8386556 0 0 672 0 0 600192 0 2474 292 1 0 0 0 55756 472 178 0 2 192 43 0 0 0 0 1053 912 405 232 0 0 0 0 0 0 136 136 0 2474 2474 0 232 232 228374 2112 0 181265 0 0 0 0 0 0 0 0 0 0 0 0 0 0 0 7 552 0 0 2397 1889 2232 1900 1439 5003 3687 2525 1744 6 245
20150604 13:11:00 5 0 4 0 0 0 0 91 9 13077 18000 2 797 1 16.69 10.49 4.63 8175576 2288876 5886700 0 443164 825892 310908 503328 3065428 8386556 0 8386556 0 0 808 0 0 599528 0 744 547 0 0 0 0 58952 472 178 0 2 192 23 0 0 0 0 1000 862 387 218 0 0 0 0 0 0 74 74 0 744 744 0 0 0 230105 2112 0 182143 0 0 0 0 0 0 0 0 0 0 0 0 0 0 0 8 515 0 0 2418 2031 2298 1890 1396 4980 3681 2525 1744 6 245
20150604 13:11:10 4 0 4 0 0 0 0 92 8 11614 15098 9 797 1 17.01 10.76 4.78 8175576 2299856 5875720 0 443164 827300 314184 504180 3073432 8386556 0 8386556 0 0 1064 0 0 600932 0 842 2365 0 0 0 0 61052 472 178 0 2 192 21 0 0 0 0 863 747 333 195 0 0 0 0 0 0 66 66 0 842 842 0 2 2 231618 2112 0 182818 0 0 0 0 0 0 0 0 0 0 0 0 0 0 0 10 444 0 0 1480 2089 2306 1909 1408 4962 3662 2521 1744 6 245
20150604 13:11:20 5 0 4 0 0 0 0 91 9 12803 17925 2 797 1 16.70 10.90 4.89 8175576 2289912 5885664 0 443164 816372 311372 504384 3073432 8386556 0 8386556 0 0 464 0 0 591128 0 3215 419 1 0 0 0 57336 472 178 0 2 192 22 0 0 0 0 958 828 376 210 0 0 0 0 0 0 151 151 0 3215 3215 0 350 350 233297 2112 0 183725 0 0 0 0 0 0 0 0 0 0 0 0 0 0 0 7 500 0 0 2955 2391 2378 1915 1436 4971 3657 2518 1744 6 245
20150604 13:11:30 4 0 4 0 0 0 0 92 8 12114 16410 3 797 1 15.33 10.80 4.92 8175576 2293940 5881636 0 443164 813300 314872 505820 3073432 8386556 0 8386556 0 0 1124 0 0 590028 0 639 862 0 0 0 0 59776 472 178 0 2 192 24 0 0 0 0 923 804 359 204 0 0 0 0 0 0 66 66 0 639 639 0 0 0 234895 2080 0 184556 0 0 0 0 0 0 0 0 0 0 0 0 0 0 0 9 477 0 0 3028 2561 2422 1919 1397 4950 3652 2518 1744 6 245
20150604 13:11:40 4 0 4 0 0 0 0 91 8 12583 18304 2 795 0 13.71 10.61 4.93 8175576 2294124 5881452 0 443164 810228 314556 506552 3073432 8386556 0 8386556 0 0 468 0 0 590088 0 1000 465 0 0 0 0 58632 471 177 0 3 191 22 0 0 0 0 998 863 391 218 0 0 0 0 0 0 85 85 0 1000 1000 0 1 1 236307 2080 0 185225 0 0 0 0 0 0 0 0 0 0 0 0 0 0 0 9 531 0 0 3119 2782 2456 1890 1426 4945 3648 2514 1744 6 245
20150604 13:11:50 9 0 7 1 0 0 0 83 16 17872 26441 2 795 0 13.74 10.72 5.02 8175576 2307656 5867920 0 443164 815156 317156 509900 3073432 8386556 0 8386556 0 0 4740 0 0 595064 0 4125 301 0 0 0 0 60280 471 177 0 1 191 22 0 0 0 0 1506 1253 916 321 0 0 0 0 0 0 364 364 0 4125 4125 0 305 305 238151 2080 0 186175 0 0 0 0 0 0 0 0 0 0 0 0 0 0 0 11 664 0 0 702 2987 2488 1882 1400 4925 3648 2511 1744 6 245
20150604 13:12:00 14 0 10 0 0 1 0 75 25 21373 33339 2 795 1 13.96 10.87 5.13 8175576 2323232 5852344 0 443164 818440 317092 517672 3073432 8386556 0 8386556 0 0 8704 0 0 593248 0 5200 996 3 0 0 0 59260 471 177 0 1 191 27 0 0 0 0 1862 1548 1344 397 0 0 0 0 0 0 574 574 0 5200 5200 0 1 1 239781 2080 0 186987 0 0 0 0 0 0 0 0 0 0 0 0 0 0 0 11 776 0 0 50 1722 2538 1910 1430 4920 3642 2503 1744 6 245
20150604 13:12:10 9 0 8 0 0 1 0 82 18 17777 27016 9 795 0 14.03 10.99 5.24 8175576 2341140 5834436 0 443164 823884 323792 519764 3090144 8386556 0 8386556 0 0 9352 0 0 595532 0 3216 2490 1 0 0 0 64668 471 177 0 1 191 63 0 0 0 0 1525 1288 963 332 0 0 0 0 0 0 354 354 0 3216 3216 0 2 2 241551 2112 0 187850 0 0 0 0 0 0 0 0 0 0 0 0 0 0 0 11 694 0 0 299 1215 2334 1905 1402 4903 3624 2497 1744 6 245
20150604 13:12:20 5 0 5 0 0 0 0 90 10 13626 19216 2 795 1 13.14 10.89 5.27 8175576 2344668 5830908 0 443164 825192 322968 519952 3090144 8386556 0 8386556 0 0 4228 0 0 596836 0 3305 153 0 0 0 0 62548 471 177 0 1 191 23 0 0 0 0 1060 916 416 232 0 0 0 0 0 0 163 163 0 3305 3305 0 338 338 243378 2112 0 188780 0 0 0 0 0 0 0 0 0 0 0 0 0 0 0 7 549 0 0 204 1194 2291 1887 1412 4913 3615 2494 1744 6 245
20150604 13:12:30 3 0 3 0 0 0 0 93 6 11429 15070 2 795 0 11.12 10.54 5.21 8175576 2352100 5823476 0 443164 825896 327144 520232 3090144 8386556 0 8386556 0 0 1232 0 0 597572 0 839 135 0 0 0 0 65828 469 175 0 3 189 22 0 0 0 0 843 728 325 182 0 0 0 0 0 0 46 46 0 839 839 0 0 0 244679 2080 0 189441 0 0 0 0 0 0 0 0 0 0 0 0 0 0 0 6 444 0 0 163 1199 2275 1901 1397 4901 3610 2487 1744 6 245
20150604 13:12:40 4 0 4 0 0 0 0 91 9 13113 17895 2 795 2 9.57 10.22 5.16 8175576 2357836 5817740 0 443164 827240 328392 520520 3090144 8386556 0 8386556 0 0 1028 0 0 598900 0 1002 284 0 0 0 0 65960 469 175 0 2 189 22 0 0 0 0 993 855 383 218 0 0 0 0 0 0 62 62 0 1002 1002 0 0 0 246279 2080 0 190198 0 0 0 0 0 0 0 0 0 0 0 0 0 0 0 11 518 0 0 87 1148 2237 1897 1414 4899 3604 2480 1744 6 245
20150604 13:12:50 8 0 6 1 0 1 0 85 14 16691 24396 2 795 1 9.28 10.15 5.19 8175576 2368344 5807232 0 443164 829116 326512 524948 3090144 8386556 0 8386556 0 0 3772 0 0 599068 0 3738 745 1 0 0 0 62676 469 175 0 2 189 26 0 0 0 0 1385 1154 780 293 0 0 0 0 0 0 304 304 0 3738 3738 0 239 239 248092 2080 0 191138 0 0 0 0 0 0 0 0 0 0 0 0 0 0 0 11 620 0 0 86 704 2017 1911 1447 4905 3603 2469 1743 6 245
20150604 13:13:00 5 0 4 0 0 0 0 91 9 13086 17731 2 795 1 9.03 10.07 5.22 8175576 2378368 5797208 0 443164 831764 331244 524204 3090144 8386556 0 8386556 0 0 464 0 0 601188 0 1431 300 0 0 0 0 66292 469 175 0 2 189 23 0 0 0 0 1030 844 474 211 0 0 0 0 0 0 114 114 0 1431 1431 0 0 0 249790 2080 0 192008 0 0 0 0 0 0 0 0 0 0 0 0 0 0 0 10 503 0 0 77 553 2006 1826 1413 4899 3597 2467 1743 6 245
20150604 13:13:10 4 0 4 0 0 0 0 91 9 11943 17802 9 795 0 7.64 9.74 5.17 8175576 2390152 5785424 0 443164 832916 335428 527032 3098364 8386556 0 8386556 0 0 1236 0 0 602340 0 634 2308 0 0 0 0 69380 469 175 0 2 189 42 0 0 0 0 977 842 384 214 0 0 0 0 0 0 50 50 0 634 634 0 2 2 251281 2112 0 192728 0 0 0 0 0 0 0 0 0 0 0 0 0 0 0 9 506 0 0 270 403 1971 1803 1389 4886 3586 2465 1740 6 245
20150604 13:13:20 4 0 4 0 0 0 0 91 9 12890 17135 2 795 0 6.71 9.47 5.13 8175576 2390396 5785180 0 443164 833940 331600 525732 3098364 8386556 0 8386556 0 0 808 0 0 603340 0 2916 179 0 0 0 0 64252 469 175 0 2 189 22 0 0 0 0 944 818 366 208 0 0 0 0 0 0 164 164 0 2916 2916 0 315 315 253031 2080 0 193631 0 0 0 0 0 0 0 0 0 0 0 0 0 0 0 8 493 0 0 61 407 1969 1867 1426 4898 3579 2464 1737 6 245
20150604 13:13:30 15 0 10 1 0 1 0 74 26 21907 33932 2 797 3 8.14 9.69 5.25 8175576 2418540 5757036 0 443164 841980 338376 535484 3098364 8386556 0 8386556 0 0 5144 0 0 605728 0 5096 671 2 0 0 0 69436 469 175 0 0 189 23 0 0 0 0 1944 1624 1413 423 0 0 0 0 0 0 601 601 0 5096 5096 0 1 1 255043 2080 0 194595 0 0 0 0 0 0 0 0 0 0 0 0 0 0 0 14 799 0 0 54 37 1747 1735 1293 4889 3560 2462 1735 6 245
20150604 13:13:40 4 0 4 0 0 1 0 92 8 13512 19057 2 797 1 6.89 9.37 5.19 8175576 2419392 5756184 0 443164 838600 339384 536524 3098364 8386556 0 8386556 0 0 884 0 0 605504 0 1090 238 0 0 0 0 69592 469 175 0 0 189 41 0 0 0 0 1059 908 413 219 0 0 0 0 0 0 57 57 0 1090 1090 0 0 0 256290 2048 0 195236 0 0 0 0 0 0 0 0 0 0 0 0 0 0 0 7 554 0 0 797 59 1701 1686 1300 4883 3559 2462 1734 6 245
20150604 13:13:50 9 0 7 1 0 0 0 83 16 16250 23802 2 797 0 7.80 9.47 5.27 8175576 2426912 5748664 0 443164 843464 336844 537904 3098364 8386556 0 8386556 0 0 1088 0 0 607288 0 5154 303 1 0 0 0 65948 469 175 0 0 189 23 0 0 0 0 1268 1078 823 280 0 0 0 0 0 0 478 478 0 5154 5154 0 316 316 257899 2048 0 196080 0 0 0 0 0 0 0 0 0 0 0 0 0 0 0 8 568 0 0 141 138 1467 1745 1319 4894 3559 2462 1730 5 245
20150604 13:14:00 6 0 5 0 0 1 0 88 12 15102 21599 2 797 0 6.60 9.16 5.21 8175576 2430884 5744692 0 443164 839644 340008 538616 3098364 8386556 0 8386556 0 0 3712 0 0 608008 0 1464 180 0 0 0 0 67904 469 175 0 0 189 53 0 0 0 0 1247 1031 642 258 0 0 0 0 0 0 182 182 0 1464 1464 0 0 0 259449 2080 0 196807 0 0 0 0 0 0 0 0 0 0 0 0 0 0 0 7 595 0 0 697 320 1489 1767 1267 4885 3556 2459 1730 6 244
20150604 13:14:10 12 0 9 1 0 1 0 78 22 18801 28174 9 798 1 5.91 8.93 5.18 8175576 2440828 5734748 0 443172 837716 342744 541100 3099648 8386556 0 8386556 0 0 5408 0 0 604660 0 4857 2739 3 0 0 0 69380 469 175 0 0 189 29 0 0 0 0 1848 1384 1412 347 0 0 0 0 0 0 426 426 0 4857 4857 0 2 2 261228 2144 0 197700 0 0 0 0 0 0 0 0 0 0 0 0 0 0 0 17 693 0 0 803 632 1445 1804 1296 4890 3556 2454 1725 6 242
20150604 13:14:20 9 0 7 2 0 1 0 81 16 17827 25821 2 798 0 6.84 9.01 5.24 8175576 2456172 5719404 0 443172 842556 343348 548712 3099648 8386556 0 8386556 0 0 1440 0 0 606948 0 5414 736 1 0 0 0 68940 469 175 0 0 189 44 0 0 0 0 1413 1197 901 296 0 0 0 0 0 0 442 442 0 5414 5414 0 322 322 262627 2144 0 198342 0 0 0 0 0 0 0 0 0 0 0 0 0 0 0 8 649 0 0 631 213 1451 1867 1343 4889 3553 2455 1726 6 238
20150604 13:14:30 5 0 4 0 0 0 0 91 9 13579 19232 2 798 0 5.79 8.72 5.19 8175576 2464072 5711504 0 443172 840364 348332 549072 3099648 8386556 0 8386556 0 0 956 0 0 604580 0 1247 297 1 0 0 0 72812 469 175 0 0 189 22 0 0 0 0 1105 907 513 233 0 0 0 0 0 0 96 96 0 1247 1247 0 1 1 264288 2144 0 199210 0 0 0 0 0 0 0 0 0 0 0 0 0 0 0 11 546 0 0 1140 484 1543 1951 1359 4888 3552 2449 1724 4 236
20150604 13:14:40 9 0 7 0 0 1 0 82 17 18027 25723 2 798 1 5.12 8.48 5.15 8175576 2473948 5701628 0 443172 842308 350792 550828 3099648 8386556 0 8386556 0 0 1816 0 0 604332 0 3322 693 2 0 0 0 74092 469 175 0 0 189 50 0 0 0 0 1564 1250 1013 309 0 0 0 0 0 0 344 344 0 3321 3321 0 1 1 265921 2112 0 200007 0 0 0 0 0 0 0 0 0 0 0 0 0 0 0 8 660 0 0 1196 458 1574 1955 1382 4902 3556 2446 1723 4 233
20150604 13:14:50 10 0 8 1 0 1 0 79 19 19464 29056 2 798 0 5.90 8.53 5.20 8175576 2488388 5687188 0 443172 850868 350988 552724 3099648 8386556 0 8386556 0 0 5756 0 0 612960 0 5557 234 1 0 0 0 72636 469 175 0 0 189 24 0 0 0 0 1760 1354 1240 342 0 0 0 0 0 0 530 530 0 5558 5558 0 302 302 268131 2112 0 201138 0 0 0 0 0 0 0 0 0 0 0 0 0 0 0 12 704 0 0 3184 681 1538 1951 1366 4904 3555 2444 1724 3 228
20150604 13:15:00 9 0 7 0 0 1 0 82 17 17538 26114 2 798 0 5.55 8.37 5.18 8175576 2499148 5676428 0 443172 858064 350284 553672 3099648 8386556 0 8386556 0 0 4552 0 0 616084 0 4070 486 1 0 0 0 70808 469 175 0 0 189 29 0 0 0 0 1668 1270 1159 320 0 0 0 0 0 0 347 347 0 4070 4070 0 1 1 269653 2112 0 201920 0 0 0 0 0 0 0 0 0 0 0 0 0 0 0 10 668 0 0 2242 1393 1718 2036 1364 4906 3551 2440 1723 4 224
20150604 13:15:10 8 0 6 0 0 1 0 85 14 16169 22100 9 798 0 4.94 8.14 5.14 8175576 2519348 5656228 0 443172 867636 355892 556580 3115688 8386556 0 8386556 0 0 6632 0 0 623280 0 2738 2408 0 0 0 0 74884 469 175 0 0 189 23 0 0 0 0 1418 1065 980 262 0 0 0 0 0 0 309 309 0 2738 2738 0 2 2 271340 2080 0 202780 0 0 0 0 0 0 0 0 0 0 0 0 0 0 0 12 565 0 0 815 787 1733 1980 1342 4894 3553 2437 1723 4 223
20150604 13:15:20 8 0 6 2 0 1 0 83 15 15425 21280 2 797 1 6.78 8.42 5.26 8175576 2523780 5651796 0 443172 868568 353380 557912 3115688 8386556 0 8386556 0 0 4436 0 0 624192 0 5598 349 2 0 0 0 71460 469 175 0 0 189 24 0 0 0 0 1172 1019 776 256 0 0 0 0 0 0 464 464 0 5598 5598 0 358 358 272539 2080 0 203354 0 0 0 0 0 0 0 0 0 0 0 0 0 0 0 12 531 0 0 247 521 1697 2040 1368 4903 3551 2438 1721 5 222
20150604 13:15:30 9 0 7 0 0 1 0 83 17 16780 24863 2 797 0 6.25 8.26 5.25 8175576 2538020 5637556 0 443172 869248 361580 560468 3115688 8386556 0 8386556 0 0 1516 0 0 624668 0 3331 313 1 0 0 0 78304 469 175 0 0 189 22 0 0 0 0 1368 1173 865 309 0 0 0 0 0 0 387 387 0 3331 3331 0 1 1 274132 2080 0 204077 0 0 0 0 0 0 0 0 0 0 0 0 0 0 0 8 614 0 0 896 466 1369 2016 1355 4897 3547 2435 1719 5 221
20150604 13:15:40 4 0 3 0 0 0 0 93 7 12019 16038 2 797 0 5.29 7.98 5.19 8175576 2536032 5639544 0 443172 865512 361152 560452 3115688 8386556 0 8386556 0 0 1516 0 0 620832 0 903 250 1 0 0 0 77272 469 175 0 0 189 26 0 0 0 0 914 766 387 182 0 0 0 0 0 0 70 70 0 903 903 0 0 0 275198 2080 0 204640 0 0 0 0 0 0 0 0 0 0 0 0 0 0 0 6 473 0 0 1408 668 1375 2009 1355 4900 3545 2436 1719 4 221
20150604 13:15:50 10 0 8 3 0 1 0 78 19 19245 27748 2 797 1 6.65 8.18 5.28 8175576 2547352 5628224 0 443180 874704 358348 561164 3115688 8386556 0 8386556 0 0 8372 0 0 629688 0 5185 265 1 0 0 0 73396 469 175 0 0 189 43 0 0 0 0 1815 1356 1287 328 0 0 0 0 0 0 501 501 0 5185 5185 0 256 256 276581 2112 0 205347 0 0 0 0 0 0 0 0 0 0 0 0 0 0 0 13 703 0 0 688 112 1140 2040 1397 4902 3547 2437 1716 5 220
20150604 13:16:00 4 0 4 0 0 0 0 91 8 10408 15776 2 797 1 5.63 7.91 5.23 8175576 2559676 5615900 0 443180 876152 365044 563688 3115688 8386556 0 8386556 0 0 1152 0 0 631152 0 1474 165 0 0 0 0 78712 469 175 0 0 189 22 0 0 0 0 867 747 342 202 0 0 0 0 0 0 59 59 0 1474 1474 0 0 0 278280 2112 0 206122 0 0 0 0 0 0 0 0 0 0 0 0 0 0 0 10 444 0 0 517 84 1141 1980 1349 4897 3545 2437 1717 4 219
20150604 13:16:10 4 0 4 0 0 0 0 91 8 11271 15301 9 797 3 4.83 7.67 5.18 8175576 2554240 5621336 0 443184 864820 365604 563988 3115392 8386556 0 8386556 0 0 916 0 0 621724 0 1329 2452 2 0 0 0 78344 469 175 0 0 189 23 0 0 0 0 843 732 328 186 0 0 0 0 0 0 70 70 0 1329 1329 0 2 2 279859 2144 0 207001 0 0 0 0 0 0 0 0 0 0 0 0 0 0 0 10 439 0 0 1505 779 1182 1991 1369 4894 3544 2435 1716 4 218
20150604 13:16:20 15 0 11 3 0 1 0 70 27 24245 36724 2 797 3 5.65 7.75 5.23 8175576 2570124 5605452 0 443184 873016 363720 569724 3115392 8386556 0 8386556 0 0 4520 0 0 626356 0 8138 668 2 0 0 0 75160 469 175 0 0 189 27 0 0 0 0 2147 1674 1727 424 0 0 0 0 0 0 852 852 0 8136 8136 0 286 286 281674 2144 0 207867 0 0 0 0 0 0 0 0 0 0 0 0 0 0 0 12 813 0 0 147 184 1094 2007 1365 4896 3542 2431 1714 4 218
20150604 13:16:30 3 0 2 0 0 0 0 94 6 8503 8240 2 797 4 4.85 7.51 5.18 8175576 2566312 5609264 0 443184 863008 367620 569108 3115392 8386556 0 8386556 0 0 3816 0 0 618320 0 1180 577 2 0 0 0 78468 469 175 0 0 189 62 0 0 0 0 531 433 270 108 0 0 0 0 0 0 74 74 0 1181 1181 0 0 0 282546 2144 0 208261 0 0 0 0 0 0 0 0 0 0 0 0 0 0 0 6 244 0 0 1147 465 1273 1955 1336 4891 3543 2433 1714 5 217
20150604 13:16:40 8 0 7 0 0 1 0 84 15 17787 26128 2 797 1 4.35 7.31 5.14 8175576 2576112 5599464 0 443184 872032 367692 569272 3115392 8386556 0 8386556 0 0 4740 0 0 624152 0 2861 371 1 0 0 0 77752 469 175 0 0 189 42 0 0 0 0 1479 1270 908 311 0 0 0 0 0 0 305 305 0 2861 2861 0 1 1 283705 2112 0 208905 0 0 0 0 0 0 0 0 0 0 0 0 0 0 0 7 692 0 0 142 285 1186 1971 1332 4890 3537 2431 1713 5 217
20150604 13:16:50 5 0 5 2 0 0 0 88 10 13583 19339 3 797 2 4.00 7.14 5.10 8175576 2581664 5593912 0 443188 869216 368804 572668 3123428 8386556 0 8386556 0 0 988 0 0 622948 0 2513 758 0 0 0 0 77556 469 175 0 0 189 42 0 0 0 0 1040 897 408 234 0 0 0 0 0 0 173 173 0 2513 2513 0 145 145 285742 2112 0 209936 0 0 0 0 0 0 0 0 0 0 0 0 0 0 0 9 540 0 0 770 348 1195 1979 1313 4888 3540 2431 1709 5 216
20150604 13:17:00 4 0 3 0 0 0 0 92 7 10646 14589 2 797 1 3.38 6.90 5.05 8175576 2578152 5597424 0 443192 858092 372804 570816 3123428 8386556 0 8386556 0 0 1384 0 0 614340 0 765 302 1 0 0 0 80564 469 175 0 0 189 28 0 0 0 0 822 695 356 177 0 0 0 0 0 0 76 76 0 764 764 0 1 1 287086 2112 0 210611 0 0 0 0 0 0 0 0 0 0 0 0 0 0 0 9 417 0 0 2323 636 1266 1939 1293 4888 3539 2429 1711 3 216
20150604 13:17:10 15 0 11 1 0 1 0 73 26 21376 31214 9 797 7 3.60 6.84 5.05 8175576 2593956 5581620 0 443196 861352 376524 575264 3147932 8386556 0 8386556 0 0 4008 0 0 613976 0 6132 3000 3 0 0 0 83404 469 175 0 0 189 213 0 0 0 0 2049 1552 1699 390 0 0 0 0 0 0 633 633 0 6130 6130 0 3 3 288551 2080 0 211240 0 0 0 0 0 0 0 0 0 0 0 0 0 0 0 15 753 0 0 510 312 1408 1946 1303 4882 3537 2427 1708 3 215
20150604 13:17:20 6 0 5 3 0 0 0 86 11 13484 20256 2 797 0 4.17 6.85 5.07 8175576 2587008 5588568 0 443200 851380 373460 576948 3147932 8386556 0 8386556 0 0 1632 0 0 607208 0 4194 272 1 0 0 0 78952 469 175 0 0 189 22 0 0 0 0 1043 927 437 243 0 0 0 0 0 0 281 281 0 4197 4198 0 341 341 290373 2080 0 212216 0 0 0 0 0 0 0 0 0 0 0 0 0 0 0 12 538 0 0 1600 722 1460 1994 1293 4883 3536 2427 1708 4 214
20150604 13:17:30 4 0 4 0 0 0 0 92 8 11712 16898 2 797 0 3.53 6.62 5.02 8175576 2595764 5579812 0 443200 848756 381328 577780 3147932 8386556 0 8386556 0 0 1468 0 0 607572 0 651 403 0 0 0 0 85524 469 175 0 0 189 20 0 0 0 0 919 803 364 213 0 0 0 0 0 0 48 48 0 651 651 0 0 0 292106 2080 0 213023 0 0 0 0 0 0 0 0 0 0 0 0 0 0 0 9 475 0 0 1960 868 1469 1939 1281 4879 3531 2425 1706 4 213
20150604 13:17:40 7 0 5 0 0 0 0 87 13 15148 22923 2 797 1 3.23 6.45 4.98 8175576 2598188 5577388 0 443200 851276 378620 578492 3147932 8386556 0 8386556 0 0 3476 0 0 611464 0 2528 447 0 0 0 0 81924 469 175 0 0 189 28 0 0 0 0 1289 1071 758 272 0 0 0 0 0 0 255 255 0 2528 2528 0 0 0 293664 2048 0 213888 0 0 0 0 0 0 0 0 0 0 0 0 0 0 0 8 574 0 0 590 989 1607 2006 1321 4885 3533 2423 1705 4 212
20150604 13:17:50 9 0 7 2 0 1 0 80 17 18335 26979 2 797 0 3.42 6.39 4.97 8175576 2607996 5567580 0 443200 852676 378924 581492 3147932 8386556 0 8386556 0 0 4096 0 0 612444 0 4882 539 1 0 0 0 81132 469 124 0 39 189 73 0 0 0 0 1523 1260 981 315 0 0 0 0 0 0 464 464 0 4882 4882 0 233 233 295161 2080 0 214609 0 0 0 0 0 0 0 0 0 0 0 0 0 0 0 18 663 0 0 889 254 1568 2000 1299 4878 3533 2423 1703 4 212
20150604 13:18:00 5 0 4 0 0 0 0 91 9 13607 18556 2 797 0 2.90 6.18 4.92 8175576 2613796 5561780 0 443200 849700 384636 581540 3147932 8386556 0 8386556 0 0 596 0 0 611292 0 982 149 0 0 0 0 85676 469 124 0 39 189 91 0 0 0 0 1021 892 399 224 0 0 0 0 0 0 71 71 0 982 982 0 0 0 296731 2080 0 215394 0 0 0 0 0 0 0 0 0 0 0 0 0 0 0 7 542 0 0 944 434 1654 1934 1272 4874 3532 2421 1704 4 211
20150604 13:18:10 5 0 4 0 0 0 0 91 9 12789 18119 9 797 0 2.45 5.97 4.87 8175576 2624108 5551468 0 443200 850724 389896 581544 3147932 8386556 0 8386556 0 0 1280 0 0 612324 0 619 2470 0 0 0 0 89900 469 124 0 39 189 91 0 0 0 0 1010 865 389 215 0 0 0 0 0 0 60 60 0 619 619 0 2 2 298286 2144 0 216199 0 0 0 0 0 0 0 0 0 0 0 0 0 0 0 12 525 0 0 774 492 1644 1979 1281 4874 3529 2421 1703 3 209
20150604 13:18:20 4 0 4 2 0 0 0 89 9 12300 18714 2 797 0 2.16 5.79 4.82 8175576 2618836 5556740 0 443200 847716 384364 581700 3147932 8386556 0 8386556 0 0 964 0 0 612172 0 2870 195 0 0 0 0 83312 469 124 0 39 189 72 0 0 0 0 997 857 398 222 0 0 0 0 0 0 189 189 0 2870 2870 0 245 245 299918 2144 0 217016 0 0 0 0 0 0 0 0 0 0 0 0 0 0 0 11 522 0 0 1388 529 1657 2038 1318 4884 3531 2422 1699 3 209
20150604 13:18:30 3 0 3 0 0 0 0 94 6 10508 12715 2 795 0 1.82 5.60 4.77 8175576 2619192 5556384 0 443200 840872 388972 581540 3147932 8386556 0 8386556 0 0 1040 0 0 610004 0 452 145 0 0 0 0 86980 469 124 0 39 189 71 0 0 0 0 710 621 272 157 0 0 0 0 0 0 53 53 0 452 452 0 0 0 301292 2112 0 217763 0 0 0 0 0 0 0 0 0 0 0 0 0 0 0 7 370 0 0 2016 805 1750 1951 1291 4878 3528 2421 1699 3 209
20150604 13:18:40 4 0 4 0 0 0 0 91 9 13337 18984 2 795 1 1.54 5.42 4.72 8175576 2626148 5549428 0 443200 841700 392824 581792 3147932 8386556 0 8386556 0 0 944 0 0 610848 0 905 146 0 0 0 0 89780 469 124 0 39 189 91 0 0 0 0 1027 891 403 227 0 0 0 0 0 0 80 80 0 905 905 0 0 0 302838 2112 0 218437 0 0 0 0 0 0 0 0 0 0 0 0 0 0 0 7 531 0 0 2035 823 1752 1948 1278 4871 3526 2419 1699 5 207
20150604 13:18:50 4 0 4 1 0 1 0 90 8 13008 18646 2 795 0 1.39 5.26 4.67 8175576 2623040 5552536 0 443200 838628 389084 581848 3147932 8386556 0 8386556 0 0 908 0 0 610980 0 2429 269 0 0 0 0 84892 469 124 0 0 189 71 0 0 0 0 1001 868 394 219 0 0 0 0 0 0 152 152 0 2429 2429 0 206 206 304410 2080 0 219228 0 0 0 0 0 0 0 0 0 0 0 0 0 0 0 8 525 0 0 2358 941 1782 2039 1327 4884 3528 2416 1697 5 206
20150604 13:19:00 3 0 3 0 0 0 0 94 6 8598 10325 2 795 0 1.25 5.10 4.63 8175576 2625880 5549696 0 443204 834820 392872 581408 3147932 8386556 0 8386556 0 0 308 0 0 607172 0 699 284 1 0 0 0 87836 469 124 0 0 189 91 0 0 0 0 565 499 216 132 0 0 0 0 0 0 52 52 0 699 699 0 0 0 305816 2112 0 220011 0 0 0 0 0 0 0 0 0 0 0 0 0 0 0 8 290 0 0 2691 1110 1812 1967 1286 4886 3527 2418 1695 5 206
20150604 13:19:10 3 0 4 0 0 0 0 93 7 11016 15092 9 794 0 1.06 4.93 4.58 8175576 2630076 5545500 0 443204 831492 396340 581880 3145396 8386556 0 8386556 0 0 784 0 0 606192 0 457 2394 0 0 0 0 90660 469 124 0 0 189 72 0 0 0 0 823 713 320 172 0 0 0 0 0 0 58 58 0 457 457 0 2 2 306618 2144 0 220250 0 0 0 0 0 0 0 0 0 0 0 0 0 0 0 7 432 0 0 2841 1213 1893 1957 1270 4870 3528 2416 1694 4 206
20150604 13:19:20 4 0 4 5 0 0 0 87 8 12668 17836 2 794 1 1.06 4.80 4.54 8175576 2622760 5552816 0 443204 824708 393112 582688 3145396 8386556 0 8386556 0 0 948 0 0 603908 0 2883 233 0 0 0 0 86272 469 124 0 0 189 71 0 0 0 0 966 834 381 216 0 0 0 0 0 0 179 179 0 2883 2883 0 269 269 308329 2112 0 221182 0 0 0 0 0 0 0 0 0 0 0 0 0 0 0 9 496 0 0 3841 1385 1923 2011 1296 4873 3527 2416 1694 5 205
20150604 13:19:30 4 0 4 0 0 0 0 91 9 13577 18457 2 794 0 0.89 4.64 4.49 8175576 2630316 5545260 0 443204 820948 399756 582408 3145396 8386556 0 8386556 0 0 1268 0 0 600200 0 745 805 1 0 0 0 91844 469 124 0 0 189 72 0 0 0 0 1022 887 398 225 0 0 0 0 0 0 60 60 0 745 745 0 0 0 310050 2080 0 222046 0 0 0 0 0 0 0 0 0 0 0 0 0 0 0 7 529 0 0 3911 1538 1976 1990 1277 4865 3522 2413 1694 5 204
20150604 13:19:40 8 0 6 0 0 1 0 85 14 15085 24341 2 794 3 1.40 4.62 4.49 8175576 2641336 5534240 0 443204 827804 400128 585096 3145396 8386556 0 8386556 0 0 4844 0 0 605420 0 2460 242 0 0 0 0 90756 469 124 0 0 189 76 0 0 0 0 1341 1110 775 294 0 0 0 0 0 0 296 296 0 2460 2460 0 0 0 312122 2080 0 223096 0 0 0 0 0 0 0 0 0 0 0 0 0 0 0 10 615 0 0 2207 1563 1987 2030 1313 4864 3521 2412 1691 5 203
20150604 13:19:50 7 0 6 2 0 1 0 84 14 16854 23471 2 794 0 1.26 4.49 4.44 8175576 2645948 5529628 0 443204 827364 398832 585396 3145396 8386556 0 8386556 0 0 2572 0 0 604444 0 4664 416 1 0 0 0 88588 469 124 0 0 189 72 0 0 0 0 1487 1117 967 270 0 0 0 0 0 0 377 377 0 4664 4664 0 255 255 313775 2080 0 223906 0 0 0 0 0 0 0 0 0 0 0 0 0 0 0 12 623 0 0 1267 1627 2031 2064 1307 4863 3517 2413 1691 6 202
20150604 13:20:00 4 0 4 0 0 0 0 91 9 12011 18180 2 794 1 1.07 4.34 4.40 8175576 2652156 5523420 0 443204 824584 404264 586292 3145396 8386556 0 8386556 0 0 2944 0 0 603664 0 659 194 0 0 0 0 93024 469 124 0 0 189 71 0 0 0 0 996 855 391 220 0 0 0 0 0 0 69 69 0 659 659 0 0 0 315431 2080 0 224732 0 0 0 0 0 0 0 0 0 0 0 0 0 0 0 9 519 0 0 1531 1810 2038 1975 1274 4856 3513 2413 1689 6 202
20150604 13:20:10 4 0 3 0 0 0 0 92 8 11120 14022 9 794 2 0.98 4.21 4.35 8175576 2654616 5520960 0 443204 817440 408824 586548 3153540 8386556 0 8386556 0 0 860 0 0 596520 0 1373 2528 2 0 0 0 96752 469 124 0 0 189 92 0 0 0 0 777 677 296 174 0 0 0 0 0 0 62 62 0 1373 1373 0 2 2 316793 2080 0 225381 0 0 0 0 0 0 0 0 0 0 0 0 0 0 0 8 408 0 0 2393 1976 2036 1990 1293 4859 3512 2409 1688 5 201
20150604 13:20:20 4 0 4 2 0 0 0 89 8 13020 18128 2 794 1 0.83 4.08 4.31 8175576 2651348 5524228 0 443204 818720 403440 585528 3153540 8386556 0 8386556 0 0 1008 0 0 597720 0 2539 191 0 0 0 0 90476 469 124 0 0 189 71 0 0 0 0 989 860 386 211 0 0 0 0 0 0 146 146 0 2539 2539 0 236 236 318109 2080 0 226048 0 0 0 0 0 0 0 0 0 0 0 0 0 0 0 10 526 0 0 2485 1985 2041 2046 1308 4868 3514 2408 1687 5 201
20150604 13:20:30 5 0 4 0 0 1 0 91 9 13085 19001 2 794 1 0.70 3.94 4.26 8175576 2663656 5511920 0 443204 819872 411632 586324 3153540 8386556 0 8386556 0 0 912 0 0 598904 0 693 162 0 0 0 0 97416 469 124 0 0 189 71 0 0 0 0 1021 882 399 227 0 0 0 0 0 0 97 97 0 693 693 0 0 0 320012 2048 0 227005 0 0 0 0 0 0 0 0 0 0 0 0 0 0 0 7 531 0 0 2336 1989 2038 1979 1285 4856 3511 2407 1684 6 200
20150604 13:20:40 4 0 4 0 0 0 0 92 8 11510 15361 2 794 2 0.59 3.81 4.22 8175576 2668836 5506740 0 443204 820896 412952 587436 3153540 8386556 0 8386556 0 0 500 0 0 600008 0 994 131 0 0 0 0 97560 469 124 0 0 189 72 0 0 0 0 851 741 329 190 0 0 0 0 0 0 73 73 0 994 994 0 0 0 321733 2080 0 227925 0 0 0 0 0 0 0 0 0 0 0 0 0 0 0 10 448 0 0 2164 1991 2038 1993 1307 4858 3508 2405 1683 4 200
20150604 13:20:50 4 0 4 1 0 0 0 90 9 12380 17708 2 793 0 0.50 3.69 4.17 8175576 2672052 5503524 0 443204 822240 409092 586404 3153540 8386556 0 8386556 0 0 876 0 0 601360 0 2521 720 0 0 0 0 92612 469 124 0 0 189 71 0 0 0 0 979 850 381 214 0 0 0 0 0 0 149 149 0 2521 2521 0 234 234 323222 2080 0 228610 0 0 0 0 0 0 0 0 0 0 0 0 0 0 0 8 512 0 0 3443 2364 2176 2084 1331 4870 3510 2406 1681 1 197
20150604 13:21:00 5 0 4 0 0 0 0 91 9 12419 18695 2 793 1 0.42 3.56 4.13 8175576 2683340 5492236 0 443204 823492 415024 587732 3153540 8386556 0 8386556 0 0 496 0 0 602544 0 746 275 0 0 0 0 97332 469 124 0 0 189 71 0 0 0 0 1024 879 398 225 0 0 0 0 0 0 54 54 0 746 746 0 0 0 324937 2080 0 229464 0 0 0 0 0 0 0 0 0 0 0 0 0 0 0 9 533 0 0 4280 2711 2305 2007 1317 4863 3509 2403 1680 1 194
20150604 13:21:10 5 0 19 0 0 0 0 76 24 7059 6872 9 793 1 0.51 3.48 4.09 8175576 2690940 5484636 0 443204 824068 417324 588436 3145560 8386556 0 8386556 0 0 968 0 0 603132 0 521 2188 0 0 0 0 98944 469 124 0 0 189 70 0 0 0 0 380 338 133 88 0 0 0 0 0 0 74 74 0 521 521 0 2 2 325834 2048 0 229843 0 0 0 0 0 0 0 0 0 0 0 0 0 0 0 6 200 0 0 3723 2768 2321 2033 1310 4856 3507 2399 1681 3 192
20150604 13:21:20 6 0 23 2 0 0 0 68 29 5488 3503 2 793 1 0.59 3.40 4.06 8175576 2692796 5482780 0 443204 825220 414048 589416 3145560 8386556 0 8386556 0 0 892 0 0 604304 0 2774 247 0 0 0 0 94448 469 124 0 0 189 70 0 0 0 0 200 197 58 71 0 0 0 0 0 0 185 185 0 2774 2774 0 256 256 327540 2048 0 230694 0 0 0 0 0 0 0 0 0 0 0 0 0 0 0 8 92 0 0 3169 2778 2323 2103 1332 4860 3506 2400 1679 2 192
20150604 13:21:30 5 0 21 0 0 0 0 74 26 4713 1866 2 791 1 0.65 3.32 4.03 8175576 2695816 5479760 0 443204 826052 418028 584224 3133584 8386556 0 8386556 0 0 1096 0 0 604624 0 331 162 0 0 0 0 97772 452 114 0 3 176 89 0 0 0 0 140 138 36 46 0 0 0 0 0 0 41 41 0 331 331 0 0 0 328489 1984 0 231146 0 0 0 0 0 0 0 0 0 0 0 0 0 0 0 8 65 0 0 3137 2825 2331 2012 1312 4860 3505 2398 1679 3 192
20150604 13:21:40 1 0 1 0 0 0 0 98 2 4379 1252 2 791 0 0.55 3.21 3.98 8175576 2688496 5487080 0 443212 818292 417496 583452 3133584 8386556 0 8386556 0 0 28 0 0 596808 0 933 351 2 0 0 0 97068 452 114 0 3 176 90 0 0 0 0 108 106 20 25 0 0 0 0 0 0 40 40 0 933 933 0 1 1 328929 1984 0 231362 0 0 0 0 0 0 0 0 0 0 0 0 0 0 0 5 62 0 0 4042 3095 2383 2084 1313 4859 3502 2397 1677 4 192
20150604 13:21:50 0 0 0 3 0 0 0 97 0 5186 869 2 791 0 0.47 3.10 3.94 8175576 2684456 5491120 0 443212 818292 414844 583456 3133584 8386556 0 8386556 0 0 28 0 0 596808 0 1546 66 0 0 0 0 94408 452 114 0 3 176 110 0 0 0 0 88 87 9 9 0 0 0 0 0 0 127 127 0 1546 1546 0 224 224 328929 1952 0 231362 0 0 0 0 0 0 0 0 0 0 0 0 0 0 0 4 58 0 0 4206 3197 2393 2108 1331 4859 3503 2397 1677 4 192
20150604 13:22:00 0 0 0 0 0 0 0 99 1 3324 385 2 791 0 0.39 3.00 3.90 8175576 2683648 5491928 0 443212 818324 414488 583452 3133584 8386556 0 8386556 0 0 84 0 0 596824 0 1 108 0 0 0 0 94048 452 114 0 3 176 110 0 0 0 0 56 53 5 6 0 0 0 0 0 0 0 0 0 1 1 0 0 0 328929 1952 0 231362 0 0 0 0 0 0 0 0 0 0 0 0 0 0 0 5 34 0 0 4366 3199 2395 2104 1328 4864 3504 2396 1677 4 192
20150604 13:22:10 0 0 0 0 0 0 0 99 1 3963 434 9 791 0 0.33 2.90 3.86 8175576 2685956 5489620 0 443212 818328 414572 583452 3148044 8386556 0 8386556 0 0 136 0 0 596824 0 8 2208 0 0 0 0 94040 452 114 0 3 176 71 0 0 0 0 58 57 6 6 0 0 0 0 0 0 1 1 0 8 8 0 1 1 328929 2016 0 231362 0 0 0 0 0 0 0 0 0 0 0 0 0 0 0 4 32 0 0 4193 3188 2411 2034 1335 4864 3504 2396 1677 4 192
20150604 13:22:20 0 0 0 0 0 0 0 100 0 3218 379 2 791 1 0.28 2.81 3.82 8175576 2685092 5490484 0 443212 818328 414572 583452 3148044 8386556 0 8386556 0 0 136 0 0 596824 0 0 109 0 0 0 0 94040 452 114 0 3 176 70 0 0 0 0 57 55 6 6 0 0 0 0 0 0 0 0 0 0 0 0 0 0 328929 1984 0 231362 0 0 0 0 0 0 0 0 0 0 0 0 0 0 0 4 34 0 0 4308 3208 2420 2045 1333 4864 3504 2396 1677 4 192
20150604 13:22:30 0 0 0 0 0 0 0 100 0 3573 396 2 791 0 0.24 2.72 3.77 8175576 2684344 5491232 0 443212 818328 414572 583452 3148044 8386556 0 8386556 0 0 84 0 0 596824 0 5 120 0 0 0 0 94040 452 114 0 0 176 70 0 0 0 0 63 61 6 7 0 0 0 0 0 0 1 1 0 5 5 0 0 0 328929 1984 0 231362 0 0 0 0 0 0 0 0 0 0 0 0 0 0 0 4 39 0 0 4318 3217 2414 2068 1331 4864 3504 2396 1677 4 192
20150604 13:22:40 0 0 0 0 0 0 0 100 0 2939 388 2 792 1 0.20 2.63 3.73 8175576 2684096 5491480 0 443212 818328 414548 583456 3148044 8386556 0 8386556 0 0 60 0 0 596824 0 8 57 0 0 0 0 94016 452 114 0 0 176 70 0 0 0 0 58 56 6 6 0 0 0 0 0 0 2 2 0 8 8 0 0 0 328929 1984 0 231362 0 0 0 0 0 0 0 0 0 0 0 0 0 0 0 5 35 0 0 4316 3221 2416 2072 1332 4864 3504 2396 1677 4 192
20150604 13:22:50 0 0 0 0 0 0 0 100 0 4008 432 2 792 0 0.17 2.54 3.69 8175576 2683988 5491588 0 443212 818328 414556 583456 3148044 8386556 0 8386556 0 0 24 0 0 596824 0 4 57 0 0 0 0 94024 452 114 0 0 176 70 0 0 0 0 68 68 7 7 0 0 0 0 0 0 1 1 0 4 4 0 0 0 328929 1984 0 231362 0 0 0 0 0 0 0 0 0 0 0 0 0 0 0 4 44 0 0 4313 3218 2417 2069 1335 4864 3504 2396 1677 4 192
20150604 13:23:00 0 0 0 0 0 0 0 99 1 3541 441 2 792 0 0.14 2.46 3.65 8175576 2684068 5491508 0 443212 818364 414556 583456 3148044 8386556 0 8386556 0 0 76 0 0 596840 0 0 122 0 0 0 0 94024 452 114 0 0 176 90 0 0 0 0 62 60 6 7 0 0 0 0 0 0 0 0 0 0 0 0 0 0 328937 1952 0 231370 0 0 0 0 0 0 0 0 0 0 0 0 0 0 0 5 36 0 0 4319 3219 2416 2071 1334 4864 3504 2396 1677 4 192
20150604 13:23:10 0 0 0 0 0 0 0 99 1 4346 547 9 792 0 0.12 2.37 3.62 8175576 2685692 5489884 0 443212 818364 414532 583456 3148044 8386556 0 8386556 0 0 140 0 0 596840 0 7 2155 0 0 0 0 93912 452 114 0 0 176 70 0 0 0 0 73 71 7 8 0 0 0 0 0 0 1 1 0 7 7 0 1 1 328937 1984 0 231370 0 0 0 0 0 0 0 0 0 0 0 0 0 0 0 4 44 0 0 4151 3228 2410 2051 1330 4863 3504 2396 1677 4 192
20150604 13:23:20 0 0 0 0 0 0 0 100 0 3810 440 2 792 0 0.10 2.30 3.58 8175576 2684720 5490856 0 443212 818364 414532 583456 3148044 8386556 0 8386556 0 0 84 0 0 596840 0 6 113 0 0 0 0 93912 452 114 0 0 176 70 0 0 0 0 68 66 7 7 0 0 0 0 0 0 2 2 0 7 7 0 0 0 328937 1984 0 231370 0 0 0 0 0 0 0 0 0 0 0 0 0 0 0 5 40 0 0 4252 3255 2420 2056 1329 4864 3504 2396 1677 4 192
20150604 13:23:30 0 0 0 0 0 0 0 100 0 3946 479 2 791 0 0.09 2.22 3.54 8175576 2684092 5491484 0 443212 818364 414532 583456 3148044 8386556 0 8386556 0 0 36 0 0 596840 0 5 107 0 0 0 0 93912 452 114 0 0 176 80 0 0 0 0 76 75 8 8 0 0 0 0 0 0 0 0 0 5 5 0 0 0 328929 1984 0 231362 0 0 0 0 0 0 0 0 0 0 0 0 0 0 0 5 45 0 0 4289 3267 2428 2067 1328 4864 3504 2396 1677 4 192
20150604 13:23:40 0 0 0 0 0 0 0 100 0 4577 447 2 791 0 0.07 2.15 3.50 8175576 2683956 5491620 0 443212 818364 414524 583456 3148044 8386556 0 8386556 0 0 8 0 0 596840 0 3 55 0 0 0 0 93904 452 114 0 0 176 70 0 0 0 0 64 62 6 7 0 0 0 0 0 0 1 1 0 3 3 0 0 0 328929 1952 0 231362 0 0 0 0 0 0 0 0 0 0 0 0 0 0 0 4 41 0 0 4303 3261 2432 2066 1329 4864 3504 2396 1677 4 192
20150604 13:23:50 0 0 0 0 0 0 0 100 0 4198 461 2 791 0 0.06 2.08 3.46 8175576 2683696 5491880 0 443212 818364 414524 583456 3148044 8386556 0 8386556 0 0 0 0 0 596840 0 2 70 0 0 0 0 93904 452 114 0 0 176 90 0 0 0 0 71 69 7 8 0 0 0 0 0 0 0 0 0 1 1 0 0 0 328929 1984 0 231362 0 0 0 0 0 0 0 0 0 0 0 0 0 0 0 5 42 0 0 4326 3258 2436 2071 1327 4864 3504 2396 1677 4 192
20150604 13:24:00 0 0 0 0 0 0 0 99 1 4670 532 2 791 0 0.05 2.01 3.43 8175576 2683848 5491728 0 443216 818396 414488 583460 3148044 8386556 0 8386556 0 0 56 0 0 596856 0 1 95 0 0 0 0 93868 452 114 0 0 176 90 0 0 0 0 82 80 8 9 0 0 0 0 0 0 0 0 0 1 1 0 0 0 328929 1952 0 231362 0 0 0 0 0 0 0 0 0 0 0 0 0 0 0 4 53 0 0 4316 3256 2436 2069 1328 4864 3504 2396 1677 4 192
20150604 13:24:10 0 0 0 0 0 0 0 99 1 3120 516 9 791 1 0.05 1.94 3.39 8175576 2686848 5488728 0 443216 818396 414580 583460 3148044 8386556 0 8386556 0 0 136 0 0 596848 0 6 2145 0 0 0 0 93876 452 114 0 0 176 70 0 0 0 0 68 67 7 7 0 0 0 0 0 0 0 0 0 6 6 0 1 1 328929 2016 0 231362 0 0 0 0 0 0 0 0 0 0 0 0 0 0 0 5 41 0 0 3988 3214 2408 2049 1330 4865 3505 2397 1676 4 192
20150604 13:24:20 0 0 0 0 0 0 0 100 0 3896 469 2 791 0 0.04 1.88 3.35 8175576 2684940 5490636 0 443216 818396 414580 583460 3148044 8386556 0 8386556 0 0 136 0 0 596848 0 1 142 0 0 0 0 93876 452 114 0 0 176 90 0 0 0 0 70 68 7 7 0 0 0 0 0 0 0 0 0 1 1 0 0 0 328929 2016 0 231362 0 0 0 0 0 0 0 0 0 0 0 0 0 0 0 5 44 0 0 4247 3250 2420 2056 1327 4865 3505 2397 1676 4 192
20150604 13:24:30 0 0 0 0 0 0 0 100 0 3759 459 2 792 1 0.03 1.82 3.32 8175576 2684420 5491156 0 443216 818396 414548 583460 3148044 8386556 0 8386556 0 0 28 0 0 596848 0 11 93 0 0 0 0 93844 452 114 0 0 176 70 0 0 0 0 66 64 6 7 0 0 0 0 0 0 2 2 0 11 11 0 0 0 328929 2016 0 231362 0 0 0 0 0 0 0 0 0 0 0 0 0 0 0 5 40 0 0 4271 3250 2433 2062 1330 4865 3505 2397 1676 4 192
20150604 13:24:40 0 0 0 0 0 0 0 100 0 4352 458 2 792 0 0.03 1.76 3.28 8175576 2684308 5491268 0 443216 818396 414552 583456 3148044 8386556 0 8386556 0 0 12 0 0 596844 0 4 54 0 0 0 0 93848 452 114 0 0 176 70 0 0 0 0 66 64 7 7 0 0 0 0 0 0 1 1 0 4 4 0 0 0 328929 1984 0 231362 0 0 0 0 0 0 0 0 0 0 0 0 0 0 0 4 40 0 0 4281 3248 2432 2063 1330 4865 3505 2397 1676 4 192
20150604 13:24:50 0 0 0 0 0 0 0 100 0 4085 495 2 792 1 0.02 1.70 3.25 8175576 2684280 5491296 0 443216 818396 414560 583464 3148044 8386556 0 8386556 0 0 12 0 0 596844 0 2 55 0 0 0 0 93856 452 114 0 0 176 70 0 0 0 0 79 78 8 8 0 0 0 0 0 0 0 0 0 2 2 0 0 0 328929 1984 0 231362 0 0 0 0 0 0 0 0 0 0 0 0 0 0 0 4 52 0 0 4286 3247 2431 2065 1330 4865 3505 2397 1676 4 192
20150604 13:25:00 0 0 0 0 0 0 0 99 1 2822 434 2 792 0 0.02 1.64 3.21 8175576 2684184 5491392 0 443216 818436 414560 583464 3148044 8386556 0 8386556 0 0 68 0 0 596860 0 0 95 0 0 0 0 93856 452 114 0 0 176 70 0 0 0 0 61 58 6 6 0 0 0 0 0 0 0 0 0 0 0 0 0 0 328937 1984 0 231370 0 0 0 0 0 0 0 0 0 0 0 0 0 0 0 5 38 0 0 4312 3244 2432 2064 1331 4865 3505 2397 1676 4 192
20150604 13:25:10 0 0 0 0 0 0 0 99 1 5027 570 9 792 0 0.02 1.59 3.18 8175576 2686628 5488948 0 443216 818436 414600 583472 3148060 8386556 0 8386556 0 0 132 0 0 596856 0 8 2255 0 0 0 0 93892 452 114 0 0 176 70 0 0 0 0 90 89 9 9 0 0 0 0 0 0 1 1 0 8 8 0 1 1 328937 2016 0 231370 0 0 0 0 0 0 0 0 0 0 0 0 0 0 0 4 59 0 0 4007 3245 2409 2045 1326 4865 3505 2397 1676 4 192
20150604 13:25:20 0 0 0 0 0 0 0 100 0 4279 582 4 792 0 0.01 1.54 3.14 8175576 2685720 5489856 0 443216 818476 414560 583412 3148060 8386556 0 8386556 0 0 164 0 0 596892 0 15 161 0 0 0 0 93852 452 125 0 0 176 82 0 0 0 0 87 86 10 30 0 0 0 0 0 0 2 2 0 15 15 0 0 0 328943 2016 0 231376 0 0 0 0 0 0 0 0 0 0 0 0 0 0 0 6 55 0 0 4114 3250 2409 2068 1326 4865 3505 2397 1676 4 192
20150604 13:25:30 0 0 0 0 0 0 0 100 0 4164 484 2 792 0 0.01 1.49 3.11 8175576 2684188 5491388 0 443216 818496 414528 583416 3148060 8386556 0 8386556 0 0 104 0 0 596912 0 9 103 0 0 0 0 93820 452 125 0 0 176 62 0 0 0 0 78 79 8 20 0 0 0 0 0 0 1 1 0 9 9 0 0 0 328943 2016 0 231376 0 0 0 0 0 0 0 0 0 0 0 0 0 0 0 5 50 0 0 4256 3272 2422 2076 1327 4865 3505 2397 1676 4 192
20150604 13:25:40 0 0 0 0 0 0 0 100 0 4266 451 2 792 0 0.01 1.44 3.08 8175576 2683900 5491676 0 443216 818496 414520 583420 3148060 8386556 0 8386556 0 0 60 0 0 596912 0 15 55 0 0 0 0 93812 452 125 0 0 176 62 0 0 0 0 70 69 7 7 0 0 0 0 0 0 3 3 0 15 15 0 0 0 328943 1984 0 231376 0 0 0 0 0 0 0 0 0 0 0 0 0 0 0 4 43 0 0 4227 3280 2429 2080 1328 4865 3505 2397 1676 4 192
20150604 13:25:50 0 0 0 0 0 0 0 100 0 3467 441 2 792 0 0.01 1.39 3.04 8175576 2683752 5491824 0 443216 818496 414520 583416 3148060 8386556 0 8386556 0 0 8 0 0 596912 0 13 56 0 0 0 0 93812 452 125 0 0 176 62 0 0 0 0 68 67 7 7 0 0 0 0 0 0 2 2 0 13 13 0 1 1 328943 1984 0 231376 0 0 0 0 0 0 0 0 0 0 0 0 0 0 0 5 43 0 0 4232 3278 2430 2084 1328 4865 3505 2397 1676 4 192
20150604 13:26:00 0 0 0 0 0 0 0 99 1 4924 513 2 792 0 0.01 1.34 3.01 8175576 2683864 5491712 0 443224 818532 414520 583424 3148060 8386556 0 8386556 0 0 60 0 0 596932 0 1 96 0 0 0 0 93812 452 125 0 0 176 82 0 0 0 0 81 79 8 9 0 0 0 0 0 0 0 0 0 1 1 0 0 0 328943 1984 0 231376 0 0 0 0 0 0 0 0 0 0 0 0 0 0 0 4 52 0 0 4238 3275 2431 2083 1329 4866 3504 2397 1676 4 192
20150604 13:26:10 0 0 0 0 0 0 0 99 1 3712 503 9 792 0 0.01 1.30 2.98 8175576 2686168 5489408 0 443228 818532 414364 583424 3138588 8386556 0 8386556 0 0 132 0 0 596932 0 7 2145 0 0 0 0 93784 452 125 0 0 176 62 0 0 0 0 60 57 6 6 0 0 0 0 0 0 1 1 0 7 7 0 1 1 328943 2016 0 231376 0 0 0 0 0 0 0 0 0 0 0 0 0 0 0 5 34 0 0 3945 3252 2412 2071 1327 4864 3504 2396 1677 4 192
20150604 13:26:20 0 0 0 0 0 0 0 100 0 3267 442 2 792 0 0.01 1.26 2.95 8175576 2684488 5491088 0 443228 818532 414360 583424 3138588 8386556 0 8386556 0 0 140 0 0 596932 0 0 140 0 0 0 0 93780 452 125 0 0 176 62 0 0 0 0 62 61 6 7 0 0 0 0 0 0 0 0 0 0 0 0 0 0 328943 1984 0 231376 0 0 0 0 0 0 0 0 0 0 0 0 0 0 0 4 39 0 0 4108 3286 2425 2069 1326 4866 3504 2396 1677 4 192
20150604 13:26:30 0 0 0 0 0 0 0 100 0 4867 527 2 792 0 0.00 1.22 2.91 8175576 2683668 5491908 0 443228 818532 414360 583424 3138588 8386556 0 8386556 0 0 36 0 0 596932 0 10 124 0 0 0 0 93780 452 125 0 0 176 62 0 0 0 0 87 86 9 9 0 0 0 0 0 0 2 2 0 10 10 0 0 0 328943 1984 0 231376 0 0 0 0 0 0 0 0 0 0 0 0 0 0 0 4 57 0 0 4158 3284 2435 2084 1327 4865 3504 2396 1677 4 192
20150604 13:26:40 0 0 0 0 0 0 0 100 0 3810 464 2 792 0 0.00 1.18 2.88 8175576 2683832 5491744 0 443228 818532 414348 583416 3138588 8386556 0 8386556 0 0 8 0 0 596932 0 3 114 0 0 0 0 93768 452 125 0 0 176 102 0 0 0 0 73 72 7 8 0 0 0 0 0 0 1 1 0 3 3 0 0 0 328943 1984 0 231376 0 0 0 0 0 0 0 0 0 0 0 0 0 0 0 4 42 0 0 4186 3287 2435 2079 1328 4866 3504 2396 1677 4 192
20150604 13:26:50 0 0 0 0 0 0 0 100 0 5542 610 2 792 0 0.00 1.14 2.85 8175576 2683576 5492000 0 443228 818532 414344 583416 3138588 8386556 0 8386556 0 0 0 0 0 596932 0 2 74 0 0 0 0 93764 452 125 0 0 176 62 0 0 0 0 106 104 11 11 0 0 0 0 0 0 1 1 0 2 2 0 0 0 328943 1984 0 231376 0 0 0 0 0 0 0 0 0 0 0 0 0 0 0 4 77 0 0 4172 3285 2437 2080 1328 4866 3504 2396 1677 4 192
20150604 13:27:00 0 0 0 0 0 0 0 99 0 3877 457 2 792 0 0.00 1.10 2.82 8175576 2683628 5491948 0 443228 818564 414344 583424 3138588 8386556 0 8386556 0 0 56 0 0 596940 0 1 127 0 0 0 0 93764 452 125 0 0 176 62 0 0 0 0 62 61 6 7 0 0 0 0 0 0 0 0 0 1 1 0 0 0 328943 1984 0 231376 0 0 0 0 0 0 0 0 0 0 0 0 0 0 0 4 39 0 0 4173 3285 2437 2080 1329 4867 3503 2396 1677 4 192
20150604 13:27:10 0 0 0 0 0 0 0 99 1 3347 546 9 792 1 0.00 1.06 2.79 8175576 2685836 5489740 0 443232 818564 414288 583420 3138056 8386556 0 8386556 0 0 136 0 0 596936 0 6 2147 0 0 0 0 93748 452 125 0 0 176 82 0 0 0 0 77 76 8 8 0 0 0 0 0 0 0 0 0 6 6 0 1 1 328943 2016 0 231376 0 0 0 0 0 0 0 0 0 0 0 0 0 0 0 5 48 0 0 4012 3230 2410 2068 1331 4866 3503 2396 1677 4 192
20150604 13:27:20 0 0 0 0 0 0 0 100 0 3520 417 2 792 0 0.00 1.03 2.76 8175576 2684704 5490872 0 443232 818564 414288 583424 3138056 8386556 0 8386556 0 0 136 0 0 596940 0 2 114 0 0 0 0 93748 452 125 0 0 176 62 0 0 0 0 59 58 6 6 0 0 0 0 0 0 0 0 0 2 2 0 0 0 328943 2016 0 231376 0 0 0 0 0 0 0 0 0 0 0 0 0 0 0 5 35 0 0 4106 3277 2428 2063 1330 4866 3504 2396 1677 4 192
20150604 13:27:30 0 0 0 0 0 0 0 100 0 4245 475 2 792 0 0.00 0.99 2.73 8175576 2683908 5491668 0 443232 818564 414296 583428 3138056 8386556 0 8386556 0 0 28 0 0 596940 0 11 100 0 0 0 0 93756 452 125 0 0 176 62 0 0 0 0 76 75 8 8 0 0 0 0 0 0 2 2 0 11 11 0 0 0 328943 2016 0 231376 0 0 0 0 0 0 0 0 0 0 0 0 0 0 0 4 49 0 0 4129 3262 2436 2077 1330 4866 3504 2396 1677 4 192
20150604 13:27:40 0 0 0 0 0 0 0 100 0 3595 437 2 791 0 0.00 0.96 2.70 8175576 2683828 5491748 0 443232 818564 414292 583420 3138056 8386556 0 8386556 0 0 8 0 0 596940 0 3 92 0 0 0 0 93752 452 125 0 0 176 62 0 0 0 0 57 56 6 6 0 0 0 0 0 0 1 1 0 3 3 0 0 0 328935 1984 0 231368 0 0 0 0 0 0 0 0 0 0 0 0 0 0 0 4 34 0 0 4125 3274 2436 2092 1327 4866 3503 2396 1677 4 192
20150604 13:27:50 0 0 0 0 0 0 0 100 0 3710 435 2 791 0 0.00 0.93 2.67 8175576 2683640 5491936 0 443232 818564 414296 583424 3138056 8386556 0 8386556 0 0 8 0 0 596940 0 2 71 0 0 0 0 93756 452 125 0 0 176 62 0 0 0 0 65 64 6 7 0 0 0 0 0 0 0 0 0 2 2 0 0 0 328935 2016 0 231368 0 0 0 0 0 0 0 0 0 0 0 0 0 0 0 4 39 0 0 4166 3273 2434 2087 1328 4865 3504 2396 1677 4 192
20150604 13:28:00 0 0 0 0 0 0 0 99 1 4067 474 2 791 0 0.00 0.90 2.65 8175576 2683768 5491808 0 443232 818600 414308 583424 3138056 8386556 0 8386556 0 0 60 0 0 596956 0 0 100 0 0 0 0 93764 452 125 0 0 176 62 0 0 0 0 69 68 7 7 0 0 0 0 0 0 0 0 0 0 0 0 0 0 328935 1984 0 231368 0 0 0 0 0 0 0 0 0 0 0 0 0 0 0 4 43 0 0 4147 3269 2433 2079 1330 4866 3504 2396 1677 4 192
20150604 13:28:10 0 0 0 0 0 0 0 99 1 4768 584 9 791 0 0.00 0.87 2.62 8175576 2686404 5489172 0 443232 818600 414448 583428 3146080 8386556 0 8386556 0 0 132 0 0 596952 0 7 2156 0 0 0 0 93780 452 125 0 0 176 62 0 0 0 0 84 84 8 9 0 0 0 0 0 0 0 0 0 7 7 0 1 1 328935 2016 0 231368 0 0 0 0 0 0 0 0 0 0 0 0 0 0 0 4 53 0 0 3957 3272 2429 2062 1323 4865 3503 2396 1677 4 192
20150604 13:28:20 0 0 0 0 0 0 0 100 0 4855 510 2 791 1 0.00 0.84 2.59 8175576 2684452 5491124 0 443232 818600 414444 583432 3146080 8386556 0 8386556 0 0 140 0 0 596952 0 0 112 0 0 0 0 93776 452 125 0 0 176 62 0 0 0 0 80 79 8 8 0 0 0 0 0 0 0 0 0 0 0 0 0 0 328935 2016 0 231368 0 0 0 0 0 0 0 0 0 0 0 0 0 0 0 4 52 0 0 4143 3309 2447 2059 1325 4866 3503 2396 1677 4 192
20150604 13:28:30 0 0 0 0 0 0 0 100 0 3546 430 2 791 0 0.00 0.81 2.56 8175576 2683976 5491600 0 443232 818600 414444 583428 3146080 8386556 0 8386556 0 0 36 0 0 596952 0 10 93 0 0 0 0 93776 452 125 0 0 176 62 0 0 0 0 65 64 6 7 0 0 0 0 0 0 2 2 0 10 10 0 0 0 328935 1984 0 231368 0 0 0 0 0 0 0 0 0 0 0 0 0 0 0 4 40 0 0 4184 3302 2452 2068 1325 4866 3503 2396 1677 4 192
20150604 13:28:40 0 0 0 0 0 0 0 100 0 4535 456 2 791 0 0.00 0.79 2.53 8175576 2683924 5491652 0 443232 818600 414444 583424 3146080 8386556 0 8386556 0 0 8 0 0 596952 0 3 55 0 0 0 0 93776 452 125 0 0 176 62 0 0 0 0 69 67 7 7 0 0 0 0 0 0 1 1 0 3 3 0 0 0 328935 1984 0 231368 0 0 0 0 0 0 0 0 0 0 0 0 0 0 0 5 43 0 0 4187 3299 2450 2071 1325 4866 3503 2396 1677 4 192
20150604 13:28:50 0 0 0 0 0 0 0 100 0 3974 522 2 791 0 0.00 0.76 2.51 8175576 2683884 5491692 0 443232 818600 414444 583424 3146080 8386556 0 8386556 0 0 0 0 0 596952 0 1 56 0 0 0 0 93776 452 125 0 0 176 82 0 0 0 0 81 82 8 9 0 0 0 0 0 0 0 0 0 1 1 0 0 0 328935 1984 0 231368 0 0 0 0 0 0 0 0 0 0 0 0 0 0 0 4 54 0 0 4195 3300 2450 2072 1325 4866 3503 2396 1677 4 192
