################################################################################
# Collectl:   V3.6.0-1  HiRes: 1  Options: -o z -D -P -i 10 -f /mnt/vol2/msevilla/ceph-logs/osd/cpu/ 
# Host:       issdm-34  DaemonOpts: -f /var/log/collectl -r00:00,7 -m -F60 -s+YZ
# Distro:       Platform: H8DMR-82
# Date:       20150604-130344  Secs: 1433448224 TZ: -0700
# SubSys:     bcdfijmnstYZ Options: z Interval: 10:60 NumCPUs: 4  NumBud: 4 Flags: i
# Filters:    NfsFilt:  EnvFilt: 
# HZ:         100  Arch: x86_64-linux-gnu-thread-multi PageSize: 4096
# Cpu:        AuthenticAMD Speed(MHz): 2010.265 Cores: 2  Siblings: 2
# Kernel:     3.4.0-030400-generic  Memory: 8177412 kB  Swap: 8386556 kB
# NumDisks:   5 DiskNames: sda sdb sdc sdd sde
# NumNets:    4 NetNames: eth0:?? eth1:1000 eth2:1000 lo:
# NumSlabs:   133 Version: 2.1
# IConnect:   NumHCAs: 1 PortStates: 0 IBVersion:  PQVersion: 
# SCSI:       DA:0:00:00:00 DA:1:00:00:00 DA:2:00:00:00 DA:3:00:00:00 DA:5:00:00:00 CD:6:00:01:00
################################################################################
#Date Time [CPU]User% [CPU]Nice% [CPU]Sys% [CPU]Wait% [CPU]Irq% [CPU]Soft% [CPU]Steal% [CPU]Idle% [CPU]Totl% [CPU]Intrpt/sec [CPU]Ctx/sec [CPU]Proc/sec [CPU]ProcQue [CPU]ProcRun [CPU]L-Avg1 [CPU]L-Avg5 [CPU]L-Avg15 [MEM]Tot [MEM]Used [MEM]Free [MEM]Shared [MEM]Buf [MEM]Cached [MEM]Slab [MEM]Map [MEM]Commit [MEM]SwapTot [MEM]SwapUsed [MEM]SwapFree [MEM]SwapIn [MEM]SwapOut [MEM]Dirty [MEM]Clean [MEM]Laundry [MEM]Inactive [MEM]PageIn [MEM]PageOut [MEM]PageFaults [MEM]PageMajFaults [MEM]HugeTotal [MEM]HugeFree [MEM]HugeRsvd [MEM]SUnreclaim [SOCK]Used [SOCK]Tcp [SOCK]Orph [SOCK]Tw [SOCK]Alloc [SOCK]Mem [SOCK]Udp [SOCK]Raw [SOCK]Frag [SOCK]FragMem [NET]RxPktTot [NET]TxPktTot [NET]RxKBTot [NET]TxKBTot [NET]RxCmpTot [NET]RxMltTot [NET]TxCmpTot [NET]RxErrsTot [NET]TxErrsTot [DSK]ReadTot [DSK]WriteTot [DSK]OpsTot [DSK]ReadKBTot [DSK]WriteKBTot [DSK]KbTot [DSK]ReadMrgTot [DSK]WriteMrgTot [DSK]MrgTot [INODE]NumDentry [INODE]openFiles [INODE]MaxFile% [INODE]used [NFS]ReadsS [NFS]WritesS [NFS]MetaS [NFS]CommitS [NFS]Udp [NFS]Tcp [NFS]TcpConn [NFS]BadAuth [NFS]BadClient [NFS]ReadsC [NFS]WritesC [NFS]MetaC [NFS]CommitC [NFS]Retrans [NFS]AuthRef [TCP]PureAcks [TCP]HPAcks [TCP]Loss [TCP]FTrans [BUD]1Page [BUD]2Pages [BUD]4Pages [BUD]8Pages [BUD]16Pages [BUD]32Pages [BUD]64Pages [BUD]128Pages [BUD]256Pages [BUD]512Pages [BUD]1024Pages
20150604 13:04:10 1 0 0 0 0 1 0 98 2 6991 1008 6 879 0 0.03 0.12 0.19 8177412 1661920 6515492 0 282440 718164 162264 411572 2824652 8386556 0 8386556 0 0 56 0 0 540340 0 8 2138 0 0 0 0 32468 522 252 0 0 267 107 0 0 0 0 143 143 15 15 0 0 0 0 0 0 1 1 0 8 8 0 1 1 113261 1984 0 95218 0 0 0 0 0 0 0 0 0 0 0 0 0 0 0 4 74 0 0 921 792 1232 1242 707 446 346 113 42 17 1494
20150604 13:04:20 2 0 1 0 0 0 0 96 3 8960 4920 0 883 0 0.03 0.12 0.19 8177412 1665300 6512112 0 282444 723668 162264 410984 2824652 8386556 0 8386556 0 0 1516 0 0 545580 0 1249 73 0 0 0 0 32468 524 254 0 0 269 108 0 0 0 0 488 313 472 52 0 0 0 0 0 0 161 161 0 1249 1249 0 0 0 113269 1952 0 95221 0 0 0 0 0 0 0 0 0 0 0 0 0 0 0 7 136 0 0 961 765 1030 1243 707 446 346 113 42 17 1494
20150604 13:04:30 5 0 3 0 0 0 0 91 9 11140 10906 0 883 0 0.02 0.12 0.19 8177412 1665228 6512184 0 282444 723420 162208 407404 2824652 8386556 0 8386556 0 0 4480 0 0 544996 0 2498 209 1 0 0 0 32456 524 254 0 0 269 116 0 0 0 0 744 581 733 115 0 0 0 0 0 0 308 308 0 2498 2498 0 1 1 113274 1952 0 95220 0 0 0 0 0 0 0 0 0 0 0 0 0 0 0 4 251 0 0 988 919 1023 1173 708 447 347 114 42 17 1494
20150604 13:04:40 5 0 4 1 0 0 0 90 9 12356 11565 0 883 0 0.02 0.11 0.19 8177412 1675840 6501572 0 282444 734452 162252 407784 2824652 8386556 0 8386556 0 0 4344 0 0 555580 0 2976 143 0 0 0 0 32456 524 254 0 0 269 103 0 0 0 0 765 646 753 132 0 0 0 0 0 0 373 373 0 2976 2976 0 1 1 113274 1952 0 95221 0 0 0 0 0 0 0 0 0 0 0 0 0 0 0 6 262 0 0 802 819 1040 927 687 447 347 114 42 17 1494
20150604 13:04:50 0 0 0 0 0 0 0 99 0 6775 789 0 883 0 0.02 0.11 0.18 8177412 1675280 6502132 0 282444 734452 162252 407780 2824652 8386556 0 8386556 0 0 4 0 0 555584 0 440 28 0 0 0 0 32456 524 254 0 0 269 108 0 0 0 0 123 122 13 13 0 0 0 0 0 0 2 2 0 440 440 0 0 0 113276 1952 0 95221 0 0 0 0 0 0 0 0 0 0 0 0 0 0 0 3 60 0 0 805 860 1044 928 687 447 347 114 42 17 1494
20150604 13:05:00 0 0 0 0 0 0 0 99 1 7243 857 0 883 0 0.01 0.10 0.18 8177412 1675340 6502072 0 282444 734460 162220 407788 2824652 8386556 0 8386556 0 0 12 0 0 555584 0 11 29 0 0 0 0 32424 524 254 0 0 269 108 0 0 0 0 136 137 15 15 0 0 0 0 0 0 2 2 0 11 11 0 0 0 113276 1952 0 95221 0 0 0 0 0 0 0 0 0 0 0 0 0 0 0 3 64 0 0 768 867 1044 929 687 447 347 114 42 17 1494
20150604 13:05:10 4 0 3 1 0 0 0 92 8 10500 8070 7 883 0 0.01 0.10 0.18 8177412 1680972 6496440 0 282444 736860 162568 408320 2824784 8386556 0 8386556 0 0 2860 0 0 557676 0 1797 2316 1 0 0 0 32664 524 254 0 0 269 128 0 0 0 0 552 476 505 94 0 0 0 0 0 0 249 249 0 1797 1797 0 1 1 113282 1952 0 95223 0 0 0 0 0 0 0 0 0 0 0 0 0 0 0 5 184 0 0 885 746 1025 958 605 444 347 114 42 17 1494
20150604 13:05:20 6 0 4 0 0 0 0 89 10 12086 12883 0 883 0 0.09 0.11 0.18 8177412 1682444 6494968 0 282444 739344 162688 406988 2824784 8386556 0 8386556 0 0 7252 0 0 559524 0 2989 202 2 0 0 0 32680 524 254 0 0 269 204 0 0 0 0 871 690 877 140 0 0 0 0 0 0 350 350 0 2989 2989 0 0 0 113288 1952 0 95227 0 0 0 0 0 0 0 0 0 0 0 0 0 0 0 9 273 0 0 993 691 982 930 603 444 347 114 42 17 1494
20150604 13:05:30 5 0 4 1 0 0 0 91 9 11800 10673 0 883 0 0.24 0.14 0.19 8177412 1689528 6487884 0 282444 748260 162764 407028 2824784 8386556 0 8386556 0 0 5960 0 0 568104 0 2642 128 0 0 0 0 32632 524 254 0 0 269 116 0 0 0 0 682 602 619 120 0 0 0 0 0 0 341 341 0 2642 2642 0 2 2 113288 1952 0 95228 0 0 0 0 0 0 0 0 0 0 0 0 0 0 0 5 266 0 0 788 688 960 858 595 426 344 114 42 17 1494
20150604 13:05:40 0 0 0 0 0 0 0 99 0 6808 764 0 883 0 0.20 0.14 0.19 8177412 1689056 6488356 0 282444 748344 162780 407164 2824784 8386556 0 8386556 0 0 68 0 0 568304 0 606 28 0 0 0 0 32632 524 254 0 0 269 108 0 0 0 0 114 114 12 12 0 0 0 0 0 0 3 3 0 606 606 0 1 1 113288 1952 0 95228 0 0 0 0 0 0 0 0 0 0 0 0 0 0 0 3 56 0 0 853 694 964 865 595 426 344 114 42 17 1494
20150604 13:05:50 0 0 1 0 0 0 0 99 1 7098 1259 0 883 0 0.32 0.17 0.20 8177412 1690804 6486608 0 282444 748600 163660 407392 2824784 8386556 0 8386556 0 0 252 0 0 568516 0 83 34 0 0 0 0 33500 524 254 0 0 269 108 0 0 0 0 141 141 22 19 0 0 0 0 0 0 19 19 0 83 83 0 0 0 113614 1952 0 95390 0 0 0 0 0 0 0 0 0 0 0 0 0 0 0 4 70 0 0 664 672 965 839 595 426 344 114 42 17 1494
20150604 13:06:00 2 0 2 0 0 0 0 96 4 7251 3838 0 883 0 0.27 0.16 0.20 8177412 1697656 6479756 0 282448 749376 165984 408244 2824784 8386556 0 8386556 0 0 1128 0 0 569276 0 902 53 0 0 0 0 35804 524 254 0 0 269 127 0 0 0 0 249 240 57 73 0 0 0 0 0 0 116 116 0 902 902 0 51 51 115010 1952 0 96088 0 0 0 0 0 0 0 0 0 0 0 0 0 0 0 6 122 0 0 101 455 956 752 590 425 344 113 41 18 1494
20150604 13:06:10 7 0 5 1 0 0 0 87 12 11606 12290 6 883 0 0.23 0.16 0.20 8177412 1699980 6477432 0 282448 743432 166804 404000 2824784 8386556 0 8386556 0 0 2028 0 0 563208 0 3488 2320 2 0 0 0 36280 524 254 0 0 269 107 0 0 0 0 675 582 560 161 0 0 0 0 0 0 400 400 0 3488 3488 0 77 77 116823 1952 0 96989 0 0 0 0 0 0 0 0 0 0 0 0 0 0 0 9 240 0 0 797 638 871 817 612 416 311 113 42 18 1494
20150604 13:06:20 2 0 2 0 0 0 0 96 4 7262 3939 0 883 0 0.27 0.17 0.20 8177412 1703920 6473492 0 282448 740616 171400 403356 2824784 8386556 0 8386556 0 0 2168 0 0 560632 0 944 53 0 0 0 0 40508 524 254 0 0 269 103 0 0 0 0 245 236 57 69 0 0 0 0 0 0 113 113 0 945 945 0 86 86 118241 1920 0 97697 0 0 0 0 0 0 0 0 0 0 0 0 0 0 0 7 126 0 0 909 744 750 708 613 416 311 113 42 18 1494
20150604 13:06:30 2 0 2 1 0 0 0 95 4 7955 3927 0 883 0 0.37 0.19 0.21 8177412 1691808 6485604 0 282448 728736 167404 403496 2824784 8386556 0 8386556 0 0 776 0 0 549268 0 2496 76 1 0 0 0 35692 524 254 0 0 269 102 0 0 0 0 233 226 53 62 0 0 0 0 0 0 186 186 0 2496 2496 0 217 217 119521 1920 0 98335 0 0 0 0 0 0 0 0 0 0 0 0 0 0 0 8 113 0 0 1469 914 708 967 623 418 311 113 42 18 1494
20150604 13:06:40 2 0 2 0 0 0 0 95 4 7669 4664 0 883 0 0.55 0.24 0.22 8177412 1701916 6475496 0 282448 729568 174500 404428 2824784 8386556 0 8386556 0 0 1436 0 0 550068 0 757 58 0 0 0 0 41696 524 254 0 0 269 123 0 0 0 0 270 256 66 79 0 0 0 0 0 0 129 129 0 757 757 0 32 32 121233 1920 0 99191 0 0 0 0 0 0 0 0 0 0 0 0 0 0 0 8 129 0 0 1448 921 610 687 628 417 312 113 42 18 1494
20150604 13:06:50 2 0 2 0 0 0 0 95 5 7955 4822 0 884 0 0.54 0.25 0.22 8177412 1706824 6470588 0 282448 731104 174952 403108 2824784 8386556 0 8386556 0 0 988 0 0 551628 0 1880 60 0 0 0 0 41044 524 254 0 0 269 108 0 0 0 0 262 247 66 78 0 0 0 0 0 0 182 182 0 1880 1880 0 154 154 122973 1920 0 100061 0 0 0 0 0 0 0 0 0 0 0 0 0 0 0 6 124 0 0 1123 912 591 600 621 417 312 113 42 18 1494
20150604 13:07:00 2 0 2 1 0 0 0 95 5 7757 4772 0 884 0 0.68 0.29 0.24 8177412 1706728 6470684 0 282448 728168 173588 404280 2824784 8386556 0 8386556 0 0 1388 0 0 549012 0 2070 61 0 0 0 0 38656 524 254 0 0 269 108 0 0 0 0 274 264 66 78 0 0 0 0 0 0 178 178 0 2070 2070 0 177 177 124649 1920 0 100898 0 0 0 0 0 0 0 0 0 0 0 0 0 0 0 8 140 0 0 1125 1019 607 626 588 417 313 113 42 18 1494
20150604 13:07:10 3 0 2 1 0 0 0 93 5 8313 5008 6 884 0 0.57 0.28 0.24 8177412 1717844 6459568 0 282452 729408 177744 403328 2824784 8386556 0 8386556 0 0 996 0 0 550268 0 1428 2138 0 0 0 0 41676 524 254 0 0 269 128 0 0 0 0 267 256 66 76 0 0 0 0 0 0 166 166 0 1428 1428 0 91 91 126399 1984 0 101777 0 0 0 0 0 0 0 0 0 0 0 0 0 0 0 8 128 0 0 716 1030 583 425 545 417 313 113 42 18 1494
20150604 13:07:20 2 0 2 0 0 0 0 96 4 7946 3883 0 884 0 0.48 0.27 0.23 8177412 1713064 6464348 0 282452 722048 177720 403252 2824784 8386556 0 8386556 0 0 1232 0 0 543452 0 1192 52 0 0 0 0 40852 524 254 0 0 269 107 0 0 0 0 258 258 57 68 0 0 0 0 0 0 113 113 0 1192 1192 0 74 74 127755 1984 0 102453 0 0 0 0 0 0 0 0 0 0 0 0 0 0 0 7 126 0 0 1501 1155 621 440 538 417 313 113 42 18 1494
20150604 13:07:30 2 0 2 1 0 0 0 95 4 7962 4382 0 884 0 0.56 0.29 0.24 8177412 1708312 6469100 0 282452 714492 177352 403552 2824784 8386556 0 8386556 0 0 764 0 0 536240 0 2339 83 1 0 0 0 39784 524 254 0 0 269 107 0 0 0 0 253 240 60 74 0 0 0 0 0 0 209 209 0 2284 2284 0 201 201 129299 1984 0 103223 0 0 0 0 0 0 0 0 0 0 0 0 0 0 0 8 122 0 0 1978 1291 681 459 525 424 313 113 42 18 1494
20150604 13:07:40 7 0 5 0 0 0 0 88 12 12367 13098 0 884 0 2.18 0.65 0.36 8177412 1718996 6458416 0 282452 723336 178480 404260 2824784 8386556 0 8386556 0 0 4908 0 0 544388 0 2904 160 0 0 0 0 40160 524 254 0 0 269 108 0 0 0 0 694 680 564 168 0 0 0 0 0 0 451 451 0 2958 2958 0 52 52 130601 1984 0 103874 0 0 0 0 0 0 0 0 0 0 0 0 0 0 0 7 290 0 0 199 1185 697 479 467 424 313 113 42 18 1494
20150604 13:07:50 2 0 2 0 0 0 0 96 4 7748 3790 0 884 0 1.85 0.62 0.35 8177412 1727784 6449628 0 282452 724284 183724 402556 2824784 8386556 0 8386556 0 0 1096 0 0 545636 0 1285 52 0 0 0 0 44528 524 254 0 0 269 101 0 0 0 0 230 216 54 67 0 0 0 0 0 0 126 126 0 1285 1285 0 69 69 131939 1952 0 104543 0 0 0 0 0 0 0 0 0 0 0 0 0 0 0 8 109 0 0 81 1137 701 390 390 424 313 113 42 18 1494
20150604 13:08:00 3 0 3 3 0 0 0 91 7 10156 8071 0 884 0 1.78 0.65 0.36 8177412 1735092 6442320 0 282452 730560 181512 403468 2824784 8386556 0 8386556 0 0 2740 0 0 551756 0 3499 80 0 0 0 0 41232 524 254 0 0 269 101 0 0 0 0 611 394 512 101 0 0 0 0 0 0 349 349 0 3405 3405 0 206 206 133601 1952 0 105375 0 0 0 0 0 0 0 0 0 0 0 0 0 0 0 8 198 0 0 75 339 706 398 370 424 313 113 42 18 1494
20150604 13:08:10 3 0 3 1 0 0 0 94 6 7768 4958 8 885 0 1.51 0.63 0.36 8177412 1733432 6443980 0 282456 718296 184816 403148 2824784 8386556 0 8386556 0 0 1928 0 0 539864 0 1396 2498 2 0 0 0 43604 524 254 0 0 269 128 0 0 0 0 271 255 65 78 0 0 0 0 0 0 159 159 0 1490 1490 0 44 44 135281 1952 0 106214 0 0 0 0 0 0 0 0 0 0 0 0 0 0 0 8 132 0 0 1563 618 657 374 297 410 319 113 42 18 1494
20150604 13:08:20 2 0 2 0 0 0 0 95 4 8180 4429 0 885 0 1.35 0.63 0.36 8177412 1741540 6435872 0 282456 719640 190380 402516 2824784 8386556 0 8386556 0 0 1496 0 0 541124 0 1061 54 0 0 0 0 48160 524 254 0 0 269 109 0 0 0 0 268 260 61 73 0 0 0 0 0 0 137 137 0 1061 1061 0 82 82 136759 1952 0 106950 0 0 0 0 0 0 0 0 0 0 0 0 0 0 0 8 133 0 0 1499 609 661 377 221 385 319 113 42 18 1494
20150604 13:08:30 2 0 2 1 0 0 0 96 3 7387 3534 0 885 0 1.14 0.61 0.36 8177412 1738632 6438780 0 282456 720152 185016 403464 2824784 8386556 0 8386556 0 0 868 0 0 541644 0 2322 52 0 0 0 0 42060 524 254 0 0 269 102 0 0 0 0 214 212 48 58 0 0 0 0 0 0 175 175 0 2322 2322 0 208 208 137931 1952 0 107536 0 0 0 0 0 0 0 0 0 0 0 0 0 0 0 8 106 0 0 1403 624 661 408 253 387 319 113 42 18 1494
20150604 13:08:40 12 0 8 1 0 1 0 78 21 17016 23017 0 885 0 1.05 0.60 0.36 8177412 1759028 6418384 0 282456 736108 187068 404416 2824784 8386556 0 8386556 0 0 9316 0 0 556716 0 5412 309 2 0 0 0 43408 524 254 0 0 269 224 0 0 0 0 1358 1135 1386 273 0 0 0 0 0 0 761 761 0 5411 5411 0 19 19 139083 1952 0 108114 0 0 0 0 0 0 0 0 0 0 0 0 0 0 0 9 463 0 0 162 154 410 283 218 374 319 113 42 18 1494
20150604 13:08:50 2 0 2 1 0 0 0 95 5 8456 4913 0 885 0 0.96 0.60 0.36 8177412 1769096 6408316 0 282456 738796 191444 403824 2824784 8386556 0 8386556 0 0 900 0 0 559436 0 2489 61 0 0 0 0 46736 523 253 0 1 268 124 0 0 0 0 347 282 182 79 0 0 0 0 0 0 178 178 0 2490 2490 0 115 115 140603 1952 0 108872 0 0 0 0 0 0 0 0 0 0 0 0 0 0 0 7 138 0 0 75 138 276 266 178 342 319 113 42 18 1494
20150604 13:09:00 6 0 4 5 0 0 0 84 11 10826 11103 0 885 0 1.04 0.63 0.37 8177412 1765708 6411704 0 282456 729208 191340 402744 2825808 8386556 0 8386556 0 0 3860 0 0 549552 0 4031 435 3 0 0 0 45252 523 253 0 1 268 115 0 0 0 0 747 520 630 139 0 0 0 0 0 0 427 427 0 4030 4030 0 166 166 142567 1952 0 109847 0 0 0 0 0 0 0 0 0 0 0 0 0 0 0 7 243 0 0 1200 662 279 243 144 321 319 113 42 18 1494
20150604 13:09:10 4 0 3 1 0 0 0 92 8 9926 8183 7 885 0 0.88 0.61 0.37 8177412 1779632 6397780 0 282456 735384 194800 402424 2825808 8386556 0 8386556 0 0 944 0 0 555512 0 2744 2532 0 0 0 0 47844 523 253 0 1 268 128 0 0 0 0 532 400 427 102 0 0 0 0 0 0 280 280 0 2745 2745 0 94 94 143919 1984 0 110526 0 0 0 0 0 0 0 0 0 0 0 0 0 0 0 12 184 0 0 304 578 258 195 110 280 319 113 42 18 1494
20150604 13:09:20 2 0 2 0 0 0 0 95 5 8193 5091 0 885 0 0.74 0.59 0.37 8177412 1788496 6388916 0 282460 736756 199400 403512 2825808 8386556 0 8386556 0 0 1240 0 0 556804 0 1229 61 0 0 0 0 51476 523 253 0 1 268 128 0 0 0 0 261 254 69 78 0 0 0 0 0 0 156 156 0 1229 1229 0 79 79 145819 1984 0 111476 0 0 0 0 0 0 0 0 0 0 0 0 0 0 0 6 127 0 0 157 580 251 195 103 218 319 113 42 18 1494
20150604 13:09:30 5 0 4 1 0 0 0 90 9 11142 10512 0 885 0 0.70 0.59 0.37 8177412 1794064 6383348 0 282460 744024 194420 404536 2826832 8386556 0 8386556 0 0 2928 0 0 563912 0 4021 154 0 0 0 0 45420 523 253 0 1 268 127 0 0 0 0 645 514 534 133 0 0 0 0 0 0 425 425 0 4021 4021 0 215 215 147081 1984 0 112108 0 0 0 0 0 0 0 0 0 0 0 0 0 0 0 6 237 0 0 77 236 196 207 125 192 319 113 42 18 1494
20150604 13:09:40 2 0 2 1 0 0 0 95 4 7524 4136 0 885 0 0.68 0.58 0.37 8177412 1802616 6374796 0 282460 745240 199684 404560 2826832 8386556 0 8386556 0 0 3320 0 0 565156 0 869 55 0 0 0 0 49760 523 253 0 1 268 108 0 0 0 0 258 246 60 72 0 0 0 0 0 0 116 116 0 723 723 0 41 41 148595 1984 0 112864 0 0 0 0 0 0 0 0 0 0 0 0 0 0 0 9 124 0 0 77 175 202 207 79 170 310 113 42 18 1494
20150604 13:09:50 3 0 2 1 0 0 0 94 5 7968 5426 0 885 0 0.57 0.56 0.36 8177412 1806308 6371104 0 282460 742516 200528 405812 2827856 8386556 0 8386556 0 0 508 0 0 562860 0 2288 88 0 0 0 0 49372 523 253 0 0 268 108 0 0 0 0 283 268 73 83 0 0 0 0 0 0 203 203 0 2435 2435 0 172 172 150577 1984 0 113853 0 0 0 0 0 0 0 0 0 0 0 0 0 0 0 10 135 0 0 426 126 208 226 106 139 297 113 42 18 1494
20150604 13:10:00 7 0 6 1 0 0 0 86 13 12740 14566 0 885 0 0.48 0.54 0.36 8177412 1812360 6365052 0 282460 743384 201144 406192 2827856 8386556 0 8386556 0 0 3844 0 0 563328 0 3916 207 1 0 0 0 48836 523 253 0 0 268 128 0 0 0 0 741 703 578 185 0 0 0 0 0 0 509 509 0 3916 3916 0 136 136 152151 1984 0 114639 0 0 0 0 0 0 0 0 0 0 0 0 0 0 0 11 306 0 0 220 438 142 150 99 129 291 113 43 17 1494
20150604 13:10:10 10 0 7 1 0 1 0 81 18 15296 19074 6 885 0 0.49 0.54 0.36 8177412 1821408 6356004 0 282464 747948 200820 405716 2827856 8386556 0 8386556 0 0 4820 0 0 567428 0 5695 2348 2 0 0 0 47404 523 253 0 0 268 117 0 0 0 0 1047 886 954 223 0 0 0 0 0 0 666 666 0 5484 5484 0 147 147 153871 1952 0 115501 0 0 0 0 0 0 0 0 0 0 0 0 0 0 0 9 379 0 0 77 117 137 221 106 96 286 113 42 18 1493
20150604 13:10:20 2 0 2 0 0 0 0 95 4 7497 5215 0 885 0 0.41 0.53 0.36 8177412 1833732 6343680 0 282464 750328 208048 406916 2827856 8386556 0 8386556 0 0 4824 0 0 569744 0 759 62 0 0 0 0 53656 523 253 0 0 268 127 0 0 0 0 325 270 152 78 0 0 0 0 0 0 146 146 0 969 969 0 0 0 155423 1952 0 116276 0 0 0 0 0 0 0 0 0 0 0 0 0 0 0 7 139 0 0 139 104 83 107 82 84 268 113 42 18 1493
20150604 13:10:30 3 0 3 1 0 0 0 93 7 8587 7232 0 885 0 0.42 0.52 0.36 8177412 1833316 6344096 0 282464 749352 205332 405640 2827856 8386556 0 8386556 0 0 2424 0 0 569036 0 3425 86 0 0 0 0 49816 523 253 0 0 268 108 0 0 0 0 393 376 170 106 0 0 0 0 0 0 305 305 0 3425 3425 0 231 231 157135 1952 0 117130 0 0 0 0 0 0 0 0 0 0 0 0 0 0 0 7 186 0 0 201 192 106 145 91 79 259 113 42 18 1493
20150604 13:10:40 4 0 3 1 0 0 0 91 8 10166 8832 0 885 0 0.36 0.51 0.36 8177412 1835568 6341844 0 282464 742840 208868 408452 2830928 8386556 0 8386556 0 0 3208 0 0 562836 0 2192 193 1 0 0 0 52592 523 253 0 0 268 128 0 0 0 0 552 453 442 113 0 0 0 0 0 0 300 300 0 2192 2192 0 26 26 158247 1952 0 117684 0 0 0 0 0 0 0 0 0 0 0 0 0 0 0 7 203 0 0 799 231 222 82 76 56 256 113 42 18 1493
20150604 13:10:50 9 0 7 1 0 0 0 82 17 14706 18788 0 881 0 0.30 0.49 0.35 8177412 1851912 6325500 0 282464 753696 208436 412416 2834032 8386556 0 8386556 0 0 3660 0 0 573104 0 5757 325 2 0 0 0 51080 521 251 0 2 266 109 0 0 0 0 1098 908 1042 226 0 0 0 0 0 0 639 639 0 5757 5757 0 151 151 159953 1952 0 118537 0 0 0 0 0 0 0 0 0 0 0 0 0 0 0 8 378 0 0 76 98 82 46 78 48 238 112 43 18 1492
20150604 13:11:00 3 0 2 1 0 0 0 94 5 8920 5841 0 879 0 0.40 0.51 0.36 8177412 1854320 6323092 0 282464 748180 210908 413512 2835056 8386556 0 8386556 0 0 2636 0 0 567988 0 2338 86 0 0 0 0 52416 520 250 0 3 265 115 0 0 0 0 394 314 215 91 0 0 0 0 0 0 223 223 0 2338 2338 0 158 158 161628 1952 0 119373 0 0 0 0 0 0 0 0 0 0 0 0 0 0 0 10 158 0 0 447 128 140 57 75 36 223 112 43 18 1492
20150604 13:11:10 4 0 3 1 0 0 0 91 8 9138 7400 6 879 0 0.50 0.52 0.37 8177412 1858620 6318792 0 282468 744992 213840 412872 2835060 8386556 0 8386556 0 0 640 0 0 564624 0 2968 2329 2 0 0 0 54328 520 250 0 3 265 108 0 0 0 0 498 350 366 95 0 0 0 0 0 0 266 266 0 2760 2760 0 128 128 163329 1952 0 120219 0 0 0 0 0 0 0 0 0 0 0 0 0 0 0 9 175 0 0 436 319 210 175 64 41 186 113 42 18 1492
20150604 13:11:20 2 0 2 0 0 0 0 96 4 6877 3657 0 879 0 0.43 0.51 0.36 8177412 1861948 6315464 0 282472 745824 214916 412736 2835060 8386556 0 8386556 0 0 748 0 0 565416 0 1040 51 0 0 0 0 54616 520 250 0 3 265 107 0 0 0 0 218 206 51 62 0 0 0 0 0 0 130 130 0 1248 1248 0 79 79 164595 1952 0 120852 0 0 0 0 0 0 0 0 0 0 0 0 0 0 0 6 104 0 0 474 304 200 95 72 41 180 113 42 18 1492
20150604 13:11:30 2 0 2 1 0 0 0 96 4 7682 4190 0 879 0 0.36 0.49 0.36 8177412 1857748 6319664 0 282472 738180 214388 413052 2835060 8386556 0 8386556 0 0 1376 0 0 558052 0 1839 81 1 0 0 0 53216 520 250 0 3 265 107 0 0 0 0 229 224 55 65 0 0 0 0 0 0 175 175 0 1839 1839 0 143 143 165991 1952 0 121549 0 0 0 0 0 0 0 0 0 0 0 0 0 0 0 6 114 0 0 766 485 293 140 87 39 172 113 42 18 1492
20150604 13:11:40 2 0 2 0 0 0 0 96 4 7823 3877 0 879 0 0.31 0.47 0.35 8177412 1863900 6313512 0 282472 739076 217752 413836 2835060 8386556 0 8386556 0 0 800 0 0 558976 0 1162 54 0 0 0 0 55680 520 250 0 3 265 128 0 0 0 0 238 231 55 64 0 0 0 0 0 0 127 127 0 1162 1162 0 62 62 167373 1952 0 122238 0 0 0 0 0 0 0 0 0 0 0 0 0 0 0 8 115 0 0 684 497 301 135 55 33 160 113 42 18 1492
20150604 13:11:50 6 0 4 0 0 0 0 89 11 11450 12871 0 879 0 0.26 0.46 0.35 8177412 1882468 6294944 0 282472 742556 224924 416872 2839156 8386556 0 8386556 0 0 2040 0 0 562144 0 2620 269 1 0 0 0 61744 520 250 0 0 265 128 0 0 0 0 705 601 557 159 0 0 0 0 0 0 386 386 0 2620 2620 0 0 0 169137 1952 0 123120 0 0 0 0 0 0 0 0 0 0 0 0 0 0 0 9 280 0 0 516 272 215 115 51 33 134 99 42 18 1492
20150604 13:12:00 4 0 3 1 0 0 0 91 7 10722 8523 0 879 0 0.45 0.49 0.36 8177412 1884840 6292572 0 282472 745052 218932 420428 2841204 8386556 0 8386556 0 0 3152 0 0 564832 0 4311 150 0 0 0 0 54748 520 250 0 0 265 108 0 0 0 0 605 408 517 106 0 0 0 0 0 0 397 397 0 4269 4269 0 303 303 170707 1952 0 123905 0 0 0 0 0 0 0 0 0 0 0 0 0 0 0 7 193 0 0 75 94 174 89 71 47 131 99 42 18 1492
20150604 13:12:10 5 0 4 1 0 0 0 90 9 10537 9422 6 879 0 0.45 0.49 0.36 8177412 1895240 6282172 0 282472 743924 225152 419820 2841204 8386556 0 8386556 0 0 8032 0 0 564096 0 1690 2188 0 0 0 0 59904 520 250 0 0 265 108 0 0 0 0 648 473 531 124 0 0 0 0 0 0 292 292 0 1732 1732 0 1 1 172371 1984 0 124735 0 0 0 0 0 0 0 0 0 0 0 0 0 0 0 7 220 0 0 266 346 156 94 33 37 113 100 43 17 1491
20150604 13:12:20 2 0 2 1 0 0 0 95 5 7352 4589 0 879 0 0.46 0.49 0.36 8177412 1902664 6274748 0 282472 745076 228684 420132 2841204 8386556 0 8386556 0 0 1448 0 0 565164 0 2227 63 0 0 0 0 62360 520 250 0 0 265 110 0 0 0 0 265 256 65 78 0 0 0 0 0 0 164 164 0 2227 2227 0 134 134 174077 1984 0 125588 0 0 0 0 0 0 0 0 0 0 0 0 0 0 0 8 130 0 0 81 343 154 95 33 32 101 94 43 17 1491
20150604 13:12:30 6 0 4 1 0 0 0 89 10 11811 11368 0 879 0 0.53 0.51 0.37 8177412 1906756 6270656 0 282472 749364 223308 422912 2844276 8386556 0 8386556 0 0 6916 0 0 569476 0 3836 208 0 0 0 0 56224 520 250 0 0 265 109 0 0 0 0 656 603 548 148 0 0 0 0 0 0 427 427 0 3836 3836 0 209 209 175251 1984 0 126174 0 0 0 0 0 0 0 0 0 0 0 0 0 0 0 9 266 0 0 218 177 129 80 61 43 95 90 43 18 1490
20150604 13:12:40 4 0 3 0 0 0 0 93 7 9088 7824 0 879 0 0.45 0.49 0.37 8177412 1918124 6259288 0 282472 748948 226240 428356 2849396 8386556 0 8386556 0 0 7964 0 0 568968 0 2024 268 1 0 0 0 58052 520 250 0 0 265 113 0 0 0 0 469 400 287 107 0 0 0 0 0 0 242 242 0 2024 2024 0 40 40 176925 1984 0 127012 0 0 0 0 0 0 0 0 0 0 0 0 0 0 0 9 183 0 0 444 270 98 59 14 8 93 88 42 17 1490
20150604 13:12:50 3 0 3 2 0 0 0 92 6 8300 5746 0 879 0 0.53 0.51 0.37 8177412 1909040 6268372 0 282472 732204 228640 428680 2850420 8386556 0 8386556 0 0 3744 0 0 552700 0 2716 315 2 0 0 0 59468 520 250 0 0 265 108 0 0 0 0 427 303 304 88 0 0 0 0 0 0 206 206 0 2717 2717 0 72 72 178468 1984 0 127777 0 0 0 0 0 0 0 0 0 0 0 0 0 0 0 5 146 0 0 1231 577 367 177 30 12 94 76 42 17 1490
20150604 13:13:00 2 0 2 2 0 0 0 94 4 8083 4509 0 879 0 0.53 0.51 0.38 8177412 1908760 6268652 0 282472 729204 228268 429344 2850420 8386556 0 8386556 0 0 1040 0 0 549896 0 2757 62 0 0 0 0 58096 520 250 0 0 265 127 0 0 0 0 278 267 64 74 0 0 0 0 0 0 208 208 0 2709 2709 0 248 248 180054 1984 0 128569 0 0 0 0 0 0 0 0 0 0 0 0 0 0 0 10 128 0 0 1499 694 391 151 38 12 91 74 42 17 1490
20150604 13:13:10 2 0 2 0 0 0 0 95 5 7200 4132 6 878 0 0.45 0.49 0.37 8177412 1918920 6258492 0 282472 730252 233460 429048 2850420 8386556 0 8386556 0 0 1428 0 0 550952 0 739 2130 0 0 0 0 62388 520 250 0 0 265 107 0 0 0 0 238 225 56 69 0 0 0 0 0 0 115 115 0 787 787 0 36 36 181466 1920 0 129271 0 0 0 0 0 0 0 0 0 0 0 0 0 0 0 8 120 0 0 1232 703 406 155 29 9 86 60 42 17 1490
20150604 13:13:20 2 0 2 0 0 0 0 95 4 7868 4003 0 878 0 0.38 0.47 0.37 8177412 1927000 6250412 0 282476 731596 238852 429108 2850420 8386556 0 8386556 0 0 1780 0 0 552216 0 938 55 0 0 0 0 66792 520 250 0 0 265 122 0 0 0 0 256 245 61 73 0 0 0 0 0 0 116 116 0 938 938 0 56 56 183014 1920 0 130045 0 0 0 0 0 0 0 0 0 0 0 0 0 0 0 7 122 0 0 1173 713 404 156 29 8 83 50 40 17 1490
20150604 13:13:30 2 0 3 2 0 0 0 93 5 8525 5759 0 878 0 0.35 0.47 0.37 8177412 1928632 6248780 0 282476 732812 235372 430532 2850420 8386556 0 8386556 0 0 1628 0 0 553440 0 2939 64 0 0 0 0 61988 520 250 0 0 265 128 0 0 0 0 284 275 75 86 0 0 0 0 0 0 241 241 0 2939 2939 0 256 256 185076 1920 0 131075 0 0 0 0 0 0 0 0 0 0 0 0 0 0 0 9 139 0 0 919 716 405 160 59 17 82 47 38 17 1490
20150604 13:13:40 5 0 4 0 0 0 0 90 9 10860 10391 0 878 0 0.29 0.45 0.36 8177412 1944996 6232416 0 282476 740684 237856 434172 2854516 8386556 0 8386556 0 0 4864 0 0 561080 0 2405 225 0 0 0 0 63844 520 250 0 0 265 101 0 0 0 0 655 571 539 140 0 0 0 0 0 0 335 335 0 2405 2405 0 25 25 186116 1920 0 131596 0 0 0 0 0 0 0 0 0 0 0 0 0 0 0 7 243 0 0 74 95 220 184 38 8 85 43 36 17 1490
20150604 13:13:50 2 0 2 2 0 0 0 94 4 7934 4404 0 878 0 0.33 0.45 0.36 8177412 1947592 6229820 0 282476 737868 239044 433116 2854516 8386556 0 8386556 0 0 760 0 0 558604 0 2010 56 0 0 0 0 64124 520 250 0 0 265 109 0 0 0 0 238 229 58 68 0 0 0 0 0 0 147 147 0 2010 2010 0 152 152 187632 1920 0 132353 0 0 0 0 0 0 0 0 0 0 0 0 0 0 0 6 116 0 0 250 239 250 179 45 12 84 38 33 17 1490
20150604 13:14:00 2 0 2 1 0 0 0 94 5 8307 4704 0 878 0 0.35 0.45 0.37 8177412 1943820 6233592 0 282476 730020 238540 433524 2855540 8386556 0 8386556 0 0 736 0 0 550996 0 2246 103 1 0 0 0 62424 520 250 0 0 265 108 0 0 0 0 254 243 64 76 0 0 0 0 0 0 200 200 0 2246 2246 0 162 162 189350 1920 0 133211 0 0 0 0 0 0 0 0 0 0 0 0 0 0 0 6 120 0 0 1062 454 327 154 56 21 85 33 32 17 1490
20150604 13:14:10 3 0 2 3 0 0 0 91 5 8053 4900 7 879 0 0.37 0.46 0.37 8177412 1949320 6228092 0 282484 727164 240928 435504 2855540 8386556 0 8386556 0 0 872 0 0 548316 0 1636 2166 0 0 0 0 63736 520 250 0 0 265 129 0 0 0 0 256 244 65 74 0 0 0 0 0 0 169 169 0 1399 1399 0 108 108 191106 1984 0 134088 0 0 0 0 0 0 0 0 0 0 0 0 0 0 0 10 124 0 0 893 625 392 197 42 12 83 29 30 16 1490
20150604 13:14:20 2 0 2 1 0 0 0 95 4 7842 4061 0 879 0 0.46 0.47 0.37 8177412 1956684 6220728 0 282492 728316 244888 435332 2856564 8386556 0 8386556 0 0 1096 0 0 549468 0 1037 56 0 0 0 0 66788 520 250 0 0 265 108 0 0 0 0 241 234 56 71 0 0 0 0 0 0 147 147 0 1275 1275 0 88 88 192516 1984 0 134793 0 0 0 0 0 0 0 0 0 0 0 0 0 0 0 6 121 0 0 724 639 391 144 32 10 85 32 26 15 1490
20150604 13:14:30 2 0 2 3 0 0 0 92 5 8503 4813 0 879 0 0.47 0.47 0.37 8177412 1958776 6218636 0 282492 725372 243772 437068 2858740 8386556 0 8386556 0 0 1460 0 0 546784 0 2301 111 0 0 0 0 64684 520 250 0 0 265 108 0 0 0 0 274 258 66 74 0 0 0 0 0 0 220 220 0 2301 2301 0 191 191 194212 1984 0 135640 0 0 0 0 0 0 0 0 0 0 0 0 0 0 0 8 140 0 0 281 677 444 174 66 29 82 28 24 16 1489
20150604 13:14:40 2 0 2 1 0 0 0 94 4 8043 4491 0 879 0 0.40 0.46 0.37 8177412 1967088 6210324 0 282492 722300 247252 441360 2862836 8386556 0 8386556 0 0 1104 0 0 543976 0 1242 162 0 0 0 0 67148 520 250 0 0 265 128 0 0 0 0 247 241 60 72 0 0 0 0 0 0 154 154 0 1242 1242 0 70 70 195750 1984 0 136407 0 0 0 0 0 0 0 0 0 0 0 0 0 0 0 6 118 0 0 446 390 403 174 40 15 83 32 23 14 1489
20150604 13:14:50 5 0 3 0 0 0 0 91 8 9276 8170 0 879 0 0.34 0.44 0.37 8177412 1972376 6205036 0 282492 718652 250720 442000 2863892 8386556 0 8386556 0 0 3336 0 0 540088 0 2438 306 2 0 0 0 69380 520 250 0 0 265 153 0 0 0 0 470 381 294 115 0 0 0 0 0 0 269 269 0 2196 2196 0 80 80 197875 1984 0 137466 0 0 0 0 0 0 0 0 0 0 0 0 0 0 0 9 186 0 0 209 372 447 301 77 20 82 29 23 15 1486
20150604 13:15:00 3 0 2 6 0 0 0 88 5 9378 5998 0 879 0 0.52 0.48 0.38 8177412 1977720 6199692 0 282492 722760 247892 443428 2864916 8386556 0 8386556 0 0 620 0 0 544192 0 3458 86 0 0 0 0 65628 520 250 0 0 265 128 0 0 0 0 444 333 303 83 0 0 0 0 0 0 294 294 0 3699 3699 0 258 258 199349 1952 0 138203 0 0 0 0 0 0 0 0 0 0 0 0 0 0 0 6 161 0 0 75 182 293 272 111 27 83 31 21 16 1485
20150604 13:15:10 3 0 2 0 0 0 0 94 5 7440 3986 7 879 0 0.51 0.48 0.38 8177412 1993080 6184332 0 282500 723812 256752 443528 2864916 8386556 0 8386556 0 0 1812 0 0 545232 0 368 2233 0 0 0 0 73428 520 250 0 0 265 128 0 0 0 0 243 233 61 72 0 0 0 0 0 0 79 79 0 368 368 0 1 1 200947 1952 0 139005 0 0 0 0 0 0 0 0 0 0 0 0 0 0 0 6 114 0 0 222 180 213 175 61 17 84 29 21 15 1484
20150604 13:15:20 2 0 1 7 0 0 0 90 3 7800 3040 0 879 0 0.59 0.50 0.39 8177412 1988588 6188824 0 282508 724196 250552 444484 2864916 8386556 0 8386556 0 0 396 0 0 545680 0 2334 53 0 0 0 0 66640 520 250 0 0 265 119 0 0 0 0 222 211 49 53 0 0 0 0 0 0 173 173 0 2242 2242 0 209 209 201929 1952 0 139488 0 0 0 0 0 0 0 0 0 0 0 0 0 0 0 9 105 0 0 174 192 224 249 111 35 84 30 21 17 1482
20150604 13:15:30 6 0 4 6 0 0 0 83 11 11715 11168 1 879 0 1.46 0.69 0.45 8177412 1999960 6177452 0 282516 723200 250740 448932 2871188 8386556 0 8386556 0 0 1060 0 0 544392 0 4132 648 2 0 0 0 65784 520 250 0 0 265 109 0 0 0 0 670 563 548 146 0 0 0 0 0 0 448 448 0 4223 4223 0 134 134 203751 1952 0 140408 0 0 0 0 0 0 0 0 0 0 0 0 0 0 0 7 239 0 0 894 355 172 128 58 15 69 30 20 17 1482
20150604 13:15:40 1 0 1 3 0 0 0 95 3 8093 3201 0 879 0 1.24 0.67 0.45 8177412 2003212 6174200 0 282516 720008 255044 450500 2872212 8386556 0 8386556 0 0 868 0 0 541468 0 823 67 0 0 0 0 69392 520 250 0 0 265 147 0 0 0 0 223 218 47 57 0 0 0 0 0 0 112 112 0 823 823 0 51 51 204795 1952 0 140929 0 0 0 0 0 0 0 0 0 0 0 0 0 0 0 8 115 0 0 1250 506 191 57 26 12 71 30 20 16 1482
20150604 13:15:50 1 0 2 3 0 0 0 93 3 7102 3543 0 879 0 1.05 0.65 0.44 8177412 2009668 6167744 0 282516 720904 258728 450696 2873240 8386556 0 8386556 0 0 1292 0 0 542344 0 830 53 0 0 0 0 72300 520 250 0 0 265 108 0 0 0 0 225 220 50 63 0 0 0 0 0 0 109 109 0 830 830 0 48 48 206005 1952 0 141533 0 0 0 0 0 0 0 0 0 0 0 0 0 0 0 5 108 0 0 1098 507 192 60 25 12 70 29 21 15 1481
20150604 13:16:00 2 0 2 8 0 0 0 87 5 8361 4652 0 879 0 0.88 0.63 0.44 8177412 2011924 6165488 0 282520 721872 256856 450652 2873240 8386556 0 8386556 0 0 944 0 0 543320 0 2556 74 0 0 0 0 69440 520 250 0 0 265 159 0 0 0 0 242 220 64 68 0 0 0 0 0 0 232 232 0 2448 2448 0 226 226 207640 1952 0 142297 0 0 0 0 0 0 0 0 0 0 0 0 0 0 0 7 115 0 0 748 516 193 87 79 27 72 31 20 15 1479
20150604 13:16:10 5 0 4 7 0 0 0 84 9 10576 9618 6 879 0 1.64 0.80 0.50 8177412 2026320 6151092 0 282524 722792 260488 456288 2878360 8386556 0 8386556 0 0 3328 0 0 544016 0 2191 2333 1 0 0 0 72092 520 250 0 0 265 114 0 0 0 0 518 449 372 120 0 0 0 0 0 0 301 301 0 2299 2300 0 44 44 208995 1952 0 143028 0 0 0 0 0 0 0 0 0 0 0 0 0 0 0 10 198 0 0 251 266 202 67 22 14 69 28 20 14 1479
20150604 13:16:20 3 0 2 1 0 1 0 93 6 8788 5908 0 879 0 1.39 0.78 0.49 8177412 2036692 6140720 0 282524 726064 264368 456484 2878360 8386556 0 8386556 0 0 3560 0 0 547272 0 1780 66 0 0 0 0 74912 520 250 0 0 265 107 0 0 0 0 378 290 222 87 0 0 0 0 0 0 214 214 0 1780 1780 0 96 96 210749 1952 0 143904 0 0 0 0 0 0 0 0 0 0 0 0 0 0 0 5 143 0 0 86 97 157 42 15 20 66 30 19 15 1477
20150604 13:16:30 1 0 1 16 0 0 0 81 3 8157 3080 0 879 0 1.49 0.82 0.51 8177412 2033060 6144352 0 282524 726860 258768 457040 2878360 8386556 0 8386556 0 0 816 0 0 548048 0 2744 44 0 0 0 0 68840 520 250 0 0 265 125 0 0 0 0 200 190 57 45 0 0 0 0 0 0 216 216 0 2744 2744 0 227 227 211561 1952 0 144310 0 0 0 0 0 0 0 0 0 0 0 0 0 0 0 5 94 0 0 103 101 138 146 35 19 65 29 19 15 1477
20150604 13:16:40 7 0 5 1 0 0 0 88 12 12521 13546 0 879 0 1.26 0.79 0.50 8177412 2051420 6125992 0 282524 739312 262200 457220 2878360 8386556 0 8386556 0 0 5716 0 0 560072 0 3089 162 0 0 0 0 71628 520 250 0 0 265 107 0 0 0 0 975 661 966 156 0 0 0 0 0 0 417 417 0 3089 3089 0 8 8 212493 1920 0 144777 0 0 0 0 0 0 0 0 0 0 0 0 0 0 0 7 283 0 0 76 95 80 21 8 12 42 28 19 15 1476
20150604 13:16:50 7 0 5 7 0 0 0 80 13 12529 13887 0 879 0 1.15 0.78 0.50 8177412 2070468 6106944 0 282524 744360 267244 460492 2881496 8386556 0 8386556 0 0 1140 0 0 564772 0 4398 291 1 0 0 0 75140 520 250 0 0 265 128 0 0 0 0 734 694 579 181 0 0 0 0 0 0 456 456 0 4256 4256 0 88 88 214427 1920 0 145745 0 0 0 0 0 0 0 0 0 0 0 0 0 0 0 9 300 0 0 75 95 114 111 31 12 20 30 20 15 1471
20150604 13:17:00 2 0 1 8 0 0 0 89 3 8020 3613 0 879 0 1.05 0.77 0.50 8177412 2070404 6107008 0 282524 744940 264200 461204 2881496 8386556 0 8386556 0 0 788 0 0 565288 0 2077 48 0 0 0 0 71464 520 250 0 0 265 109 0 0 0 0 202 200 48 57 0 0 0 0 0 0 212 212 0 2172 2172 0 182 182 215602 1920 0 146292 0 0 0 0 0 0 0 0 0 0 0 0 0 0 0 5 95 0 0 74 95 110 71 66 18 18 30 19 15 1471
20150604 13:17:10 3 0 2 2 0 0 0 92 5 8001 4410 7 879 0 1.70 0.93 0.56 8177412 2073616 6103796 0 282528 737452 268536 461004 2882520 8386556 0 8386556 0 0 964 0 0 558020 0 1183 2282 1 0 0 0 74708 520 250 0 0 265 109 0 0 0 0 276 264 64 75 0 0 0 0 0 0 119 119 0 1067 1067 0 47 47 217205 1952 0 147120 0 0 0 0 0 0 0 0 0 0 0 0 0 0 0 10 127 0 0 877 379 199 86 38 11 13 31 22 14 1469
20150604 13:17:20 2 0 2 9 0 0 0 88 4 8426 4495 0 879 0 2.47 1.12 0.62 8177412 2078660 6098752 0 282532 738796 270208 462136 2883544 8386556 0 8386556 0 0 856 0 0 559344 0 1892 63 0 0 0 0 75344 520 250 0 0 265 108 0 0 0 0 235 230 58 69 0 0 0 0 0 0 205 205 0 2053 2053 0 155 155 218775 1952 0 147914 0 0 0 0 0 0 0 0 0 0 0 0 0 0 0 8 116 0 0 750 399 203 61 31 12 15 29 23 16 1467
20150604 13:17:30 13 0 10 7 0 1 0 70 23 17302 27896 0 879 0 2.17 1.10 0.62 8177412 2093664 6083748 0 282532 747924 268968 465376 2886616 8386556 0 8386556 0 0 5776 0 0 567648 0 7800 607 3 0 0 0 73084 520 250 0 0 265 126 0 0 0 0 1515 1223 1527 293 0 0 0 0 0 0 836 836 0 7709 7709 0 165 165 220220 1952 0 148611 0 0 0 0 0 0 0 0 0 0 0 0 0 0 0 8 506 0 0 103 186 154 77 60 12 5 26 21 13 1467
20150604 13:17:40 5 0 4 10 0 0 0 81 9 11145 10428 0 879 0 2.72 1.26 0.68 8177412 2101344 6076068 0 282532 751188 270128 466864 2886616 8386556 0 8386556 0 0 2944 0 0 570932 0 3865 116 0 0 0 0 73308 520 250 0 0 265 149 0 0 0 0 636 509 533 131 0 0 0 0 0 0 442 442 0 3892 3892 0 141 141 221615 1952 0 149317 0 0 0 0 0 0 0 0 0 0 0 0 0 0 0 7 225 0 0 87 99 85 87 36 6 4 23 19 13 1467
20150604 13:17:50 9 0 7 1 0 0 0 83 16 14896 18744 0 879 1 3.26 1.43 0.74 8177412 2124640 6052772 0 282532 761388 276704 468796 2889692 8386556 0 8386556 0 0 8928 0 0 580504 0 3937 299 2 0 0 0 78424 520 199 0 20 265 157 0 0 0 0 1122 884 1038 219 0 0 0 0 0 0 614 614 0 4000 4000 0 0 0 223307 1952 0 150179 0 0 0 0 0 0 0 0 0 0 0 0 0 0 0 17 408 0 0 96 106 110 84 25 6 5 13 21 13 1462
20150604 13:18:00 5 0 4 14 0 0 0 76 9 11275 9960 0 879 0 2.76 1.39 0.74 8177412 2127052 6050360 0 282532 760612 274084 470708 2891740 8386556 0 8386556 0 0 768 0 0 579568 0 5389 383 2 0 0 0 74952 520 199 0 20 265 178 0 0 0 0 621 471 525 116 0 0 0 0 0 0 455 455 0 4859 4859 0 227 227 224648 1952 0 150813 0 0 0 0 0 0 0 0 0 0 0 0 0 0 0 6 218 0 0 603 170 145 87 52 14 9 7 21 14 1460
20150604 13:18:10 3 0 2 8 0 0 0 87 5 7820 4728 6 879 0 3.29 1.55 0.80 8177412 2133248 6044164 0 282532 757024 278888 471592 2892764 8386556 0 8386556 0 0 1048 0 0 575968 0 1046 2199 1 0 0 0 78596 520 199 0 20 265 173 0 0 0 0 244 246 56 75 0 0 0 0 0 0 156 156 0 1577 1577 0 23 23 226245 1952 0 151644 0 0 0 0 0 0 0 0 0 0 0 0 0 0 0 8 120 0 0 815 373 192 81 30 12 10 6 18 14 1459
20150604 13:18:20 2 0 2 0 0 0 0 95 4 7527 4281 0 879 0 2.79 1.50 0.79 8177412 2138688 6038724 0 282536 754336 284380 471728 2892764 8386556 0 8386556 0 0 1488 0 0 573508 0 989 62 0 0 0 0 83060 520 199 0 20 265 153 0 0 0 0 248 232 61 73 0 0 0 0 0 0 112 112 0 827 827 0 44 44 227833 1952 0 152437 0 0 0 0 0 0 0 0 0 0 0 0 0 0 0 9 124 0 0 1093 490 228 120 51 16 10 6 17 15 1456
20150604 13:18:30 2 0 2 14 0 0 0 83 3 8232 3650 0 879 0 3.39 1.67 0.85 8177412 2135708 6041704 0 282536 755040 278472 472588 2892764 8386556 0 8386556 0 0 608 0 0 574192 0 2783 53 0 0 0 0 76488 520 199 0 20 265 155 0 0 0 0 236 233 50 58 0 0 0 0 0 0 267 267 0 2945 2945 0 251 251 228973 1952 0 153007 0 0 0 0 0 0 0 0 0 0 0 0 0 0 0 8 114 0 0 961 500 230 104 89 31 13 6 18 14 1456
20150604 13:18:40 2 0 2 0 0 0 0 96 4 7675 4279 0 879 0 2.87 1.61 0.84 8177412 2138872 6038540 0 282540 748000 284752 472212 2892764 8386556 0 8386556 0 0 1788 0 0 567624 0 531 56 0 0 0 0 81720 520 199 0 20 265 155 0 0 0 0 236 221 60 73 0 0 0 0 0 0 119 119 0 531 531 0 0 0 230569 1952 0 153801 0 0 0 0 0 0 0 0 0 0 0 0 0 0 0 6 115 0 0 993 527 325 130 54 18 15 7 19 12 1456
20150604 13:18:50 7 0 5 8 0 0 0 79 13 13428 14488 0 879 0 2.43 1.56 0.83 8177412 2142128 6035284 0 282540 751100 280928 473592 2893788 8386556 0 8386556 0 0 1920 0 0 570660 0 5377 238 1 0 0 0 77160 520 199 0 0 265 197 0 0 0 0 904 737 851 175 0 0 0 0 0 0 570 570 0 5122 5122 0 188 188 231765 1952 0 154393 0 0 0 0 0 0 0 0 0 0 0 0 0 0 0 7 323 0 0 260 257 256 238 97 26 16 8 18 12 1455
20150604 13:19:00 2 0 2 5 0 0 0 91 4 8970 4919 0 879 0 3.24 1.77 0.91 8177412 2148580 6028832 0 282540 754032 282200 474768 2893788 8386556 0 8386556 0 0 4488 0 0 573560 0 1860 60 0 0 0 0 77636 520 199 0 0 265 154 0 0 0 0 334 257 206 69 0 0 0 0 0 0 249 249 0 2055 2055 0 129 129 233120 1952 0 155036 0 0 0 0 0 0 0 0 0 0 0 0 0 0 0 5 124 0 0 78 107 207 187 91 29 14 7 19 11 1455
20150604 13:19:10 2 0 2 1 0 0 0 95 4 7841 3390 6 879 0 3.26 1.83 0.94 8177412 2158052 6019360 0 282544 754696 287052 473456 2893788 8386556 0 8386556 0 0 1460 0 0 574188 0 867 2126 0 0 0 0 81788 520 199 0 0 265 153 0 0 0 0 210 209 47 54 0 0 0 0 0 0 105 105 0 926 926 0 14 14 234261 1952 0 155646 0 0 0 0 0 0 0 0 0 0 0 0 0 0 0 7 105 0 0 248 182 139 128 57 23 16 6 16 12 1454
20150604 13:19:20 2 0 2 8 0 0 0 88 4 8277 4938 0 879 0 2.76 1.77 0.93 8177412 2166036 6011376 0 282544 756928 291108 473788 2893788 8386556 0 8386556 0 0 2236 0 0 576348 0 1433 59 0 0 0 0 84848 520 199 0 0 265 155 0 0 0 0 327 273 155 77 0 0 0 0 0 0 179 179 0 1432 1432 0 73 73 235709 1952 0 156370 0 0 0 0 0 0 0 0 0 0 0 0 0 0 0 7 135 0 0 147 143 127 120 57 21 13 5 17 11 1453
20150604 13:19:30 7 0 6 10 0 0 0 77 13 14033 15270 0 879 0 2.49 1.74 0.93 8177412 2174620 6002792 0 282544 765036 286536 476924 2896988 8386556 0 8386556 0 0 5720 0 0 583936 0 5474 258 1 0 0 0 79524 520 199 0 0 265 198 0 0 0 0 943 740 917 174 0 0 0 0 0 0 605 605 0 5317 5317 0 203 203 236920 1952 0 156954 0 0 0 0 0 0 0 0 0 0 0 0 0 0 0 8 296 0 0 125 104 83 42 22 8 15 6 19 11 1452
20150604 13:19:40 8 0 6 9 0 0 0 76 15 13050 15027 0 879 0 3.15 1.91 0.99 8177412 2176860 6000552 0 282544 753700 290188 480056 2900220 8386556 0 8386556 0 0 3024 0 0 573408 0 4660 273 1 0 0 0 81552 520 199 0 0 265 153 0 0 0 0 731 706 581 189 0 0 0 0 0 0 542 542 0 4818 4818 0 102 102 239279 1952 0 158153 0 0 0 0 0 0 0 0 0 0 0 0 0 0 0 8 298 0 0 292 484 215 90 61 20 7 6 16 11 1450
20150604 13:19:50 2 0 2 2 0 0 0 94 4 7582 4442 0 879 0 2.66 1.85 0.98 8177412 2184432 5992980 0 282544 754788 294984 479172 2900220 8386556 0 8386556 0 0 1284 0 0 574464 0 1467 57 0 0 0 0 85336 520 199 0 0 265 154 0 0 0 0 260 237 62 78 0 0 0 0 0 0 155 155 0 1467 1467 0 96 96 240883 1952 0 158955 0 0 0 0 0 0 0 0 0 0 0 0 0 0 0 10 127 0 0 333 480 230 86 23 14 6 3 15 12 1449
20150604 13:20:00 2 0 2 10 0 0 0 87 4 7723 4018 0 879 0 2.26 1.79 0.97 8177412 2180116 5997296 0 282544 751532 291468 479976 2900220 8386556 0 8386556 0 0 2092 0 0 571408 0 2288 52 0 0 0 0 81108 520 199 0 0 265 185 0 0 0 0 241 228 60 59 0 0 0 0 0 0 205 205 0 2032 2032 0 208 208 242103 1952 0 159521 0 0 0 0 0 0 0 0 0 0 0 0 0 0 0 7 114 0 0 361 503 257 180 85 31 12 5 17 11 1447
20150604 13:20:10 3 0 3 6 0 0 0 89 5 7796 4842 6 878 0 3.46 2.07 1.07 8177412 2182944 5994468 0 282544 744516 295968 480340 2900220 8386556 0 8386556 0 0 1120 0 0 564948 0 1319 2150 0 0 0 0 84468 520 199 0 0 265 153 0 0 0 0 241 238 55 77 0 0 0 0 0 0 196 196 0 1575 1575 0 44 44 243831 1984 0 160421 0 0 0 0 0 0 0 0 0 0 0 0 0 0 0 8 118 0 0 521 624 350 137 47 35 14 3 17 10 1447
20150604 13:20:20 3 0 3 0 0 0 0 94 6 9501 6970 0 878 0 3.00 2.02 1.07 8177412 2190888 5986524 0 282544 745924 300680 480180 2900220 8386556 0 8386556 0 0 3156 0 0 566192 0 1711 114 1 0 0 0 88372 520 199 0 0 265 154 0 0 0 0 574 361 500 88 0 0 0 0 0 0 233 233 0 1711 1711 0 9 9 245079 1984 0 161045 0 0 0 0 0 0 0 0 0 0 0 0 0 0 0 7 171 0 0 84 395 405 159 50 26 11 3 17 10 1446
20150604 13:20:30 2 0 2 16 0 0 0 80 4 7927 4867 0 878 0 3.10 2.07 1.09 8177412 2191156 5986256 0 282544 747012 296204 480800 2901244 8386556 0 8386556 0 0 780 0 0 567280 0 3399 73 0 0 0 0 82992 520 199 0 0 265 184 0 0 0 0 229 224 63 68 0 0 0 0 0 0 311 311 0 3350 3350 0 263 263 246702 1984 0 161813 0 0 0 0 0 0 0 0 0 0 0 0 0 0 0 6 100 0 0 74 232 393 176 65 35 13 5 14 10 1446
20150604 13:20:40 7 0 5 0 0 0 0 87 13 12024 14272 0 878 0 3.22 2.13 1.12 8177412 2208092 5969320 0 282544 751312 302520 484456 2903292 8386556 0 8386556 0 0 3808 0 0 571280 0 2874 235 1 0 0 0 88024 520 199 0 0 265 173 0 0 0 0 743 661 571 178 0 0 0 0 0 0 449 449 0 2923 2923 0 1 1 248425 1984 0 162719 0 0 0 0 0 0 0 0 0 0 0 0 0 0 0 12 310 0 0 75 178 145 127 40 27 12 5 16 13 1442
20150604 13:20:50 2 0 1 12 0 0 0 85 3 8010 3657 0 878 0 2.80 2.08 1.12 8177412 2210716 5966696 0 282544 752336 300588 484964 2905468 8386556 0 8386556 0 0 520 0 0 572296 0 2490 93 0 0 0 0 85384 520 199 0 0 265 183 0 0 0 0 219 211 57 53 0 0 0 0 0 0 202 202 0 2411 2411 0 213 213 249619 1984 0 163310 0 0 0 0 0 0 0 0 0 0 0 0 0 0 0 4 99 0 0 74 97 121 70 58 35 11 4 17 12 1442
20150604 13:21:00 2 0 2 9 0 0 0 86 4 8062 4556 0 878 0 3.25 2.21 1.17 8177412 2209344 5968068 0 282548 745360 300844 485088 2905468 8386556 0 8386556 0 0 1684 0 0 565784 0 2167 57 0 0 0 0 84556 520 199 0 0 265 188 0 0 0 0 247 241 63 74 0 0 0 0 0 0 206 206 0 2058 2058 0 171 171 251359 1984 0 164131 0 0 0 0 0 0 0 0 0 0 0 0 0 0 0 7 116 0 0 843 377 105 140 86 39 9 3 16 11 1441
20150604 13:21:10 3 0 2 4 0 0 0 91 5 7148 3903 6 878 0 4.37 2.49 1.27 8177412 2207772 5969640 0 282556 738352 302740 484228 2905468 8386556 0 8386556 0 0 1064 0 0 558844 0 1866 2389 2 0 0 0 85676 520 199 0 0 265 174 0 0 0 0 224 226 47 66 0 0 0 0 0 0 175 175 0 1904 1904 0 78 78 252735 1952 0 164868 0 0 0 0 0 0 0 0 0 0 0 0 0 0 0 7 112 0 0 985 760 249 108 67 39 12 5 14 12 1440
20150604 13:21:20 2 0 2 7 0 0 0 88 5 8325 4774 0 878 0 3.78 2.43 1.27 8177412 2217484 5959928 0 282556 739696 309108 484068 2905468 8386556 0 8386556 0 0 1276 0 0 560060 0 987 57 0 0 0 0 90968 520 199 0 0 265 153 0 0 0 0 263 256 63 74 0 0 0 0 0 0 157 157 0 1137 1137 0 51 51 254353 1952 0 165676 0 0 0 0 0 0 0 0 0 0 0 0 0 0 0 9 134 0 0 924 773 252 100 39 29 12 3 15 11 1439
20150604 13:21:30 1 0 1 9 0 0 0 88 3 7384 3096 0 878 0 3.28 2.36 1.26 8177412 2210728 5966684 0 282556 736048 304000 484600 2905468 8386556 0 8386556 0 0 1076 0 0 556728 0 2285 42 0 0 0 0 85420 520 199 0 0 265 154 0 0 0 0 196 184 44 44 0 0 0 0 0 0 185 185 0 2095 2095 0 195 195 255154 1952 0 166065 0 0 0 0 0 0 0 0 0 0 0 0 0 0 0 5 86 0 0 1052 867 331 203 89 44 14 4 16 12 1437
20150604 13:21:40 1 0 1 4 0 0 0 94 2 7099 2039 0 878 0 4.47 2.66 1.37 8177412 2208576 5968836 0 282556 732272 304588 484496 2905468 8386556 0 8386556 0 0 60 0 0 553288 0 807 38 0 0 0 0 85628 520 199 0 0 265 148 0 0 0 0 154 161 23 35 0 0 0 0 0 0 109 109 0 997 997 0 42 42 255705 1952 0 166350 0 0 0 0 0 0 0 0 0 0 0 0 0 0 0 5 82 0 0 1323 947 380 180 97 46 12 4 16 12 1437
20150604 13:21:50 0 0 0 0 0 0 0 99 0 6914 772 0 878 0 3.79 2.57 1.35 8177412 2207432 5969980 0 282556 732272 304232 484496 2905468 8386556 0 8386556 0 0 20 0 0 553296 0 106 28 0 0 0 0 85264 520 199 0 0 265 154 0 0 0 0 112 113 12 12 0 0 0 0 0 0 14 14 0 106 106 0 6 6 255705 1952 0 166350 0 0 0 0 0 0 0 0 0 0 0 0 0 0 0 2 52 0 0 1322 958 384 201 100 48 12 4 16 12 1437
20150604 13:22:00 0 0 0 0 0 0 0 100 0 6909 804 0 878 0 3.20 2.49 1.34 8177412 2207284 5970128 0 282556 732280 304232 484496 2905468 8386556 0 8386556 0 0 40 0 0 553292 0 77 28 0 0 0 0 85264 520 199 0 0 265 168 0 0 0 0 104 105 11 11 0 0 0 0 0 0 8 8 0 77 77 0 2 2 255705 1952 0 166350 0 0 0 0 0 0 0 0 0 0 0 0 0 0 0 3 53 0 0 1314 953 388 200 101 48 12 4 16 12 1437
20150604 13:22:10 0 0 1 0 0 0 0 99 1 6511 966 6 877 0 2.71 2.41 1.32 8177412 2209972 5967440 0 282556 732304 304300 484500 2905468 8386556 0 8386556 0 0 108 0 0 553312 0 11 2112 0 0 0 0 85252 520 199 0 0 265 154 0 0 0 0 124 124 13 13 0 0 0 0 0 0 2 2 0 11 11 0 1 1 255697 1952 0 166342 0 0 0 0 0 0 0 0 0 0 0 0 0 0 0 4 63 0 0 1183 958 414 168 80 49 13 3 16 12 1437
20150604 13:22:20 0 0 0 0 0 0 0 100 0 6013 744 0 877 0 2.29 2.33 1.31 8177412 2208484 5968928 0 282560 732304 304300 484500 2905468 8386556 0 8386556 0 0 48 0 0 553312 0 8 28 0 0 0 0 85252 520 199 0 0 265 174 0 0 0 0 102 105 11 11 0 0 0 0 0 0 2 2 0 8 8 0 0 0 255697 1952 0 166342 0 0 0 0 0 0 0 0 0 0 0 0 0 0 0 3 52 0 0 1205 971 425 189 85 50 13 3 16 12 1437
20150604 13:22:30 0 0 0 0 0 0 0 99 1 6982 738 0 877 0 1.94 2.25 1.30 8177412 2207632 5969780 0 282560 732304 304300 484500 2905468 8386556 0 8386556 0 0 8 0 0 553316 0 6 28 0 0 0 0 85252 520 199 0 0 265 154 0 0 0 0 105 103 11 11 0 0 0 0 0 0 1 1 0 6 6 0 0 0 255697 1952 0 166342 0 0 0 0 0 0 0 0 0 0 0 0 0 0 0 2 51 0 0 1219 971 419 197 93 50 13 3 16 12 1437
20150604 13:22:40 0 0 0 0 0 0 0 99 1 7009 791 0 877 0 1.64 2.18 1.28 8177412 2207616 5969796 0 282560 732304 304300 484500 2905468 8386556 0 8386556 0 0 8 0 0 553316 0 0 28 0 0 0 0 85252 520 199 0 0 265 174 0 0 0 0 121 121 13 13 0 0 0 0 0 0 1 1 0 0 0 0 0 0 255697 1952 0 166342 0 0 0 0 0 0 0 0 0 0 0 0 0 0 0 4 62 0 0 1205 974 418 195 95 50 13 3 16 12 1437
20150604 13:22:50 0 0 0 0 0 0 0 100 0 6723 769 0 877 0 1.39 2.11 1.27 8177412 2207504 5969908 0 282560 732304 304332 484500 2905468 8386556 0 8386556 0 0 8 0 0 553316 0 0 28 0 0 0 0 85284 520 199 0 0 265 154 0 0 0 0 114 115 12 12 0 0 0 0 0 0 0 0 0 0 0 0 0 0 255697 1952 0 166342 0 0 0 0 0 0 0 0 0 0 0 0 0 0 0 3 57 0 0 1209 976 417 196 96 50 13 3 16 12 1437
20150604 13:23:00 0 0 0 0 0 0 0 100 0 6847 812 0 877 0 1.18 2.04 1.25 8177412 2207456 5969956 0 282560 732308 304300 484496 2905468 8386556 0 8386556 0 0 16 0 0 553308 0 2 28 0 0 0 0 85252 520 199 0 0 265 154 0 0 0 0 123 124 13 13 0 0 0 0 0 0 1 1 0 2 2 0 0 0 255697 1952 0 166342 0 0 0 0 0 0 0 0 0 0 0 0 0 0 0 3 60 0 0 1187 977 421 198 96 50 13 3 16 12 1437
20150604 13:23:10 1 0 1 0 0 0 0 98 1 7136 946 8 877 0 1.00 1.97 1.24 8177412 2210060 5967352 0 282560 732332 304388 484500 2905468 8386556 0 8386556 0 0 100 0 0 553324 0 9 2411 0 0 0 0 85264 520 199 0 0 265 174 0 0 0 0 125 125 13 13 0 0 0 0 0 0 2 2 0 9 9 0 1 1 255697 1952 0 166342 0 0 0 0 0 0 0 0 0 0 0 0 0 0 0 4 62 0 0 1174 978 400 176 82 51 14 4 17 11 1437
20150604 13:23:20 0 0 0 0 0 0 0 99 0 6865 816 0 877 0 0.84 1.90 1.23 8177412 2208200 5969212 0 282564 732332 304388 484496 2905468 8386556 0 8386556 0 0 100 0 0 553320 0 3 28 0 0 0 0 85264 520 199 0 0 265 154 0 0 0 0 127 127 14 14 0 0 0 0 0 0 0 0 0 3 3 0 0 0 255697 1952 0 166342 0 0 0 0 0 0 0 0 0 0 0 0 0 0 0 4 69 0 0 1243 1016 417 192 82 51 14 4 17 11 1437
20150604 13:23:30 0 0 0 0 0 0 0 100 0 7267 815 0 877 0 0.71 1.84 1.21 8177412 2207144 5970268 0 282564 732332 304388 484500 2905468 8386556 0 8386556 0 0 60 0 0 553324 0 6 28 0 0 0 0 85264 520 199 0 0 265 154 0 0 0 0 130 130 14 14 0 0 0 0 0 0 1 1 0 6 6 0 0 0 255697 1952 0 166342 0 0 0 0 0 0 0 0 0 0 0 0 0 0 0 4 67 0 0 1301 1017 436 198 87 51 14 4 17 11 1437
20150604 13:23:40 0 0 0 0 0 0 0 100 0 7177 839 0 877 0 0.60 1.78 1.20 8177412 2207128 5970284 0 282564 732332 304388 484496 2905468 8386556 0 8386556 0 0 60 0 0 553324 0 0 34 0 0 0 0 85264 520 199 0 0 265 154 0 0 0 0 130 131 14 14 0 0 0 0 0 0 0 0 0 0 0 0 0 0 255697 1952 0 166342 0 0 0 0 0 0 0 0 0 0 0 0 0 0 0 4 68 0 0 1293 1017 437 199 87 51 14 4 17 11 1437
20150604 13:23:50 0 0 0 0 0 0 0 100 0 6959 892 0 877 0 0.51 1.72 1.19 8177412 2206988 5970424 0 282564 732332 304388 484496 2905468 8386556 0 8386556 0 0 4 0 0 553324 0 6 28 0 0 0 0 85264 520 199 0 0 265 154 0 0 0 0 147 147 16 16 0 0 0 0 0 0 1 1 0 6 6 0 0 0 255697 1952 0 166342 0 0 0 0 0 0 0 0 0 0 0 0 0 0 0 5 80 0 0 1320 1013 435 202 87 51 14 4 17 11 1437
20150604 13:24:00 0 0 0 0 0 0 0 100 0 6169 809 0 877 0 0.43 1.66 1.18 8177412 2206972 5970440 0 282564 732340 304388 484500 2905468 8386556 0 8386556 0 0 24 0 0 553324 0 2 29 0 0 0 0 85264 520 199 0 0 265 154 0 0 0 0 127 127 14 14 0 0 0 0 0 0 0 0 0 2 2 0 0 0 255697 1952 0 166342 0 0 0 0 0 0 0 0 0 0 0 0 0 0 0 4 64 0 0 1322 1012 434 203 87 51 14 4 17 11 1437
20150604 13:24:10 1 0 0 0 0 0 0 98 1 7048 928 6 877 0 0.37 1.61 1.16 8177412 2209824 5967588 0 282564 732364 304396 484500 2905468 8386556 0 8386556 0 0 92 0 0 553344 0 9 2107 0 0 0 0 85260 520 199 0 0 265 174 0 0 0 0 128 129 14 14 0 0 0 0 0 0 1 1 0 9 9 0 1 1 255697 1952 0 166342 0 0 0 0 0 0 0 0 0 0 0 0 0 0 0 4 64 0 0 1022 973 412 182 84 51 14 4 17 11 1437
20150604 13:24:20 0 0 0 0 0 0 0 99 0 7210 906 0 877 0 0.31 1.56 1.15 8177412 2208088 5969324 0 282564 732364 304396 484496 2905468 8386556 0 8386556 0 0 100 0 0 553344 0 1 28 0 0 0 0 85260 520 199 0 0 265 154 0 0 0 0 152 152 16 16 0 0 0 0 0 0 0 0 0 1 1 0 0 0 255697 1952 0 166342 0 0 0 0 0 0 0 0 0 0 0 0 0 0 0 5 81 0 0 1172 991 430 200 86 51 14 4 17 11 1437
20150604 13:24:30 0 0 0 0 0 0 0 100 0 6469 746 0 877 0 0.26 1.50 1.14 8177412 2207516 5969896 0 282564 732364 304396 484500 2905468 8386556 0 8386556 0 0 56 0 0 553340 0 6 28 0 0 0 0 85260 520 199 0 0 265 174 0 0 0 0 108 109 12 12 0 0 0 0 0 0 1 1 0 6 6 0 0 0 255697 1952 0 166342 0 0 0 0 0 0 0 0 0 0 0 0 0 0 0 3 51 0 0 1198 990 430 207 88 51 14 4 17 11 1437
20150604 13:24:40 0 0 0 0 0 0 0 99 1 7186 804 0 877 0 0.22 1.45 1.13 8177412 2207500 5969912 0 282564 732364 304396 484496 2905468 8386556 0 8386556 0 0 56 0 0 553340 0 0 28 0 0 0 0 85260 520 199 0 0 265 154 0 0 0 0 127 128 14 14 0 0 0 0 0 0 0 0 0 0 0 0 0 0 255697 1952 0 166342 0 0 0 0 0 0 0 0 0 0 0 0 0 0 0 3 61 0 0 1190 988 430 205 90 51 14 4 17 11 1437
20150604 13:24:50 0 0 0 0 0 0 0 100 0 6925 800 0 877 0 0.19 1.41 1.11 8177412 2207484 5969928 0 282564 732364 304396 484500 2905468 8386556 0 8386556 0 0 4 0 0 553336 0 6 28 0 0 0 0 85260 520 199 0 0 265 154 0 0 0 0 126 127 14 14 0 0 0 0 0 0 1 1 0 6 6 0 0 0 255697 1952 0 166342 0 0 0 0 0 0 0 0 0 0 0 0 0 0 0 3 61 0 0 1192 989 430 205 90 51 14 4 17 11 1437
20150604 13:25:00 0 0 0 0 0 0 0 100 0 6767 734 0 877 0 0.16 1.36 1.10 8177412 2207344 5970068 0 282564 732372 304396 484496 2905468 8386556 0 8386556 0 0 24 0 0 553332 0 2 28 0 0 0 0 85260 520 199 0 0 265 154 0 0 0 0 108 109 12 12 0 0 0 0 0 0 0 0 0 2 2 0 0 0 255697 1952 0 166342 0 0 0 0 0 0 0 0 0 0 0 0 0 0 0 3 53 0 0 1217 986 426 209 90 51 14 4 17 11 1437
20150604 13:25:10 1 0 0 0 0 0 0 99 1 7053 964 7 877 0 0.13 1.32 1.09 8177412 2210072 5967340 0 282564 732396 304480 484496 2905468 8386556 0 8386556 0 0 96 0 0 553352 0 8 2212 0 0 0 0 85268 520 199 0 0 265 174 0 0 0 0 137 137 15 15 0 0 0 0 0 0 1 1 0 8 8 0 1 1 255697 1952 0 166342 0 0 0 0 0 0 0 0 0 0 0 0 0 0 0 4 66 0 0 1054 952 397 179 88 50 14 4 17 11 1437
20150604 13:25:20 0 0 0 0 0 0 0 99 1 6592 875 2 877 0 0.11 1.27 1.08 8177412 2208708 5968704 0 282568 732456 304480 484500 2905468 8386556 0 8386556 0 0 100 0 0 553412 0 19 28 0 0 0 0 85268 520 210 0 0 265 184 0 0 0 0 138 130 16 45 0 0 0 0 0 0 3 3 0 19 19 0 0 0 255703 1952 0 166348 0 0 0 0 0 0 0 0 0 0 0 0 0 0 0 6 64 0 0 1086 981 422 194 88 50 14 4 17 11 1437
20150604 13:25:30 0 0 0 0 0 0 0 99 1 7236 818 0 877 0 0.10 1.23 1.07 8177412 2207780 5969632 0 282568 732456 304480 484496 2905468 8386556 0 8386556 0 0 80 0 0 553412 0 11 28 0 0 0 0 85268 520 210 0 0 265 188 0 0 0 0 129 129 14 14 0 0 0 0 0 0 2 2 0 11 11 0 0 0 255703 1952 0 166348 0 0 0 0 0 0 0 0 0 0 0 0 0 0 0 4 64 0 0 1131 976 428 215 89 50 14 4 17 11 1437
20150604 13:25:40 0 0 0 0 0 0 0 100 0 6701 755 0 877 0 0.08 1.19 1.06 8177412 2207596 5969816 0 282568 732456 304480 484500 2905468 8386556 0 8386556 0 0 56 0 0 553412 0 9 28 0 0 0 0 85268 520 210 0 0 265 168 0 0 0 0 102 103 11 11 0 0 0 0 0 0 2 2 0 9 9 0 0 0 255703 1952 0 166348 0 0 0 0 0 0 0 0 0 0 0 0 0 0 0 2 46 0 0 1154 978 428 214 90 50 14 4 17 11 1437
20150604 13:25:50 0 0 0 0 0 0 0 100 0 6265 762 0 877 0 0.07 1.15 1.04 8177412 2207456 5969956 0 282568 732456 304480 484500 2905468 8386556 0 8386556 0 0 4 0 0 553412 0 5 28 0 0 0 0 85268 520 210 0 0 265 148 0 0 0 0 115 116 12 12 0 0 0 0 0 0 1 1 0 5 5 0 0 0 255703 1952 0 166348 0 0 0 0 0 0 0 0 0 0 0 0 0 0 0 2 54 0 0 1171 977 433 214 90 50 14 4 17 11 1437
20150604 13:26:00 0 0 0 0 0 0 0 99 1 6941 846 0 877 0 0.06 1.11 1.03 8177412 2207440 5969972 0 282568 732456 304480 484500 2905468 8386556 0 8386556 0 0 16 0 0 553396 0 8 28 0 0 0 0 85268 520 210 0 0 265 148 0 0 0 0 138 138 15 15 0 0 0 0 0 0 2 2 0 9 9 0 0 0 255703 1952 0 166348 0 0 0 0 0 0 0 0 0 0 0 0 0 0 0 4 72 0 0 1171 975 431 216 90 50 14 4 17 11 1437
20150604 13:26:10 1 0 0 0 0 0 0 98 1 7123 908 6 877 0 0.05 1.08 1.02 8177412 2210416 5966996 0 282568 732480 304448 484496 2905468 8386556 0 8386556 0 0 92 0 0 553416 0 9 2115 0 0 0 0 85228 520 210 0 0 265 148 0 0 0 0 124 125 13 13 0 0 0 0 0 0 2 2 0 9 9 0 1 1 255703 1952 0 166348 0 0 0 0 0 0 0 0 0 0 0 0 0 0 0 4 62 0 0 1021 932 414 177 82 50 14 4 17 11 1437
20150604 13:26:20 0 0 0 0 0 0 0 100 0 7115 738 0 876 0 0.04 1.04 1.01 8177412 2208920 5968492 0 282568 732480 304448 484500 2905468 8386556 0 8386556 0 0 96 0 0 553416 0 1 29 0 0 0 0 85228 520 210 0 0 265 148 0 0 0 0 104 104 11 11 0 0 0 0 0 0 0 0 0 1 1 0 0 0 255695 1952 0 166340 0 0 0 0 0 0 0 0 0 0 0 0 0 0 0 2 49 0 0 1166 973 422 203 82 50 14 4 17 11 1437
20150604 13:26:30 0 0 0 0 0 0 0 100 0 7257 807 0 876 0 0.04 1.01 1.00 8177412 2207888 5969524 0 282568 732480 304448 484496 2905468 8386556 0 8386556 0 0 60 0 0 553416 0 11 28 0 0 0 0 85228 520 210 0 0 265 148 0 0 0 0 124 124 13 13 0 0 0 0 0 0 2 2 0 11 11 0 0 0 255695 1952 0 166340 0 0 0 0 0 0 0 0 0 0 0 0 0 0 0 3 60 0 0 1191 959 426 218 84 50 14 4 17 11 1437
20150604 13:26:40 0 0 0 0 0 0 0 100 0 6735 745 0 876 0 0.03 0.97 0.99 8177412 2207748 5969664 0 282568 732480 304448 484500 2905468 8386556 0 8386556 0 0 0 0 0 553412 0 1 28 0 0 0 0 85228 520 210 0 0 265 148 0 0 0 0 111 112 12 12 0 0 0 0 0 0 1 1 0 1 1 0 0 0 255695 1952 0 166340 0 0 0 0 0 0 0 0 0 0 0 0 0 0 0 3 54 0 0 1212 964 427 218 84 50 14 4 17 11 1437
20150604 13:26:50 0 0 0 0 0 0 0 100 0 7146 837 0 876 0 0.03 0.94 0.98 8177412 2207732 5969680 0 282568 732480 304448 484496 2905468 8386556 0 8386556 0 0 4 0 0 553412 0 0 28 0 0 0 0 85228 520 210 0 0 265 168 0 0 0 0 137 136 15 15 0 0 0 0 0 0 0 0 0 0 0 0 0 0 255695 1952 0 166340 0 0 0 0 0 0 0 0 0 0 0 0 0 0 0 3 65 0 0 1202 961 432 218 84 50 14 4 17 11 1437
20150604 13:27:00 0 0 0 0 0 0 0 100 0 6859 712 0 876 0 0.02 0.91 0.97 8177412 2207588 5969824 0 282568 732488 304448 484500 2905468 8386556 0 8386556 0 0 24 0 0 553412 0 2 29 0 0 0 0 85228 520 210 0 0 265 148 0 0 0 0 102 103 11 11 0 0 0 0 0 0 1 1 0 2 2 0 0 0 255695 1952 0 166340 0 0 0 0 0 0 0 0 0 0 0 0 0 0 0 2 46 0 0 1226 963 432 219 84 50 14 4 17 11 1437
20150604 13:27:10 1 0 0 0 0 0 0 98 1 6997 946 6 876 0 0.02 0.88 0.96 8177412 2210440 5966972 0 282572 732512 304576 484500 2905468 8386556 0 8386556 0 0 96 0 0 553428 0 8 2112 0 0 0 0 85268 520 210 0 0 265 168 0 0 0 0 133 133 14 14 0 0 0 0 0 0 1 1 0 8 8 0 1 1 255695 1952 0 166340 0 0 0 0 0 0 0 0 0 0 0 0 0 0 0 4 66 0 0 1041 911 402 183 83 50 14 4 17 11 1437
20150604 13:27:20 0 0 0 0 0 0 0 100 0 6733 769 0 876 0 0.02 0.85 0.95 8177412 2208828 5968584 0 282576 732512 304576 484500 2905468 8386556 0 8386556 0 0 96 0 0 553432 0 2 28 0 0 0 0 85268 520 210 0 0 265 168 0 0 0 0 117 117 12 12 0 0 0 0 0 0 0 0 0 2 2 0 0 0 255695 1952 0 166340 0 0 0 0 0 0 0 0 0 0 0 0 0 0 0 3 60 0 0 1167 933 420 201 86 50 14 4 17 11 1437
20150604 13:27:30 0 0 0 0 0 0 0 100 0 6889 855 0 876 0 0.01 0.82 0.94 8177412 2208128 5969284 0 282576 732512 304576 484496 2905468 8386556 0 8386556 0 0 60 0 0 553432 0 6 28 0 0 0 0 85268 520 210 0 0 265 148 0 0 0 0 141 141 15 15 0 0 0 0 0 0 1 1 0 6 6 0 0 0 255695 1952 0 166340 0 0 0 0 0 0 0 0 0 0 0 0 0 0 0 5 76 0 0 1203 947 426 206 87 50 14 4 17 11 1437
20150604 13:27:40 0 0 0 0 0 0 0 100 0 6363 737 0 876 0 0.01 0.80 0.93 8177412 2208112 5969300 0 282580 732512 304576 484496 2905468 8386556 0 8386556 0 0 56 0 0 553432 0 2 28 0 0 0 0 85268 520 210 0 0 265 148 0 0 0 0 104 104 11 11 0 0 0 0 0 0 0 0 0 2 2 0 0 0 255695 1952 0 166340 0 0 0 0 0 0 0 0 0 0 0 0 0 0 0 2 49 0 0 1203 947 427 206 87 50 14 4 17 11 1437
20150604 13:27:50 0 0 0 0 0 0 0 100 0 6979 826 0 876 0 0.01 0.77 0.92 8177412 2207972 5969440 0 282580 732512 304576 484496 2905468 8386556 0 8386556 0 0 4 0 0 553436 0 5 28 0 0 0 0 85268 520 210 0 0 265 148 0 0 0 0 133 134 14 14 0 0 0 0 0 0 1 1 0 5 5 0 0 0 255695 1952 0 166340 0 0 0 0 0 0 0 0 0 0 0 0 0 0 0 5 73 0 0 1226 949 427 207 87 50 14 4 17 11 1437
20150604 13:28:00 0 0 0 0 0 0 0 100 0 7253 883 0 876 0 0.01 0.75 0.91 8177412 2207988 5969424 0 282580 732516 304608 484496 2905468 8386556 0 8386556 0 0 16 0 0 553428 0 2 28 0 0 0 0 85300 520 210 0 0 265 148 0 0 0 0 144 144 15 15 0 0 0 0 0 0 0 0 0 2 2 0 0 0 255695 1952 0 166340 0 0 0 0 0 0 0 0 0 0 0 0 0 0 0 5 76 0 0 1212 954 427 207 87 50 14 4 17 11 1437
20150604 13:28:10 0 0 0 0 0 0 0 99 1 7114 946 6 876 0 0.01 0.72 0.90 8177412 2210592 5966820 0 282580 732544 304640 484496 2905468 8386556 0 8386556 0 0 96 0 0 553448 0 8 2110 0 0 0 0 85336 520 210 0 0 265 148 0 0 0 0 133 133 14 14 0 0 0 0 0 0 1 1 0 8 8 0 1 1 255695 1952 0 166340 0 0 0 0 0 0 0 0 0 0 0 0 0 0 0 4 65 0 0 1078 887 403 181 86 49 14 4 17 11 1437
20150604 13:28:20 0 0 0 0 0 0 0 99 1 6663 832 0 876 0 0.01 0.70 0.89 8177412 2208948 5968464 0 282588 732544 304608 484496 2905468 8386556 0 8386556 0 0 100 0 0 553444 0 1 28 0 0 0 0 85304 520 210 0 0 265 148 0 0 0 0 137 137 15 15 0 0 0 0 0 0 0 0 0 1 1 0 0 0 255695 1952 0 166340 0 0 0 0 0 0 0 0 0 0 0 0 0 0 0 4 69 0 0 1242 910 427 198 86 49 14 4 17 11 1437
20150604 13:28:30 0 0 0 0 0 0 0 100 0 6967 851 0 876 0 0.00 0.67 0.88 8177412 2208036 5969376 0 282588 732544 304608 484496 2905468 8386556 0 8386556 0 0 60 0 0 553448 0 6 28 0 0 0 0 85304 520 210 0 0 265 148 0 0 0 0 135 135 14 14 0 0 0 0 0 0 1 1 0 6 6 0 0 0 255695 1952 0 166340 0 0 0 0 0 0 0 0 0 0 0 0 0 0 0 5 74 0 0 1268 916 433 209 87 49 14 4 17 11 1437
20150604 13:28:40 0 0 0 0 0 0 0 99 0 6808 785 0 876 0 0.00 0.65 0.87 8177412 2208020 5969392 0 282592 732544 304608 484496 2905468 8386556 0 8386556 0 0 64 0 0 553448 0 3 29 0 0 0 0 85304 520 210 0 0 265 168 0 0 0 0 118 119 13 13 0 0 0 0 0 0 0 0 0 3 3 0 0 0 255695 1952 0 166340 0 0 0 0 0 0 0 0 0 0 0 0 0 0 0 3 58 0 0 1260 916 432 209 88 49 14 4 17 11 1437
20150604 13:28:50 0 0 0 0 0 0 0 100 0 6808 843 0 876 0 0.00 0.63 0.86 8177412 2207880 5969532 0 282592 732544 304608 484496 2905468 8386556 0 8386556 0 0 4 0 0 553452 0 6 28 0 0 0 0 85304 520 210 0 0 265 148 0 0 0 0 138 137 15 15 0 0 0 0 0 0 2 2 0 6 6 0 0 0 255695 1952 0 166340 0 0 0 0 0 0 0 0 0 0 0 0 0 0 0 4 70 0 0 1277 919 431 211 88 49 14 4 17 11 1437
