################################################################################
# Collectl:   V3.6.0-1  HiRes: 1  Options: -o z -D -P -i 10 -f /mnt/vol2/msevilla/ceph-logs/osd/cpu/ 
# Host:       issdm-0  DaemonOpts: -f /var/log/collectl -r00:00,7 -m -F60 -s+YZ
# Distro:       Platform: H8DMR-82
# Date:       20150604-130339  Secs: 1433448219 TZ: -0700
# SubSys:     bcdfijmnstYZ Options: z Interval: 10:60 NumCPUs: 4  NumBud: 4 Flags: i
# Filters:    NfsFilt:  EnvFilt: 
# HZ:         100  Arch: x86_64-linux-gnu-thread-multi PageSize: 4096
# Cpu:        AuthenticAMD Speed(MHz): 2010.210 Cores: 2  Siblings: 2
# Kernel:     3.4.0-030400-generic  Memory: 8177412 kB  Swap: 8386556 kB
# NumDisks:   5 DiskNames: sda sdb sdc sdd sde
# NumNets:    4 NetNames: eth0:?? eth1:1000 eth2:1000 lo:
# NumSlabs:   133 Version: 2.1
# IConnect:   NumHCAs: 1 PortStates: 0 IBVersion:  PQVersion: 
# SCSI:       DA:0:00:00:00 DA:1:00:00:00 DA:2:00:00:00 DA:3:00:00:00 DA:4:00:00:00 CD:6:00:01:00
################################################################################
#Date Time [CPU]User% [CPU]Nice% [CPU]Sys% [CPU]Wait% [CPU]Irq% [CPU]Soft% [CPU]Steal% [CPU]Idle% [CPU]Totl% [CPU]Intrpt/sec [CPU]Ctx/sec [CPU]Proc/sec [CPU]ProcQue [CPU]ProcRun [CPU]L-Avg1 [CPU]L-Avg5 [CPU]L-Avg15 [MEM]Tot [MEM]Used [MEM]Free [MEM]Shared [MEM]Buf [MEM]Cached [MEM]Slab [MEM]Map [MEM]Commit [MEM]SwapTot [MEM]SwapUsed [MEM]SwapFree [MEM]SwapIn [MEM]SwapOut [MEM]Dirty [MEM]Clean [MEM]Laundry [MEM]Inactive [MEM]PageIn [MEM]PageOut [MEM]PageFaults [MEM]PageMajFaults [MEM]HugeTotal [MEM]HugeFree [MEM]HugeRsvd [MEM]SUnreclaim [SOCK]Used [SOCK]Tcp [SOCK]Orph [SOCK]Tw [SOCK]Alloc [SOCK]Mem [SOCK]Udp [SOCK]Raw [SOCK]Frag [SOCK]FragMem [NET]RxPktTot [NET]TxPktTot [NET]RxKBTot [NET]TxKBTot [NET]RxCmpTot [NET]RxMltTot [NET]TxCmpTot [NET]RxErrsTot [NET]TxErrsTot [DSK]ReadTot [DSK]WriteTot [DSK]OpsTot [DSK]ReadKBTot [DSK]WriteKBTot [DSK]KbTot [DSK]ReadMrgTot [DSK]WriteMrgTot [DSK]MrgTot [INODE]NumDentry [INODE]openFiles [INODE]MaxFile% [INODE]used [NFS]ReadsS [NFS]WritesS [NFS]MetaS [NFS]CommitS [NFS]Udp [NFS]Tcp [NFS]TcpConn [NFS]BadAuth [NFS]BadClient [NFS]ReadsC [NFS]WritesC [NFS]MetaC [NFS]CommitC [NFS]Retrans [NFS]AuthRef [TCP]PureAcks [TCP]HPAcks [TCP]Loss [TCP]FTrans [BUD]1Page [BUD]2Pages [BUD]4Pages [BUD]8Pages [BUD]16Pages [BUD]32Pages [BUD]64Pages [BUD]128Pages [BUD]256Pages [BUD]512Pages [BUD]1024Pages
20150604 13:04:00 2 0 1 0 0 0 0 97 3 4500 1040 23 738 0 0.52 0.51 0.39 8177412 1699324 6478088 0 288852 725740 164600 431200 2900372 8386556 0 8386556 0 0 48 0 0 535036 0 5 7211 0 0 0 0 32192 434 169 0 0 180 24 0 0 0 0 81 78 11 9 0 0 0 0 0 0 1 1 0 5 5 0 0 0 120147 1856 0 96751 0 0 0 0 0 0 0 0 0 0 0 1 0 0 1 8 43 0 0 719 748 1096 1140 732 436 318 204 133 59 1433
20150604 13:04:10 2 0 2 1 0 0 0 94 5 6008 4819 42 741 0 0.44 0.50 0.38 8177412 1706792 6470620 0 288864 728732 164796 436524 2922400 8386556 0 8386556 0 0 196 0 0 537748 290 24 13893 4 0 0 0 32404 452 180 0 0 194 25 0 0 0 0 264 235 92 43 0 0 0 0 0 11 2 12 290 24 315 0 5 5 120584 1984 0 97086 0 0 0 0 0 0 0 0 0 0 0 2 0 0 6 10 135 0 0 468 624 1011 1059 736 436 311 204 133 59 1433
20150604 13:04:20 8 0 6 0 0 0 0 86 14 16638 26078 3 741 0 0.74 0.56 0.40 8177412 1717740 6459672 0 288868 736988 164956 441168 2922400 8386556 0 8386556 0 0 4792 0 0 545700 0 1932 262 0 0 0 0 32564 452 180 0 0 194 46 0 0 0 0 1380 1250 872 275 0 0 0 0 0 0 330 330 0 1932 1932 0 2 2 120581 1984 0 97081 0 0 0 0 0 0 0 0 0 0 0 0 0 0 0 12 679 0 0 583 649 933 933 689 418 308 204 133 59 1433
20150604 13:04:30 2 0 2 0 0 0 0 95 5 11320 17169 3 742 0 0.63 0.54 0.40 8177412 1717052 6460360 0 288868 736988 165000 441780 2930732 8386556 0 8386556 0 0 20 0 0 545700 0 482 69 0 0 0 0 32608 452 180 0 0 194 46 0 0 0 0 928 789 371 170 0 0 0 0 0 0 3 3 0 482 482 0 0 0 120569 1984 0 97069 0 0 0 0 0 0 0 0 0 0 0 0 0 0 0 7 515 0 0 713 690 937 924 690 418 308 204 133 59 1433
20150604 13:04:40 2 0 2 0 0 0 0 95 5 11100 16457 3 743 0 0.53 0.52 0.40 8177412 1716184 6461228 0 288868 736988 164936 442068 2939064 8386556 0 8386556 0 0 24 0 0 545700 0 0 62 0 0 0 0 32544 452 180 0 0 194 46 0 0 0 0 901 770 356 164 0 0 0 0 0 0 0 0 0 0 0 0 0 0 120557 1984 0 97055 0 0 0 0 0 0 0 0 0 0 0 0 0 0 0 8 500 0 0 794 726 953 924 690 418 308 204 133 59 1433
20150604 13:04:50 4 0 3 0 0 0 0 92 7 12595 19100 3 743 0 0.45 0.51 0.39 8177412 1718844 6458568 0 288868 739692 164968 442020 2939064 8386556 0 8386556 0 0 1588 0 0 548216 0 549 80 0 0 0 0 32576 452 180 0 0 194 52 0 0 0 0 1094 899 577 192 0 0 0 0 0 0 76 76 0 548 548 0 1 1 120561 2016 0 97061 0 0 0 0 0 0 0 0 0 0 0 0 0 0 0 9 559 0 0 782 694 948 883 683 419 305 204 133 59 1433
20150604 13:05:00 3 0 3 0 0 0 0 93 7 12556 18138 3 743 0 0.38 0.49 0.39 8177412 1722044 6455368 0 288868 742716 164936 441724 2939196 8386556 0 8386556 0 0 1564 0 0 551208 0 694 73 0 0 0 0 32544 452 180 0 0 194 26 0 0 0 0 1103 860 605 180 0 0 0 0 0 0 77 77 0 694 694 0 0 0 120601 2016 0 97101 0 0 0 0 0 0 0 0 0 0 0 0 0 0 0 7 537 0 0 778 694 949 883 661 417 299 204 133 59 1433
20150604 13:05:10 2 0 3 0 0 0 0 95 5 11633 16673 9 743 0 0.32 0.47 0.38 8177412 1725308 6452104 0 288880 742716 165040 441736 2939196 8386556 0 8386556 0 0 80 0 0 551216 0 165 2227 0 0 0 0 32648 452 180 0 0 194 26 0 0 0 0 902 766 358 165 0 0 0 0 0 0 3 3 0 165 165 0 2 2 120585 2016 0 97080 0 0 0 0 0 0 0 0 0 0 0 0 0 0 0 8 504 0 0 746 638 977 901 673 416 282 204 133 59 1433
20150604 13:05:20 3 0 2 0 0 0 0 95 5 11238 16691 3 743 0 0.59 0.53 0.40 8177412 1723764 6453648 0 288880 742716 164984 441716 2939196 8386556 0 8386556 0 0 76 0 0 551216 0 6 54 0 0 0 0 32592 452 180 0 0 194 25 0 0 0 0 909 778 361 166 0 0 0 0 0 0 1 1 0 6 6 0 0 0 120616 2016 0 97109 0 0 0 0 0 0 0 0 0 0 0 0 0 0 0 7 508 0 0 808 703 987 900 673 419 284 204 133 59 1433
20150604 13:05:30 9 0 7 0 0 0 0 83 16 18437 29100 3 743 2 0.94 0.61 0.43 8177412 1732028 6445384 0 288880 751396 165156 440972 2939196 8386556 0 8386556 0 0 2992 0 0 559352 0 3413 214 1 0 0 0 32672 452 180 0 0 194 24 0 0 0 0 1701 1394 1305 299 0 0 0 0 0 0 489 489 0 3413 3413 0 1 1 120615 2016 0 97109 0 0 0 0 0 0 0 0 0 0 0 0 0 0 0 8 743 0 0 720 656 951 882 660 410 266 204 133 59 1433
20150604 13:05:40 6 0 5 0 0 0 0 88 12 16049 24868 3 743 1 1.09 0.65 0.45 8177412 1733888 6443524 0 288880 753604 165104 441252 2939196 8386556 0 8386556 0 0 5604 0 0 561296 0 1806 159 1 0 0 0 32512 452 180 0 0 194 44 0 0 0 0 1363 1160 860 250 0 0 0 0 0 0 264 264 0 1806 1806 0 0 0 120635 2016 0 97127 0 0 0 0 0 0 0 0 0 0 0 0 0 0 0 10 670 0 0 723 791 975 910 661 410 251 205 132 59 1433
20150604 13:05:50 2 0 3 0 0 0 0 95 5 10015 14643 3 745 0 1.65 0.78 0.49 8177412 1735424 6441988 0 288884 753808 166176 441504 2939196 8386556 0 8386556 0 0 284 0 0 561472 0 666 61 0 0 0 0 33584 453 181 0 0 195 25 0 0 0 0 784 674 311 146 0 0 0 0 0 0 30 30 0 666 666 0 1 1 120823 2016 0 97137 0 0 0 0 0 0 0 0 0 0 0 0 0 0 0 8 434 0 0 577 792 968 876 665 410 251 205 132 59 1433
20150604 13:06:00 9 0 6 0 0 1 0 84 16 16279 27027 3 745 2 1.76 0.83 0.51 8177412 1742880 6434532 0 288884 752116 170024 440908 2939196 8386556 0 8386556 0 0 4192 0 0 559480 0 2611 213 2 0 0 0 37376 453 181 0 0 195 24 0 0 0 0 1461 1240 891 307 0 0 0 0 0 0 382 382 0 2611 2611 0 21 21 122488 2016 0 98035 0 0 0 0 0 0 0 0 0 0 0 0 0 0 0 12 701 0 0 887 606 953 744 664 409 244 204 132 59 1433
20150604 13:06:10 5 0 4 0 0 0 0 90 10 11020 19813 9 745 0 1.49 0.81 0.51 8177412 1748536 6428876 0 288888 749620 171972 440876 2939196 8386556 0 8386556 0 0 1360 0 0 557260 0 1782 2161 0 0 0 0 38964 453 181 0 0 195 25 0 0 0 0 984 836 397 223 0 0 0 0 0 0 160 160 0 1782 1782 0 125 125 124361 2048 0 98964 0 0 0 0 0 0 0 0 0 0 0 0 0 0 0 12 527 0 0 653 586 694 743 668 406 245 207 132 60 1432
20150604 13:06:20 4 0 4 0 0 0 0 92 8 11262 18832 3 745 0 1.34 0.80 0.51 8177412 1750292 6427120 0 288888 750324 171064 441276 2939196 8386556 0 8386556 0 0 1396 0 0 557996 0 1837 77 0 0 0 0 37576 453 181 0 0 195 24 0 0 0 0 965 829 385 210 0 0 0 0 0 0 158 158 0 1837 1837 0 178 178 125703 2048 0 99639 0 0 0 0 0 0 0 0 0 0 0 0 0 0 0 10 528 0 0 702 557 508 787 670 406 245 207 132 60 1432
20150604 13:06:30 7 0 5 0 0 0 0 87 13 14451 22846 3 745 0 1.13 0.77 0.50 8177412 1758564 6418848 0 288888 757492 170560 440984 2939196 8386556 0 8386556 0 0 2980 0 0 564892 0 2774 128 0 0 0 0 36332 453 181 0 0 195 24 0 0 0 0 1286 1036 823 250 0 0 0 0 0 0 335 335 0 2774 2774 0 87 87 126862 2048 0 100184 0 0 0 0 0 0 0 0 0 0 0 0 0 0 0 15 586 0 0 290 304 282 746 665 405 246 207 132 60 1432
20150604 13:06:40 8 0 6 0 0 0 0 86 14 14980 25170 3 745 1 0.96 0.75 0.49 8177412 1775488 6401924 0 288888 764852 176660 441096 2939196 8386556 0 8386556 0 0 3740 0 0 572116 0 2691 136 0 0 0 0 41072 453 181 0 0 195 25 0 0 0 0 1423 1134 873 281 0 0 0 0 0 0 335 335 0 2691 2691 0 72 72 128811 2048 0 101206 0 0 0 0 0 0 0 0 0 0 0 0 0 0 0 13 662 0 0 303 252 173 462 654 404 244 199 132 60 1432
20150604 13:06:50 7 0 6 1 0 0 0 87 13 14660 23376 3 745 0 0.81 0.72 0.49 8177412 1776972 6400440 0 288892 762848 175324 440892 2939196 8386556 0 8386556 0 0 5588 0 0 570040 0 3659 146 1 0 0 0 38576 453 181 0 0 195 34 0 0 0 0 1390 1057 880 262 0 0 0 0 0 0 375 375 0 3659 3659 0 191 191 130595 2016 0 102075 0 0 0 0 0 0 0 0 0 0 0 0 0 0 0 10 618 0 0 257 218 179 442 658 407 245 200 132 59 1432
20150604 13:07:00 9 0 7 1 0 0 0 83 16 15872 26758 3 745 1 0.68 0.70 0.48 8177412 1781848 6395564 0 288892 758236 180032 436532 2939196 8386556 0 8386556 0 0 3640 0 0 565104 0 3746 270 2 0 0 0 42020 453 181 0 0 195 32 0 0 0 0 1491 1190 977 297 0 0 0 0 0 0 396 396 0 3746 3746 0 72 72 132387 2016 0 102956 0 0 0 0 0 0 0 0 0 0 0 0 0 0 0 11 673 0 0 417 413 274 213 684 405 244 195 132 59 1432
20150604 13:07:10 6 0 6 1 0 0 0 87 13 14223 23326 9 745 0 0.58 0.67 0.48 8177412 1791132 6386280 0 288900 763236 180108 436852 2939196 8386556 0 8386556 0 0 2720 0 0 569968 0 3049 2185 0 0 0 0 41052 453 181 0 0 195 25 0 0 0 0 1291 1015 720 254 0 0 0 0 0 0 319 319 0 3049 3049 0 171 171 134218 2048 0 103899 0 0 0 0 0 0 0 0 0 0 0 0 0 0 0 11 615 0 0 501 279 183 165 623 407 246 195 132 60 1431
20150604 13:07:20 10 0 7 1 0 0 0 82 18 16513 28125 3 745 1 0.71 0.70 0.49 8177412 1793640 6383772 0 288900 759484 182252 437840 2939196 8386556 0 8386556 0 0 1468 0 0 566428 0 4407 210 1 0 0 0 42028 452 180 0 1 194 24 0 0 0 0 1445 1295 894 321 0 0 0 0 0 0 501 501 0 4407 4407 0 161 161 135796 2016 0 104686 0 0 0 0 0 0 0 0 0 0 0 0 0 0 0 11 718 0 0 600 460 191 113 589 410 248 194 133 59 1431
20150604 13:07:30 4 0 4 0 0 0 0 91 9 11198 19377 3 746 0 0.60 0.68 0.49 8177412 1797288 6380124 0 288900 756764 186192 437644 2939196 8386556 0 8386556 0 0 1256 0 0 563944 0 1460 88 0 0 0 0 44900 452 180 0 1 194 29 0 0 0 0 998 852 407 222 0 0 0 0 0 0 172 172 0 1459 1459 0 95 95 137485 2016 0 105512 0 0 0 0 0 0 0 0 0 0 0 0 0 0 0 11 540 0 0 755 528 213 108 499 414 249 194 133 59 1431
20150604 13:07:40 7 0 6 0 0 0 0 86 13 15144 23175 3 746 0 1.55 0.87 0.55 8177412 1805616 6371796 0 288900 764028 185544 437920 2939196 8386556 0 8386556 0 0 4152 0 0 570984 0 2643 137 0 0 0 0 43528 452 180 0 1 194 26 0 0 0 0 1299 1070 809 257 0 0 0 0 0 0 336 336 0 2644 2644 0 74 74 138624 2016 0 106022 0 0 0 0 0 0 0 0 0 0 0 0 0 0 0 13 609 0 0 424 216 47 96 472 414 249 194 133 59 1431
20150604 13:07:50 4 0 3 0 0 0 0 92 7 11538 16660 3 745 0 1.31 0.84 0.55 8177412 1805788 6371624 0 288904 760960 185440 437524 2939196 8386556 0 8386556 0 0 1004 0 0 568228 0 2275 79 0 0 0 0 42496 452 180 0 1 194 24 0 0 0 0 860 741 335 191 0 0 0 0 0 0 183 183 0 2275 2275 0 166 166 140206 2016 0 106892 0 0 0 0 0 0 0 0 0 0 0 0 0 0 0 12 462 0 0 475 358 62 93 442 418 249 194 133 59 1431
20150604 13:08:00 5 0 5 0 0 0 0 90 9 10856 19351 3 745 1 1.11 0.81 0.54 8177412 1809144 6368268 0 288904 757536 188948 437220 2939196 8386556 0 8386556 0 0 824 0 0 564808 0 1488 111 1 0 0 0 44772 452 180 0 1 194 25 0 0 0 0 976 832 384 220 0 0 0 0 0 0 164 164 0 1488 1488 0 61 61 141957 2048 0 107750 0 0 0 0 0 0 0 0 0 0 0 0 0 0 0 10 529 0 0 976 397 120 131 314 419 249 194 133 59 1431
20150604 13:08:10 10 0 8 1 0 1 0 81 19 16323 29201 9 746 0 1.33 0.87 0.56 8177412 1817160 6360252 0 288908 759292 190572 437936 2939196 8386556 0 8386556 0 0 3436 0 0 566184 0 4035 2425 2 0 0 0 45420 452 180 0 1 194 26 0 0 0 0 1425 1277 896 321 0 0 0 0 0 0 485 485 0 4035 4035 0 163 163 143620 2048 0 108563 0 0 0 0 0 0 0 0 0 0 0 0 0 0 0 12 690 0 0 462 239 109 106 230 425 250 195 133 59 1431
20150604 13:08:20 4 0 4 0 0 0 0 91 9 13122 19503 3 746 0 1.13 0.84 0.55 8177412 1822576 6354836 0 288908 760572 191248 436828 2939196 8386556 0 8386556 0 0 3800 0 0 567496 0 1840 83 0 0 0 0 45036 452 180 0 0 194 24 0 0 0 0 985 842 386 216 0 0 0 0 0 0 215 215 0 1840 1840 0 132 132 145346 2048 0 109443 0 0 0 0 0 0 0 0 0 0 0 0 0 0 0 12 531 0 0 422 219 51 80 184 425 250 195 133 59 1431
20150604 13:08:30 3 0 3 0 0 0 0 94 6 8875 12907 3 746 0 1.03 0.83 0.55 8177412 1822984 6354428 0 288908 757436 192684 437344 2939196 8386556 0 8386556 0 0 796 0 0 564540 0 1681 77 0 0 0 0 45636 452 180 0 0 194 64 0 0 0 0 653 571 256 148 0 0 0 0 0 0 132 132 0 1681 1681 0 114 114 146608 2048 0 110049 0 0 0 0 0 0 0 0 0 0 0 0 0 0 0 11 357 0 0 697 354 65 96 128 424 250 195 133 59 1431
20150604 13:08:40 4 0 3 0 0 0 0 92 8 11316 18462 4 746 3 0.87 0.80 0.55 8177412 1826724 6350688 0 288908 754108 195420 438172 2939196 8386556 0 8386556 0 0 1072 0 0 561416 0 938 380 0 0 0 0 47592 452 180 0 0 194 25 0 0 0 0 958 814 379 207 0 0 0 0 0 0 125 125 0 938 938 0 59 59 147885 2016 0 110695 0 0 0 0 0 0 0 0 0 0 0 0 0 0 0 11 527 0 0 604 386 79 115 118 394 251 195 133 59 1431
20150604 13:08:50 14 0 11 1 0 1 0 74 25 20789 35974 3 746 0 1.60 0.96 0.60 8177412 1832424 6344988 0 288908 758076 194244 436744 2939196 8386556 0 8386556 0 0 4380 0 0 564944 0 6448 418 2 0 0 0 45340 452 180 0 0 194 33 0 0 0 0 1838 1633 1335 405 0 0 0 0 0 0 757 757 0 6448 6448 0 182 182 149560 2016 0 111538 0 0 0 0 0 0 0 0 0 0 0 0 0 0 0 14 847 0 0 539 277 109 106 94 373 251 193 133 59 1431
20150604 13:09:00 5 0 5 0 0 0 0 89 10 12345 20804 3 746 1 1.35 0.93 0.59 8177412 1839596 6337816 0 288912 756280 198780 437536 2939196 8386556 0 8386556 0 0 5736 0 0 563368 0 1383 95 0 0 0 0 48612 452 180 0 0 194 45 0 0 0 0 1063 890 460 235 0 0 0 0 0 0 200 200 0 1383 1383 0 67 67 151648 2016 0 112570 0 0 0 0 0 0 0 0 0 0 0 0 0 0 0 9 562 0 0 635 213 152 104 78 332 250 194 132 59 1431
20150604 13:09:10 4 0 4 1 0 0 0 90 9 12059 19070 10 746 1 1.22 0.91 0.59 8177412 1838884 6338528 0 288916 753084 197548 438280 2939196 8386556 0 8386556 0 0 868 0 0 560432 0 2331 2305 0 0 0 0 46456 451 179 0 1 193 24 0 0 0 0 995 845 389 213 0 0 0 0 0 0 153 153 0 2331 2331 0 163 163 153064 2048 0 113287 0 0 0 0 0 0 0 0 0 0 0 0 0 0 0 16 539 0 0 1081 426 130 176 104 286 252 196 132 60 1430
20150604 13:09:20 16 0 12 1 0 1 0 71 29 22176 41860 3 746 0 1.27 0.93 0.60 8177412 1855852 6321560 0 288916 760560 199860 441464 2941244 8386556 0 8386556 0 0 8608 0 0 567448 0 6724 455 3 0 0 0 47508 451 179 0 1 193 108 0 0 0 0 2187 1858 1726 450 0 0 0 0 0 0 838 838 0 6723 6723 0 126 126 155108 1984 0 114315 0 0 0 0 0 0 0 0 0 0 0 0 0 0 0 12 942 0 0 587 155 44 49 83 257 251 193 133 59 1430
20150604 13:09:30 9 0 7 1 0 0 0 82 17 16949 26600 3 746 0 1.30 0.95 0.61 8177412 1868124 6309288 0 288916 766516 201460 443452 2944348 8386556 0 8386556 0 0 5344 0 0 573048 0 4449 268 1 0 0 0 48308 451 179 0 1 193 45 0 0 0 0 1456 1260 988 304 0 0 0 0 0 0 473 473 0 4450 4450 0 129 129 156439 2016 0 115005 0 0 0 0 0 0 0 0 0 0 0 0 0 0 0 10 680 0 0 597 128 13 42 23 214 250 194 133 60 1429
20150604 13:09:40 4 0 4 0 0 0 0 92 8 10797 17503 3 746 0 1.10 0.92 0.60 8177412 1870924 6306488 0 288916 763444 203668 443716 2944348 8386556 0 8386556 0 0 1048 0 0 570232 0 1792 82 0 0 0 0 49424 451 179 0 1 193 64 0 0 0 0 887 760 346 198 0 0 0 0 0 0 152 152 0 1792 1792 0 73 73 158075 2016 0 115818 0 0 0 0 0 0 0 0 0 0 0 0 0 0 0 11 482 0 0 864 321 18 100 36 153 250 194 133 60 1429
20150604 13:09:50 8 0 7 1 0 0 0 84 16 15537 26681 3 746 0 0.93 0.89 0.60 8177412 1876072 6301340 0 288916 762228 203124 445824 2947420 8386556 0 8386556 0 0 1100 0 0 568692 0 4483 290 2 0 0 0 47592 451 179 0 1 193 24 0 0 0 0 1423 1174 882 296 0 0 0 0 0 0 496 496 0 4483 4483 0 196 196 160083 1984 0 116824 0 0 0 0 0 0 0 0 0 0 0 0 0 0 0 12 671 0 0 1059 246 79 117 43 114 247 194 133 59 1429
20150604 13:10:00 4 0 4 0 0 0 0 91 9 12025 18884 3 746 0 0.79 0.86 0.59 8177412 1887260 6290152 0 288916 763468 210096 446844 2947420 8386556 0 8386556 0 0 964 0 0 569976 0 1100 86 0 0 0 0 53480 451 179 0 1 193 24 0 0 0 0 1008 866 385 219 0 0 0 0 0 0 107 107 0 1100 1100 0 88 88 161693 2016 0 117599 0 0 0 0 0 0 0 0 0 0 0 0 0 0 0 14 549 0 0 746 249 80 56 20 65 245 194 133 59 1429
20150604 13:10:10 5 0 4 1 0 0 0 90 9 12455 17925 9 746 0 0.66 0.83 0.58 8177412 1890176 6287236 0 288920 760524 209632 446204 2947420 8386556 0 8386556 0 0 656 0 0 567384 0 1931 2158 0 0 0 0 51968 451 179 0 0 193 24 0 0 0 0 946 816 363 209 0 0 0 0 0 0 179 179 0 1931 1931 0 161 161 163446 2016 0 118497 0 0 0 0 0 0 0 0 0 0 0 0 0 0 0 12 505 0 0 1074 346 129 123 42 35 235 193 133 60 1428
20150604 13:10:20 8 0 7 1 0 1 0 84 16 16112 27378 3 746 1 0.79 0.85 0.59 8177412 1903336 6274076 0 288920 769744 210308 447632 2948444 8386556 0 8386556 0 0 1516 0 0 576168 0 3927 202 0 0 0 0 51568 451 179 0 0 193 27 0 0 0 0 1459 1256 952 308 0 0 0 0 0 0 465 465 0 3927 3927 0 132 132 164930 2016 0 119208 0 0 0 0 0 0 0 0 0 0 0 0 0 0 0 9 684 0 0 584 122 10 16 30 23 227 193 133 60 1428
20150604 13:10:30 7 0 6 0 0 0 0 87 13 13972 22616 3 746 0 0.74 0.84 0.59 8177412 1915724 6261688 0 288920 771580 213616 450680 2951516 8386556 0 8386556 0 0 720 0 0 577876 0 3089 226 1 0 0 0 53676 451 179 0 0 193 23 0 0 0 0 1248 996 752 249 0 0 0 0 0 0 348 348 0 2899 2899 0 113 113 166550 2016 0 119945 0 0 0 0 0 0 0 0 0 0 0 0 0 0 0 10 579 0 0 1099 253 68 93 19 17 196 183 133 60 1427
20150604 13:10:40 5 0 5 0 0 0 0 89 11 13926 19731 3 746 0 0.63 0.81 0.59 8177412 1914320 6263092 0 288920 765336 215504 451108 2952540 8386556 0 8386556 0 0 2956 0 0 571776 0 2253 269 2 0 0 0 54764 451 179 0 0 193 64 0 0 0 0 1221 908 786 214 0 0 0 0 0 0 259 259 0 2442 2442 0 74 74 167798 2016 0 120642 0 0 0 0 0 0 0 0 0 0 0 0 0 0 0 12 542 0 0 1166 553 173 129 35 11 185 180 133 60 1427
20150604 13:10:50 5 0 5 0 0 0 0 90 10 12719 20254 3 740 0 0.53 0.79 0.58 8177412 1917124 6260288 0 288924 763556 217588 451092 2948428 8386556 0 8386556 0 0 4280 0 0 570272 0 1660 96 0 0 0 0 55752 448 176 0 3 190 32 0 0 0 0 1062 887 478 228 0 0 0 0 0 0 210 210 0 1659 1659 0 107 107 169526 2016 0 121497 0 0 0 0 0 0 0 0 0 0 0 0 0 0 0 12 560 0 0 1106 687 217 87 32 10 175 180 133 60 1427
20150604 13:11:00 7 0 6 0 0 0 0 87 13 14021 22933 3 740 1 0.45 0.76 0.58 8177412 1927272 6250140 0 288924 769716 218092 451760 2948428 8386556 0 8386556 0 0 1008 0 0 576292 0 3398 141 0 0 0 0 55216 448 176 0 3 190 25 0 0 0 0 1292 1013 763 257 0 0 0 0 0 0 333 333 0 3399 3399 0 132 132 171294 2048 0 122386 0 0 0 0 0 0 0 0 0 0 0 0 0 0 0 12 605 0 0 538 329 173 105 34 8 156 180 133 60 1427
20150604 13:11:10 4 0 4 0 0 0 0 91 8 11031 16368 9 740 0 0.38 0.74 0.57 8177412 1938484 6238928 0 288932 770740 222856 451868 2949452 8386556 0 8386556 0 0 1400 0 0 577284 0 1067 2190 0 0 0 0 58940 448 176 0 3 190 23 0 0 0 0 863 746 330 194 0 0 0 0 0 0 113 113 0 1067 1067 0 81 81 172756 2016 0 123039 0 0 0 0 0 0 0 0 0 0 0 0 0 0 0 12 468 0 0 649 234 123 85 38 8 125 181 133 59 1427
20150604 13:11:20 10 0 7 0 0 1 0 82 18 16164 27669 3 740 0 0.88 0.83 0.60 8177412 1931928 6245484 0 288932 760304 217312 458988 2955596 8386556 0 8386556 0 0 2668 0 0 567392 0 5069 542 2 0 0 0 52520 448 176 0 3 190 25 0 0 0 0 1396 1277 883 315 0 0 0 0 0 0 501 501 0 5037 5037 0 210 210 174340 2016 0 123892 0 0 0 0 0 0 0 0 0 0 0 0 0 0 0 11 691 0 0 492 250 143 185 76 21 124 180 133 59 1427
20150604 13:11:30 8 0 6 0 0 0 0 85 15 14935 24059 3 740 0 0.83 0.82 0.60 8177412 1938148 6239264 0 288932 759480 221096 460132 2956620 8386556 0 8386556 0 0 7040 0 0 566448 0 2547 206 1 0 0 0 55384 448 176 0 3 190 145 0 0 0 0 1319 1128 836 280 0 0 0 0 0 0 350 350 0 2578 2578 0 37 37 175841 1984 0 124670 0 0 0 0 0 0 0 0 0 0 0 0 0 0 0 11 629 0 0 489 182 42 141 80 20 114 179 133 59 1427
20150604 13:11:40 8 0 7 1 0 0 0 84 16 16582 26530 3 740 0 0.92 0.84 0.61 8177412 1955124 6222288 0 288932 763992 226692 462100 2959820 8386556 0 8386556 0 0 4848 0 0 570700 0 3460 252 1 0 0 0 60040 448 176 0 3 190 33 0 0 0 0 1523 1217 998 294 0 0 0 0 0 0 425 425 0 3461 3461 0 72 72 177243 2016 0 125340 0 0 0 0 0 0 0 0 0 0 0 0 0 0 0 10 696 0 0 542 184 42 10 25 9 85 178 133 59 1427
20150604 13:11:50 6 0 5 1 0 0 0 88 12 13680 22996 3 740 0 0.85 0.83 0.61 8177412 1962432 6214980 0 288932 765152 226684 465544 2961868 8386556 0 8386556 0 0 6044 0 0 571980 0 3100 166 0 0 0 0 58872 448 176 0 0 190 46 0 0 0 0 1292 1005 738 254 0 0 0 0 0 0 302 302 0 3100 3100 0 195 195 179155 2016 0 126329 0 0 0 0 0 0 0 0 0 0 0 0 0 0 0 14 610 0 0 937 305 35 15 8 4 70 172 132 59 1427
20150604 13:12:00 4 0 4 0 0 0 0 91 9 10974 18638 3 740 0 0.72 0.80 0.60 8177412 1969168 6208244 0 288932 766328 229928 465300 2961868 8386556 0 8386556 0 0 1800 0 0 573184 0 1484 87 0 0 0 0 61056 448 176 0 0 190 45 0 0 0 0 965 826 385 213 0 0 0 0 0 0 128 128 0 1484 1484 0 45 45 180725 2016 0 127117 0 0 0 0 0 0 0 0 0 0 0 0 0 0 0 9 523 0 0 744 327 51 17 9 6 46 171 132 59 1427
20150604 13:12:10 5 0 5 1 0 0 0 90 10 12458 20046 9 740 0 0.61 0.77 0.59 8177412 1979476 6197936 0 288932 767608 233380 465976 2962892 8386556 0 8386556 0 0 1504 0 0 574428 0 1821 2171 0 0 0 0 63308 448 176 0 0 190 45 0 0 0 0 1020 872 395 226 0 0 0 0 0 0 188 188 0 1821 1821 0 160 160 182531 2016 0 127996 0 0 0 0 0 0 0 0 0 0 0 0 0 0 0 12 555 0 0 660 300 61 37 26 10 19 167 133 59 1426
20150604 13:12:20 9 0 8 1 0 0 0 83 17 16092 28229 3 740 0 0.59 0.76 0.59 8177412 1972664 6204748 0 288932 758668 228048 469128 2965968 8386556 0 8386556 0 0 3580 0 0 565708 0 4594 318 2 0 0 0 56884 448 176 0 0 190 24 0 0 0 0 1475 1265 904 313 0 0 0 0 0 0 483 483 0 4594 4594 0 196 196 184297 2016 0 128889 0 0 0 0 0 0 0 0 0 0 0 0 0 0 0 11 716 0 0 681 463 127 132 45 23 17 164 133 59 1426
20150604 13:12:30 4 0 4 0 0 0 0 92 7 11032 16064 3 740 1 0.58 0.76 0.59 8177412 1979976 6197436 0 288932 760760 231212 468964 2965968 8386556 0 8386556 0 0 4736 0 0 567744 0 1113 81 0 0 0 0 59228 448 176 0 0 190 30 0 0 0 0 911 758 434 186 0 0 0 0 0 0 151 151 0 1113 1113 0 65 65 185524 2016 0 129516 0 0 0 0 0 0 0 0 0 0 0 0 0 0 0 12 462 0 0 494 264 123 63 33 23 17 160 133 59 1426
20150604 13:12:40 11 0 9 1 0 0 0 79 20 18184 32184 3 740 0 0.71 0.78 0.60 8177412 2002140 6175272 0 288932 765412 236052 478096 2974196 8386556 0 8386556 0 0 3652 0 0 572136 0 4716 446 1 0 0 0 62884 448 176 0 0 190 24 0 0 0 0 1705 1401 1228 348 0 0 0 0 0 0 494 494 0 4716 4716 0 67 67 187318 2016 0 130372 0 0 0 0 0 0 0 0 0 0 0 0 0 0 0 13 735 0 0 523 278 40 16 17 8 8 141 133 59 1425
20150604 13:12:50 4 0 4 1 0 0 0 90 9 11830 19811 3 740 0 0.60 0.75 0.59 8177412 2002160 6175252 0 288936 762476 235196 477224 2974196 8386556 0 8386556 0 0 2676 0 0 569444 0 2580 84 0 0 0 0 60940 448 176 0 0 190 65 0 0 0 0 1002 864 400 224 0 0 0 0 0 0 209 209 0 2580 2580 0 236 236 189076 2016 0 131285 0 0 0 0 0 0 0 0 0 0 0 0 0 0 0 9 547 0 0 1045 254 59 21 20 9 5 137 133 59 1425
20150604 13:13:00 4 0 4 0 0 0 0 92 8 12132 17683 3 740 3 0.51 0.73 0.59 8177412 2012408 6165004 0 288936 763652 239696 480156 2976244 8386556 0 8386556 0 0 1624 0 0 570584 0 1146 127 0 0 0 0 64420 448 176 0 0 190 25 0 0 0 0 922 789 355 202 0 0 0 0 0 0 127 127 0 1146 1146 0 50 50 190749 2048 0 132141 0 0 0 0 0 0 0 0 0 0 0 0 0 0 0 13 502 0 0 568 239 63 21 18 8 6 123 132 59 1425
20150604 13:13:10 4 0 4 1 0 0 0 91 9 11477 18926 9 740 0 0.43 0.70 0.58 8177412 2012992 6164420 0 288940 759976 238564 480684 2976244 8386556 0 8386556 0 0 904 0 0 566932 0 1943 2196 1 0 0 0 62320 448 176 0 0 190 24 0 0 0 0 955 817 377 212 0 0 0 0 0 0 156 156 0 1943 1943 0 135 135 192259 2048 0 132868 0 0 0 0 0 0 0 0 0 0 0 0 0 0 0 11 516 0 0 1115 441 110 81 56 13 11 111 129 60 1424
20150604 13:13:20 8 0 6 1 0 1 0 85 14 15652 24959 3 740 0 0.36 0.68 0.58 8177412 2020844 6156568 0 288940 763880 238436 481364 2977396 8386556 0 8386556 0 0 4580 0 0 570952 0 3736 186 0 0 0 0 61100 448 176 0 0 190 24 0 0 0 0 1342 1100 843 276 0 0 0 0 0 0 405 405 0 3736 3736 0 189 189 194018 2048 0 133780 0 0 0 0 0 0 0 0 0 0 0 0 0 0 0 13 614 0 0 551 220 89 48 44 13 8 109 129 60 1424
20150604 13:13:30 5 0 5 0 0 0 0 90 10 13089 20144 3 740 0 0.31 0.66 0.57 8177412 2024952 6152460 0 288940 757096 243420 482152 2978420 8386556 0 8386556 0 0 1472 0 0 564708 0 1836 107 0 0 0 0 64712 448 176 0 0 190 25 0 0 0 0 1011 860 399 228 0 0 0 0 0 0 198 198 0 1836 1836 0 77 77 196093 2048 0 134773 0 0 0 0 0 0 0 0 0 0 0 0 0 0 0 13 543 0 0 921 360 194 92 25 5 12 98 126 60 1424
20150604 13:13:40 4 0 4 0 0 0 0 92 8 11290 19317 3 740 0 0.33 0.65 0.57 8177412 2030072 6147340 0 288940 753896 248088 483396 2980468 8386556 0 8386556 0 0 1460 0 0 561668 0 884 111 0 0 0 0 68632 448 176 0 0 190 24 0 0 0 0 1020 884 406 218 0 0 0 0 0 0 95 95 0 884 884 0 84 84 197269 2048 0 135375 0 0 0 0 0 0 0 0 0 0 0 0 0 0 0 10 564 0 0 832 366 195 89 43 10 11 90 126 59 1424
20150604 13:13:50 4 0 4 1 0 0 0 91 8 10884 15946 3 740 1 0.36 0.65 0.57 8177412 2024576 6152836 0 288944 747388 244144 485928 2982516 8386556 0 8386556 0 0 1040 0 0 555112 0 2948 337 1 0 0 0 63612 448 176 0 0 190 30 0 0 0 0 816 708 335 186 0 0 0 0 0 0 227 227 0 2948 2948 0 201 201 199038 1984 0 136290 0 0 0 0 0 0 0 0 0 0 0 0 0 0 0 11 432 0 0 877 535 286 108 67 24 12 92 125 58 1424
20150604 13:14:00 8 0 7 1 0 1 0 84 15 15191 26216 3 740 0 0.30 0.63 0.56 8177412 2046136 6131276 0 288948 754856 251764 488896 2984596 8386556 0 8386556 0 0 1544 0 0 562392 0 2660 211 0 0 0 0 70080 448 176 0 0 190 44 0 0 0 0 1416 1158 860 291 0 0 0 0 0 0 364 364 0 2660 2660 0 62 62 200784 2016 0 137118 0 0 0 0 0 0 0 0 0 0 0 0 0 0 0 10 664 0 0 506 216 210 62 29 6 11 89 123 55 1424
20150604 13:14:10 10 0 8 1 0 1 0 81 18 16950 28783 9 740 0 0.85 0.74 0.60 8177412 2062020 6115392 0 288952 764272 250748 490668 2986644 8386556 0 8386556 0 0 864 0 0 571480 0 4539 2326 1 0 0 0 67948 448 176 0 0 190 25 0 0 0 0 1431 1264 891 318 0 0 0 0 0 0 486 486 0 4539 4539 0 194 194 202498 2048 0 137982 0 0 0 0 0 0 0 0 0 0 0 0 0 0 0 15 693 0 0 513 140 24 61 55 13 8 77 117 54 1424
20150604 13:14:20 4 0 4 1 0 0 0 92 8 11018 17321 3 741 1 0.72 0.71 0.59 8177412 2060732 6116680 0 288952 761008 248796 491076 2994976 8386556 0 8386556 0 0 1056 0 0 568488 0 1994 84 0 0 0 0 65068 448 176 0 0 190 26 0 0 0 0 883 768 350 197 0 0 0 0 0 0 207 207 0 1994 1994 0 153 153 203817 2048 0 138582 0 0 0 0 0 0 0 0 0 0 0 0 0 0 0 10 491 0 0 796 294 56 15 59 19 10 77 116 54 1424
20150604 13:14:30 9 0 7 1 0 0 0 83 16 15799 27634 3 741 0 0.68 0.71 0.59 8177412 2072444 6104968 0 288952 756328 253476 499528 3003328 8386556 0 8386556 0 0 1276 0 0 563764 0 3752 430 2 0 0 0 68688 448 176 0 0 190 24 0 0 0 0 1409 1214 884 304 0 0 0 0 0 0 451 451 0 3752 3752 0 103 103 205566 2048 0 139495 0 0 0 0 0 0 0 0 0 0 0 0 0 0 0 11 683 0 0 696 323 85 54 16 3 5 70 116 52 1424
20150604 13:14:40 5 0 5 1 0 0 0 90 10 12362 19768 3 741 0 0.58 0.68 0.58 8177412 2067836 6109576 0 288952 745552 255416 498580 3003328 8386556 0 8386556 0 0 1744 0 0 553248 0 1666 323 2 0 0 0 69620 448 176 0 0 190 45 0 0 0 0 1009 854 397 221 0 0 0 0 0 0 170 170 0 1666 1666 0 78 78 207230 2016 0 140307 0 0 0 0 0 0 0 0 0 0 0 0 0 0 0 10 544 0 0 1311 628 192 92 39 12 4 70 117 49 1424
20150604 13:14:50 5 0 5 1 0 0 0 88 10 12020 20528 3 741 0 0.72 0.71 0.60 8177412 2074968 6102444 0 288956 747156 256996 499512 3003328 8386556 0 8386556 0 0 984 0 0 554832 0 2773 92 0 0 0 0 69832 448 176 0 0 190 25 0 0 0 0 1008 862 402 230 0 0 0 0 0 0 267 267 0 2640 2640 0 215 215 209429 2048 0 141431 0 0 0 0 0 0 0 0 0 0 0 0 0 0 0 13 552 0 0 1085 637 200 126 50 16 5 70 116 47 1423
20150604 13:15:00 4 0 4 1 0 0 0 91 8 12337 18783 3 741 3 0.61 0.69 0.59 8177412 2082112 6095300 0 288956 748076 260548 498768 3003328 8386556 0 8386556 0 0 1192 0 0 555780 0 1134 79 0 0 0 0 72464 448 176 0 0 190 44 0 0 0 0 950 814 375 208 0 0 0 0 0 0 162 162 0 1268 1268 0 81 81 210924 2048 0 142197 0 0 0 0 0 0 0 0 0 0 0 0 0 0 0 9 519 0 0 982 648 213 93 47 12 4 68 116 47 1422
20150604 13:15:10 9 0 7 2 0 1 0 81 17 15651 25107 9 741 0 0.60 0.68 0.59 8177412 2098216 6079196 0 288956 752792 263428 503536 3006404 8386556 0 8386556 0 0 4928 0 0 560132 0 3380 2468 1 0 0 0 74332 448 176 0 0 190 45 0 0 0 0 1286 1157 831 289 0 0 0 0 0 0 450 450 0 3380 3380 0 99 99 212504 2048 0 143004 0 0 0 0 0 0 0 0 0 0 0 0 0 0 0 12 613 0 0 570 174 152 100 42 13 5 71 117 47 1419
20150604 13:15:20 3 0 3 2 0 0 0 92 6 10220 13002 3 741 2 0.99 0.76 0.61 8177412 2093108 6084304 0 288956 749592 258872 502528 3006404 8386556 0 8386556 0 0 4452 0 0 557144 0 2417 80 0 0 0 0 69036 448 176 0 0 190 25 0 0 0 0 677 580 256 150 0 0 0 0 0 0 214 214 0 2417 2417 0 196 196 213710 2016 0 143582 0 0 0 0 0 0 0 0 0 0 0 0 0 0 0 12 363 0 0 939 318 161 103 63 18 7 70 117 47 1419
20150604 13:15:30 4 0 4 1 0 0 0 91 8 11286 17525 4 741 0 0.92 0.75 0.61 8177412 2106056 6071356 0 288960 750872 266176 502824 3006404 8386556 0 8386556 0 0 1464 0 0 558480 0 1273 392 0 0 0 0 75232 448 176 0 0 190 24 0 0 0 0 897 772 350 204 0 0 0 0 0 0 142 142 0 1273 1273 0 44 44 215319 2048 0 144316 0 0 0 0 0 0 0 0 0 0 0 0 0 0 0 11 487 0 0 615 327 164 69 22 14 4 69 117 48 1417
20150604 13:15:40 9 0 7 2 0 0 0 81 17 16149 26992 3 741 0 1.25 0.82 0.64 8177412 2107136 6070276 0 288960 752352 261976 506152 3009476 8386556 0 8386556 0 0 4068 0 0 559560 0 4294 466 2 0 0 0 70352 448 176 0 0 190 25 0 0 0 0 1303 1221 850 294 0 0 0 0 0 0 451 451 0 4294 4294 0 134 134 216389 2016 0 144876 0 0 0 0 0 0 0 0 0 0 0 0 0 0 0 9 647 0 0 547 291 76 159 63 14 5 69 116 48 1416
20150604 13:15:50 9 0 8 2 0 1 0 80 18 17439 29009 3 741 1 1.35 0.86 0.65 8177412 2117184 6060228 0 288964 758260 261964 507492 3011524 8386556 0 8386556 0 0 4336 0 0 564976 0 4663 256 1 0 0 0 69464 448 176 0 0 190 31 0 0 0 0 1524 1311 1019 316 0 0 0 0 0 0 561 561 0 4663 4663 0 168 168 217659 2016 0 145531 0 0 0 0 0 0 0 0 0 0 0 0 0 0 0 12 732 0 0 491 206 59 38 43 13 8 66 117 46 1416
20150604 13:16:00 6 0 5 1 0 0 0 88 12 12452 19820 3 741 0 1.14 0.83 0.65 8177412 2131180 6046232 0 288964 758816 268344 510128 3013572 8386556 0 8386556 0 0 4412 0 0 565708 0 2094 166 0 0 0 0 74752 448 176 0 0 190 23 0 0 0 0 1108 865 654 224 0 0 0 0 0 0 298 298 0 2094 2094 0 51 51 219247 2016 0 146251 0 0 0 0 0 0 0 0 0 0 0 0 0 0 0 11 516 0 0 572 176 114 36 6 7 3 63 117 46 1414
20150604 13:16:10 4 0 3 1 0 0 0 91 8 11193 16116 9 741 1 0.97 0.81 0.64 8177412 2136340 6041072 0 288968 755876 272096 509832 3013572 8386556 0 8386556 0 0 2708 0 0 563152 0 1324 2160 0 0 0 0 77700 448 176 0 0 190 45 0 0 0 0 853 738 326 186 0 0 0 0 0 0 130 130 0 1324 1324 0 88 88 220766 2016 0 147100 0 0 0 0 0 0 0 0 0 0 0 0 0 0 0 14 468 0 0 824 425 162 73 22 14 7 61 119 45 1411
20150604 13:16:20 5 0 4 3 0 0 0 88 9 11342 18639 3 741 1 0.89 0.80 0.64 8177412 2139032 6038380 0 288968 757220 268884 511380 3015620 8386556 0 8386556 0 0 1264 0 0 564476 0 3046 125 0 0 0 0 73248 448 176 0 0 190 64 0 0 0 0 928 798 369 210 0 0 0 0 0 0 270 270 0 3046 3046 0 234 234 222559 2016 0 147958 0 0 0 0 0 0 0 0 0 0 0 0 0 0 0 10 501 0 0 553 333 144 63 32 17 8 60 118 47 1410
20150604 13:16:30 2 0 2 1 0 0 0 95 4 6772 7835 3 741 1 0.76 0.77 0.63 8177412 2143196 6034216 0 288968 757604 272068 512156 3015620 8386556 0 8386556 0 0 1068 0 0 564876 0 750 68 0 0 0 0 75912 448 176 0 0 190 25 0 0 0 0 412 358 153 92 0 0 0 0 0 0 98 98 0 750 750 0 48 48 223312 2048 0 148299 0 0 0 0 0 0 0 0 0 0 0 0 0 0 0 8 223 0 0 626 357 146 109 14 10 5 61 118 47 1409
20150604 13:16:40 4 0 4 2 0 0 0 91 8 12351 18466 3 741 0 0.64 0.75 0.62 8177412 2135980 6041432 0 288968 749876 269440 510500 3016644 8386556 0 8386556 0 0 620 0 0 557408 0 1637 112 1 0 0 0 72592 448 176 0 0 190 44 0 0 0 0 1000 862 389 203 0 0 0 0 0 0 132 132 0 1637 1637 0 110 110 224454 2016 0 148930 0 0 0 0 0 0 0 0 0 0 0 0 0 0 0 9 539 0 0 1182 639 159 130 45 13 6 61 117 47 1409
20150604 13:16:50 4 0 5 2 0 0 0 88 10 12288 20378 3 741 1 0.61 0.74 0.62 8177412 2145376 6032036 0 288972 751160 272372 512660 3017668 8386556 0 8386556 0 0 1416 0 0 558688 0 2185 120 0 0 0 0 74336 448 176 0 0 190 44 0 0 0 0 1018 868 402 231 0 0 0 0 0 0 270 270 0 2185 2185 0 170 170 226460 2016 0 149950 0 0 0 0 0 0 0 0 0 0 0 0 0 0 0 13 545 0 0 763 650 167 88 38 14 8 61 117 48 1407
20150604 13:17:00 4 0 3 2 0 0 0 91 7 9047 14710 3 741 1 0.59 0.73 0.62 8177412 2152012 6025400 0 288972 751824 276068 513580 3017668 8386556 0 8386556 0 0 752 0 0 559356 0 1382 77 0 0 0 0 77112 448 176 0 0 190 26 0 0 0 0 760 657 300 171 0 0 0 0 0 0 146 146 0 1382 1382 0 87 87 227790 2016 0 150615 0 0 0 0 0 0 0 0 0 0 0 0 0 0 0 10 410 0 0 753 617 163 132 18 10 6 60 118 45 1407
20150604 13:17:10 4 0 4 1 0 0 0 90 8 11225 16692 9 741 0 0.50 0.71 0.61 8177412 2161680 6015732 0 288972 753232 279044 512104 3017668 8386556 0 8386556 0 0 1188 0 0 560740 0 1186 2257 0 0 0 0 79172 448 176 0 0 190 45 0 0 0 0 846 731 329 183 0 0 0 0 0 0 151 151 0 1186 1186 0 79 79 229201 2016 0 151224 0 0 0 0 0 0 0 0 0 0 0 0 0 0 0 12 462 0 0 630 519 158 70 33 11 7 61 118 45 1405
20150604 13:17:20 11 0 9 5 0 1 0 75 21 18661 31187 2 741 1 0.89 0.78 0.64 8177412 2172832 6004580 0 288972 758732 275716 518544 3022948 8386556 0 8386556 0 0 2888 0 0 566140 0 6169 378 1 0 0 0 74720 448 176 0 0 190 29 0 0 0 0 1761 1435 1323 353 0 0 0 0 0 0 691 691 0 6169 6169 0 211 211 230891 2016 0 152132 0 0 0 0 0 0 0 0 0 0 0 0 0 0 0 13 758 0 0 648 321 78 79 38 17 5 61 117 43 1404
20150604 13:17:30 4 0 4 1 0 0 0 90 8 10707 17342 3 741 0 0.84 0.77 0.64 8177412 2177496 5999916 0 288972 755556 279808 517916 3022948 8386556 0 8386556 0 0 1928 0 0 562916 0 1506 112 1 0 0 0 77892 448 176 0 0 190 23 0 0 0 0 897 760 362 200 0 0 0 0 0 0 166 166 0 1506 1506 0 66 66 232386 2016 0 152828 0 0 0 0 0 0 0 0 0 0 0 0 0 0 0 9 485 0 0 1071 413 78 41 12 5 7 59 115 43 1404
20150604 13:17:40 4 0 4 2 0 0 0 90 8 11292 17921 3 739 3 0.78 0.76 0.64 8177412 2181292 5996120 0 288972 756580 281044 518680 3022948 8386556 0 8386556 0 0 520 0 0 563876 0 1954 80 0 0 0 0 78084 448 176 0 0 190 44 0 0 0 0 914 791 356 202 0 0 0 0 0 0 188 188 0 1869 1869 0 161 161 234019 1984 0 153726 0 0 0 0 0 0 0 0 0 0 0 0 0 0 0 10 510 0 0 1029 418 81 87 23 8 6 61 116 41 1403
20150604 13:17:50 5 0 4 3 0 0 0 88 9 12319 19118 3 740 0 0.89 0.79 0.65 8177412 2179732 5997680 0 288976 748748 281256 517780 3022948 8386556 0 8386556 0 0 816 0 0 556728 0 2276 106 1 0 0 0 77332 448 125 0 26 190 73 0 0 0 0 974 836 380 215 0 0 0 0 0 0 257 257 0 2362 2362 0 151 151 235583 1984 0 154474 0 0 0 0 0 0 0 0 0 0 0 0 0 0 0 15 529 0 0 1559 564 134 56 25 8 6 60 117 42 1402
20150604 13:18:00 5 0 5 1 0 0 0 88 11 12772 21780 3 740 0 0.91 0.79 0.65 8177412 2183904 5993508 0 288976 744232 286120 518896 3022948 8386556 0 8386556 0 0 2112 0 0 552340 0 1563 87 0 0 0 0 81300 448 125 0 26 190 78 0 0 0 0 1143 953 567 242 0 0 0 0 0 0 239 239 0 1563 1563 0 38 38 237302 2016 0 155338 0 0 0 0 0 0 0 0 0 0 0 0 0 0 0 10 581 0 0 1432 740 214 117 25 10 6 59 115 43 1400
20150604 13:18:10 15 0 11 3 0 1 0 70 28 22019 38142 9 740 0 0.84 0.78 0.65 8177412 2200600 5976812 0 288980 755968 283600 521892 3026148 8386556 0 8386556 0 0 5588 0 0 563412 0 7043 2676 3 0 0 0 77644 448 125 0 26 190 71 0 0 0 0 2110 1726 1671 417 0 0 0 0 0 0 819 819 0 6862 6862 0 131 131 238892 2016 0 156151 0 0 0 0 0 0 0 0 0 0 0 0 0 0 0 16 892 0 0 1041 260 107 108 37 14 8 53 115 43 1398
20150604 13:18:20 13 0 10 3 0 1 0 73 24 20850 35551 3 740 0 0.93 0.81 0.66 8177412 2214444 5962968 0 288980 761568 284884 525820 3031396 8386556 0 8386556 0 0 6552 0 0 568332 0 6376 422 2 0 0 0 77864 448 125 0 26 190 100 0 0 0 0 1816 1605 1285 398 0 0 0 0 0 0 811 811 0 6557 6557 0 194 194 240594 2048 0 157002 0 0 0 0 0 0 0 0 0 0 0 0 0 0 0 12 842 0 0 531 170 98 61 18 7 7 51 117 43 1396
20150604 13:18:30 3 0 3 1 0 0 0 93 7 10100 13835 3 740 0 0.79 0.78 0.65 8177412 2224180 5953232 0 288980 763700 290528 526576 3031428 8386556 0 8386556 0 0 6100 0 0 570500 0 889 80 0 0 0 0 82788 448 125 0 26 190 71 0 0 0 0 781 641 374 161 0 0 0 0 0 0 135 135 0 889 889 0 23 23 241874 2048 0 157719 0 0 0 0 0 0 0 0 0 0 0 0 0 0 0 10 390 0 0 558 160 61 24 11 5 4 51 117 42 1395
20150604 13:18:40 4 0 4 3 0 0 0 88 9 12366 19742 3 740 0 0.81 0.79 0.65 8177412 2231432 5945980 0 288980 764852 294040 527488 3031428 8386556 0 8386556 0 0 1244 0 0 571676 0 2126 83 0 0 0 0 85224 448 125 0 26 190 72 0 0 0 0 993 854 395 221 0 0 0 0 0 0 192 192 0 2126 2126 0 122 122 243316 2048 0 158345 0 0 0 0 0 0 0 0 0 0 0 0 0 0 0 11 540 0 0 551 171 34 27 12 6 4 47 118 41 1394
20150604 13:18:50 4 0 4 3 0 0 0 88 8 11118 18951 3 740 0 0.76 0.78 0.65 8177412 2231560 5945852 0 288984 765880 290472 526904 3031428 8386556 0 8386556 0 0 1636 0 0 572660 0 2601 80 0 0 0 0 80612 448 125 0 0 190 71 0 0 0 0 946 816 386 212 0 0 0 0 0 0 253 253 0 2601 2601 0 209 209 244811 2048 0 159098 0 0 0 0 0 0 0 0 0 0 0 0 0 0 0 9 512 0 0 541 162 16 38 46 11 3 50 116 42 1393
20150604 13:19:00 3 0 3 1 0 0 0 94 5 8471 10435 3 740 0 0.65 0.75 0.65 8177412 2237688 5939724 0 288988 766864 293676 526700 3031428 8386556 0 8386556 0 0 988 0 0 573648 0 1055 75 0 0 0 0 83112 448 125 0 0 190 93 0 0 0 0 561 491 211 127 0 0 0 0 0 0 125 125 0 1055 1055 0 50 50 246132 2048 0 159830 0 0 0 0 0 0 0 0 0 0 0 0 0 0 0 9 301 0 0 531 148 12 21 13 5 4 48 116 41 1393
20150604 13:19:10 9 0 6 1 0 1 0 83 16 15153 26079 9 740 0 0.55 0.73 0.64 8177412 2239972 5937440 0 288988 763084 292572 529184 3033476 8386556 0 8386556 0 0 3112 0 0 569516 0 3681 2597 3 0 0 0 81304 448 125 0 0 190 90 0 0 0 0 1282 1141 825 273 0 0 0 0 0 0 405 405 0 3681 3681 0 48 48 246947 2016 0 160082 0 0 0 0 0 0 0 0 0 0 0 0 0 0 0 12 612 0 0 566 275 69 71 52 25 9 36 118 43 1390
20150604 13:19:20 4 0 4 4 0 0 0 88 8 12183 18094 3 740 0 0.46 0.70 0.63 8177412 2244332 5933080 0 288988 763980 293860 529320 3033476 8386556 0 8386556 0 0 844 0 0 570420 0 2498 77 0 0 0 0 81712 448 125 0 0 190 71 0 0 0 0 937 802 370 205 0 0 0 0 0 0 275 275 0 2498 2498 0 181 181 248415 2016 0 160892 0 0 0 0 0 0 0 0 0 0 0 0 0 0 0 13 508 0 0 564 220 74 84 41 22 9 38 118 45 1388
20150604 13:19:30 4 0 4 1 0 0 0 90 9 12419 19691 3 741 0 0.46 0.70 0.63 8177412 2251400 5926012 0 288988 761036 300168 529436 3033476 8386556 0 8386556 0 0 1272 0 0 567652 0 908 83 0 0 0 0 86960 448 125 0 0 190 71 0 0 0 0 1001 857 392 219 0 0 0 0 0 0 138 138 0 907 907 0 41 41 250067 2016 0 161721 0 0 0 0 0 0 0 0 0 0 0 0 0 0 0 12 543 0 0 788 310 132 72 38 19 8 36 117 44 1387
20150604 13:19:40 5 0 5 2 0 0 0 88 10 11875 20295 3 741 0 0.47 0.69 0.63 8177412 2255164 5922248 0 288988 758348 301860 530388 3033476 8386556 0 8386556 0 0 960 0 0 565336 0 2352 91 0 0 0 0 87312 448 125 0 0 190 72 0 0 0 0 1027 879 405 234 0 0 0 0 0 0 248 248 0 2352 2352 0 163 163 252197 2048 0 162800 0 0 0 0 0 0 0 0 0 0 0 0 0 0 0 11 553 0 0 924 378 177 93 47 18 9 36 116 43 1386
20150604 13:19:50 9 0 7 3 0 1 0 80 17 15774 27665 3 741 0 0.70 0.73 0.64 8177412 2263480 5913932 0 288992 762560 300716 531552 3036548 8386556 0 8386556 0 0 1444 0 0 569196 0 4504 256 1 0 0 0 85068 448 125 0 0 190 72 0 0 0 0 1416 1242 887 312 0 0 0 0 0 0 530 530 0 4504 4504 0 174 174 253846 2016 0 163608 0 0 0 0 0 0 0 0 0 0 0 0 0 0 0 16 692 0 0 874 315 110 29 55 26 8 35 117 44 1384
20150604 13:20:00 4 0 4 2 0 0 0 89 9 11243 19149 3 741 1 0.67 0.73 0.64 8177412 2271416 5905996 0 288992 763928 304576 531472 3036548 8386556 0 8386556 0 0 800 0 0 570588 0 1682 84 0 0 0 0 87872 448 125 0 0 190 71 0 0 0 0 964 820 386 217 0 0 0 0 0 0 174 174 0 1552 1552 0 102 102 255584 2016 0 164475 0 0 0 0 0 0 0 0 0 0 0 0 0 0 0 11 523 0 0 601 329 109 94 35 17 5 35 119 42 1383
20150604 13:20:10 8 0 6 2 0 0 0 83 15 14100 22596 9 741 0 0.64 0.72 0.64 8177412 2275460 5901952 0 288992 759604 304192 534148 3038596 8386556 0 8386556 0 0 3024 0 0 566476 0 3409 2337 1 0 0 0 86428 448 125 0 0 190 72 0 0 0 0 1202 1030 789 258 0 0 0 0 0 0 439 439 0 3539 3539 0 94 94 256994 2048 0 165156 0 0 0 0 0 0 0 0 0 0 0 0 0 0 0 12 561 0 0 1387 369 120 112 61 12 10 29 116 42 1382
20150604 13:20:20 14 0 10 3 0 1 0 72 25 21151 37451 3 741 0 0.83 0.76 0.66 8177412 2287504 5889908 0 288992 766724 304652 538104 3041668 8386556 0 8386556 0 0 4748 0 0 573328 0 6179 363 2 0 0 0 86160 448 125 0 0 190 97 0 0 0 0 1817 1685 1330 404 0 0 0 0 0 0 834 834 0 6177 6177 0 144 144 258266 2048 0 165800 0 0 0 0 0 0 0 0 0 0 0 0 0 0 0 10 858 0 0 585 199 24 36 29 18 11 29 115 41 1382
20150604 13:20:30 5 0 5 2 0 0 0 89 10 12045 19886 3 741 1 0.79 0.75 0.65 8177412 2293836 5883576 0 288992 764908 307972 537608 3041668 8386556 0 8386556 0 0 3884 0 0 571796 0 1756 93 0 0 0 0 88316 448 125 0 0 190 71 0 0 0 0 1028 866 453 226 0 0 0 0 0 0 215 215 0 1757 1757 0 75 75 260055 2048 0 166700 0 0 0 0 0 0 0 0 0 0 0 0 0 0 0 11 542 0 0 724 311 46 16 9 5 10 28 116 43 1380
20150604 13:20:40 4 0 4 2 0 0 0 91 8 9797 16085 3 741 0 0.75 0.74 0.65 8177412 2299616 5877796 0 288992 761836 313976 538468 3042692 8386556 0 8386556 0 0 1428 0 0 568976 0 1400 101 0 0 0 0 93364 448 125 0 0 190 72 0 0 0 0 804 690 319 182 0 0 0 0 0 0 137 137 0 1400 1400 0 94 94 261665 2048 0 167560 0 0 0 0 0 0 0 0 0 0 0 0 0 0 0 11 436 0 0 875 393 140 37 11 4 8 29 117 44 1377
20150604 13:20:50 4 0 4 3 0 0 0 88 8 12350 18920 3 741 0 0.70 0.74 0.65 8177412 2301516 5875896 0 288996 762932 311360 539880 3044740 8386556 0 8386556 0 0 1240 0 0 570088 0 2555 115 0 0 0 0 89756 448 125 0 0 190 71 0 0 0 0 960 822 375 211 0 0 0 0 0 0 263 263 0 2555 2555 0 191 191 263181 2016 0 168264 0 0 0 0 0 0 0 0 0 0 0 0 0 0 0 9 522 0 0 674 272 131 38 15 8 9 28 116 44 1377
20150604 13:21:00 14 0 11 2 0 1 0 73 26 20853 36262 3 741 1 0.76 0.74 0.66 8177412 2322128 5855284 0 288996 770140 315400 545876 3048836 8386556 0 8386556 0 0 5840 0 0 576612 0 5465 438 2 0 0 0 92460 448 125 0 0 190 72 0 0 0 0 1881 1634 1393 406 0 0 0 0 0 0 742 742 0 5465 5465 0 65 65 264990 2016 0 169162 0 0 0 0 0 0 0 0 0 0 0 0 0 0 0 14 857 0 0 587 133 6 70 27 8 5 27 117 43 1373
20150604 13:21:10 7 0 6 3 0 0 0 84 13 14447 23011 9 741 0 0.72 0.74 0.65 8177412 2326176 5851236 0 289000 772004 313616 545368 3049860 8386556 0 8386556 0 0 3676 0 0 578548 0 3438 2237 0 0 0 0 89888 448 125 0 0 190 218 0 0 0 0 1277 1076 734 253 0 0 0 0 0 0 344 344 0 3437 3437 0 161 161 266237 2048 0 169861 0 0 0 0 0 0 0 0 0 0 0 0 0 0 0 11 608 0 0 607 114 15 73 43 21 9 23 115 43 1372
20150604 13:21:20 11 0 8 3 0 1 0 77 20 18409 32477 3 741 1 0.68 0.73 0.65 8177412 2330920 5846492 0 289000 769804 314888 547348 3051908 8386556 0 8386556 0 0 6632 0 0 575996 0 4826 564 3 0 0 0 90196 448 125 0 0 190 99 0 0 0 0 1671 1465 1036 356 0 0 0 0 0 0 548 548 0 4826 4826 0 138 138 267722 2016 0 170538 0 0 0 0 0 0 0 0 0 0 0 0 0 0 0 12 803 0 0 848 346 72 52 25 16 4 20 114 44 1371
20150604 13:21:30 3 0 3 2 0 0 0 92 6 10599 14481 3 739 0 0.58 0.70 0.65 8177412 2333352 5844060 0 289000 771180 316160 543632 3038212 8386556 0 8386556 0 0 716 0 0 576820 0 1793 101 0 0 0 0 90828 430 114 0 4 176 89 0 0 0 0 801 683 325 165 0 0 0 0 0 0 146 146 0 1793 1793 0 80 80 268660 1952 0 170984 0 0 0 0 0 0 0 0 0 0 0 0 0 0 0 11 422 0 0 901 399 83 25 20 17 4 18 115 43 1371
20150604 13:21:40 1 0 1 1 0 0 0 98 1 3395 1366 3 739 0 0.49 0.68 0.64 8177412 2332668 5844744 0 289004 771244 315444 543900 3038212 8386556 0 8386556 0 0 416 0 0 576880 0 805 61 0 0 0 0 89880 430 114 0 4 176 70 0 0 0 0 91 89 18 23 0 0 0 0 0 0 64 64 0 805 805 0 67 67 268889 1952 0 171019 0 0 0 0 0 0 0 0 0 0 0 0 0 0 0 8 46 0 0 906 393 91 91 24 15 3 18 114 43 1371
20150604 13:21:50 0 0 0 1 0 0 0 99 0 4927 751 3 739 0 0.49 0.68 0.64 8177412 2329432 5847980 0 289008 771248 312916 543900 3038212 8386556 0 8386556 0 0 56 0 0 576876 0 691 54 0 0 0 0 87348 430 114 0 4 176 69 0 0 0 0 73 71 7 8 0 0 0 0 0 0 70 70 0 691 691 0 45 45 268889 1920 0 171019 0 0 0 0 0 0 0 0 0 0 0 0 0 0 0 8 43 0 0 962 426 95 125 39 17 4 18 114 43 1371
20150604 13:22:00 0 0 0 0 0 0 0 99 1 3658 598 3 739 0 0.41 0.65 0.63 8177412 2328976 5848436 0 289008 771272 312916 543900 3038212 8386556 0 8386556 0 0 80 0 0 576896 0 3 54 0 0 0 0 87348 430 114 0 4 176 69 0 0 0 0 67 65 7 7 0 0 0 0 0 0 1 1 0 3 3 0 0 0 268889 1952 0 171019 0 0 0 0 0 0 0 0 0 0 0 0 0 0 0 7 40 0 0 1015 429 95 126 40 17 4 18 114 43 1371
20150604 13:22:10 0 0 0 0 0 0 0 99 1 4130 732 9 739 0 0.35 0.63 0.62 8177412 2331416 5845996 0 289012 771272 312928 543904 3038208 8386556 0 8386556 0 0 88 0 0 576900 0 8 2128 0 0 0 0 87268 430 114 0 4 176 90 0 0 0 0 77 75 8 8 0 0 0 0 0 0 1 1 0 8 8 0 1 1 268889 1952 0 171019 0 0 0 0 0 0 0 0 0 0 0 0 0 0 0 8 43 0 0 1046 496 101 72 37 22 11 13 115 42 1371
20150604 13:22:20 0 0 0 0 0 0 0 100 0 3447 558 3 739 0 0.30 0.61 0.62 8177412 2329680 5847732 0 289012 771272 312928 543900 3038208 8386556 0 8386556 0 0 40 0 0 576896 0 8 54 0 0 0 0 87268 430 114 0 4 176 69 0 0 0 0 61 59 6 6 0 0 0 0 0 0 2 2 0 9 9 0 0 0 268889 1952 0 171019 0 0 0 0 0 0 0 0 0 0 0 0 0 0 0 7 35 0 0 1085 527 130 93 36 19 8 16 115 42 1371
20150604 13:22:30 0 0 0 0 0 0 0 100 0 3538 569 3 739 0 0.25 0.59 0.61 8177412 2329088 5848324 0 289012 771272 312920 543904 3038208 8386556 0 8386556 0 0 48 0 0 576896 0 0 54 0 0 0 0 87260 430 114 0 0 176 69 0 0 0 0 65 64 6 7 0 0 0 0 0 0 1 1 0 0 0 0 0 0 268889 1920 0 171019 0 0 0 0 0 0 0 0 0 0 0 0 0 0 0 7 37 0 0 1047 517 120 114 37 19 8 16 115 42 1371
20150604 13:22:40 0 0 0 0 0 0 0 100 0 4486 633 3 739 0 0.21 0.57 0.60 8177412 2328812 5848600 0 289012 771272 312876 543900 3038212 8386556 0 8386556 0 0 48 0 0 576896 0 0 54 0 0 0 0 87216 430 114 0 0 176 69 0 0 0 0 92 90 9 10 0 0 0 0 0 0 0 0 0 0 0 0 0 0 268889 1920 0 171019 0 0 0 0 0 0 0 0 0 0 0 0 0 0 0 8 57 0 0 1038 524 126 113 38 20 8 16 115 42 1371
20150604 13:22:50 0 0 0 0 0 0 0 100 0 3721 586 3 739 0 0.18 0.55 0.60 8177412 2328900 5848512 0 289016 771284 312876 543908 3038212 8386556 0 8386556 0 0 36 0 0 576900 0 7 54 0 0 0 0 87216 430 114 0 0 176 69 0 0 0 0 68 65 7 7 0 0 0 0 0 0 2 2 0 7 7 0 0 0 268889 1920 0 171019 0 0 0 0 0 0 0 0 0 0 0 0 0 0 0 8 38 0 0 994 527 126 113 37 21 8 16 115 42 1371
20150604 13:23:00 0 0 0 0 0 0 0 100 0 4775 656 3 739 0 0.15 0.53 0.59 8177412 2329148 5848264 0 289016 771308 312876 543904 3038212 8386556 0 8386556 0 0 56 0 0 576916 0 1 54 0 0 0 0 87216 430 114 0 0 176 69 0 0 0 0 84 82 8 9 0 0 0 0 0 0 1 1 0 1 1 0 0 0 268889 1952 0 171019 0 0 0 0 0 0 0 0 0 0 0 0 0 0 0 8 50 0 0 926 524 127 114 39 20 8 16 115 42 1371
20150604 13:23:10 0 0 0 0 0 0 0 99 1 4009 746 9 739 0 0.13 0.52 0.58 8177412 2331628 5845784 0 289024 771312 312984 543912 3038212 8386556 0 8386556 0 0 104 0 0 576920 0 8 2128 0 0 0 0 87244 430 114 0 0 176 69 0 0 0 0 85 84 8 9 0 0 0 0 0 0 1 1 0 8 8 0 1 1 268889 1984 0 171019 0 0 0 0 0 0 0 0 0 0 0 0 0 0 0 8 50 0 0 935 493 125 86 38 23 10 12 115 42 1371
20150604 13:23:20 0 0 0 0 0 0 0 100 0 4227 597 3 739 0 0.11 0.50 0.58 8177412 2330256 5847156 0 289024 771312 312976 543908 3038212 8386556 0 8386556 0 0 12 0 0 576924 0 11 54 0 0 0 0 87236 430 114 0 0 176 89 0 0 0 0 68 67 7 7 0 0 0 0 0 0 2 2 0 11 11 0 0 0 268889 1920 0 171019 0 0 0 0 0 0 0 0 0 0 0 0 0 0 0 7 37 0 0 998 549 151 92 39 23 10 12 115 42 1371
20150604 13:23:30 0 0 0 0 0 0 0 100 0 4207 603 3 739 0 0.09 0.48 0.57 8177412 2329592 5847820 0 289024 771312 312976 543904 3038212 8386556 0 8386556 0 0 12 0 0 576924 0 0 54 0 0 0 0 87236 430 114 0 0 176 89 0 0 0 0 70 68 7 7 0 0 0 0 0 0 0 0 0 0 0 0 0 0 268889 1920 0 171019 0 0 0 0 0 0 0 0 0 0 0 0 0 0 0 8 40 0 0 973 551 156 99 42 22 9 13 115 42 1371
20150604 13:23:40 0 0 0 0 0 0 0 100 0 3936 625 3 739 0 0.08 0.47 0.57 8177412 2329560 5847852 0 289024 771312 312976 543908 3038212 8386556 0 8386556 0 0 4 0 0 576924 0 1 54 0 0 0 0 87236 430 114 0 0 176 69 0 0 0 0 71 68 7 7 0 0 0 0 0 0 0 0 0 1 1 0 0 0 268889 1952 0 171019 0 0 0 0 0 0 0 0 0 0 0 0 0 0 0 8 39 0 0 945 557 160 100 42 22 9 13 115 42 1371
20150604 13:23:50 0 0 0 0 0 0 0 100 0 4171 669 3 739 0 0.07 0.45 0.56 8177412 2329400 5848012 0 289032 771312 312976 543904 3038212 8386556 0 8386556 0 0 40 0 0 576920 0 5 54 0 0 0 0 87236 430 114 0 0 176 89 0 0 0 0 78 76 8 8 0 0 0 0 0 0 1 1 0 5 5 0 0 0 268889 1920 0 171019 0 0 0 0 0 0 0 0 0 0 0 0 0 0 0 9 46 0 0 961 551 161 100 42 21 8 14 115 42 1371
20150604 13:24:00 0 0 0 0 0 0 0 100 0 3136 606 3 739 0 0.06 0.44 0.55 8177412 2329384 5848028 0 289036 771336 312976 543904 3038212 8386556 0 8386556 0 0 64 0 0 576944 0 2 54 0 0 0 0 87236 430 114 0 0 176 89 0 0 0 0 67 64 7 7 0 0 0 0 0 0 0 0 0 2 2 0 0 0 268889 1952 0 171019 0 0 0 0 0 0 0 0 0 0 0 0 0 0 0 8 36 0 0 943 556 162 99 43 21 8 14 115 42 1371
20150604 13:24:10 0 0 0 0 0 0 0 99 1 4499 746 9 739 0 0.05 0.42 0.55 8177412 2331996 5845416 0 289040 771336 313088 543916 3038212 8386556 0 8386556 0 0 104 0 0 576940 0 8 2134 0 0 0 0 87264 430 114 0 0 176 69 0 0 0 0 82 80 8 9 0 0 0 0 0 0 1 1 0 8 8 0 1 1 268889 1920 0 171019 0 0 0 0 0 0 0 0 0 0 0 0 0 0 0 8 48 0 0 989 528 151 62 36 16 10 15 116 43 1370
20150604 13:24:20 0 0 0 0 0 0 0 100 0 5233 671 3 739 0 0.04 0.41 0.54 8177412 2330260 5847152 0 289040 771336 313088 543912 3038212 8386556 0 8386556 0 0 4 0 0 576944 0 12 54 0 0 0 0 87264 430 114 0 0 176 69 0 0 0 0 88 86 9 9 0 0 0 0 0 0 2 2 0 12 12 0 0 0 268889 1920 0 171019 0 0 0 0 0 0 0 0 0 0 0 0 0 0 0 9 54 0 0 1024 556 171 91 36 16 10 15 116 43 1370
20150604 13:24:30 0 0 0 0 0 0 0 100 0 3207 586 3 739 0 0.03 0.40 0.54 8177412 2329740 5847672 0 289040 771336 313088 543920 3038212 8386556 0 8386556 0 0 8 0 0 576944 0 0 54 0 0 0 0 87264 430 114 0 0 176 69 0 0 0 0 64 62 6 7 0 0 0 0 0 0 0 0 0 0 0 0 0 0 268889 1952 0 171019 0 0 0 0 0 0 0 0 0 0 0 0 0 0 0 7 34 0 0 1014 556 170 103 35 18 10 15 116 43 1370
20150604 13:24:40 0 0 0 0 0 0 0 100 0 5590 619 3 739 0 0.03 0.38 0.53 8177412 2329528 5847884 0 289040 771336 313088 543916 3038212 8386556 0 8386556 0 0 4 0 0 576944 0 0 54 0 0 0 0 87264 430 114 0 0 176 69 0 0 0 0 83 83 8 9 0 0 0 0 0 0 0 0 0 0 0 0 0 0 268889 1952 0 171019 0 0 0 0 0 0 0 0 0 0 0 0 0 0 0 8 50 0 0 1025 541 168 111 36 18 10 15 116 43 1370
20150604 13:24:50 0 0 0 0 0 0 0 100 0 3897 592 3 739 0 0.02 0.37 0.53 8177412 2329492 5847920 0 289044 771344 313088 543912 3038212 8386556 0 8386556 0 0 32 0 0 576944 0 3 54 0 0 0 0 87264 430 114 0 0 176 89 0 0 0 0 69 67 7 7 0 0 0 0 0 0 1 1 0 3 3 0 0 0 268889 1920 0 171019 0 0 0 0 0 0 0 0 0 0 0 0 0 0 0 8 39 0 0 1002 541 166 108 38 19 10 15 116 43 1370
20150604 13:25:00 0 0 0 0 0 0 0 99 1 3699 589 3 739 0 0.02 0.36 0.52 8177412 2329456 5847956 0 289044 771368 313064 543912 3038212 8386556 0 8386556 0 0 52 0 0 576964 0 0 54 0 0 0 0 87240 430 114 0 0 176 89 0 0 0 0 69 68 7 7 0 0 0 0 0 0 0 0 0 0 0 0 0 0 268889 1920 0 171019 0 0 0 0 0 0 0 0 0 0 0 0 0 0 0 7 41 0 0 975 539 160 116 38 19 10 15 116 43 1370
20150604 13:25:10 0 0 0 0 0 0 0 99 1 2280 658 9 739 0 0.02 0.35 0.51 8177412 2331440 5845972 0 289044 771368 313028 543896 3038208 8386556 0 8386556 0 0 96 0 0 576960 0 8 2226 0 0 0 0 87204 430 114 0 0 176 69 0 0 0 0 53 50 5 5 0 0 0 0 0 0 1 1 0 8 8 0 1 1 268889 1920 0 171019 0 0 0 0 0 0 0 0 0 0 0 0 0 0 0 7 27 0 0 1167 503 134 66 39 17 9 15 116 43 1370
20150604 13:25:20 0 0 0 0 0 0 0 99 1 3599 771 6 738 0 0.01 0.33 0.51 8177412 2329988 5847424 0 289044 771428 312944 543812 3029984 8386556 0 8386556 0 0 48 0 0 577020 0 24 55 0 0 0 0 87120 430 132 0 0 176 76 0 0 0 0 104 96 12 42 0 0 0 0 0 0 4 4 0 24 24 0 0 0 268887 1920 0 171017 0 0 0 0 0 0 0 0 0 0 0 0 0 0 0 12 60 0 0 1165 544 153 96 41 18 9 15 116 43 1370
20150604 13:25:30 0 0 0 0 0 0 0 100 0 3831 615 3 737 0 0.01 0.32 0.50 8177412 2328792 5848620 0 289044 771428 312944 543812 3029984 8386556 0 8386556 0 0 8 0 0 577020 0 15 54 0 0 0 0 87120 430 132 0 0 176 76 0 0 0 0 74 72 7 8 0 0 0 0 0 0 4 4 0 15 15 0 1 1 268879 1920 0 171009 0 0 0 0 0 0 0 0 0 0 0 0 0 0 0 7 42 0 0 1191 558 154 112 40 19 9 15 116 43 1370
20150604 13:25:40 0 0 0 0 0 0 0 99 1 3777 585 3 737 0 0.01 0.31 0.50 8177412 2328628 5848784 0 289044 771428 312916 543812 3029984 8386556 0 8386556 0 0 8 0 0 577020 0 0 54 0 0 0 0 87092 430 132 0 0 176 56 0 0 0 0 67 66 7 7 0 0 0 0 0 0 0 0 0 0 0 0 0 0 268879 1920 0 171009 0 0 0 0 0 0 0 0 0 0 0 0 0 0 0 7 38 0 0 1196 560 152 117 40 19 9 15 116 43 1370
20150604 13:25:50 0 0 0 0 0 0 0 100 0 4289 637 3 737 0 0.01 0.30 0.49 8177412 2328596 5848816 0 289048 771428 312916 543812 3029984 8386556 0 8386556 0 0 24 0 0 577008 0 11 54 0 0 0 0 87092 430 132 0 0 176 56 0 0 0 0 74 72 7 8 0 0 0 0 0 0 2 2 0 11 11 0 0 0 268879 1952 0 171009 0 0 0 0 0 0 0 0 0 0 0 0 0 0 0 8 45 0 0 1172 564 152 118 39 20 9 15 116 43 1370
20150604 13:26:00 0 0 0 0 0 0 0 100 0 3887 628 3 737 0 0.01 0.29 0.49 8177412 2328820 5848592 0 289048 771452 312916 543812 3029988 8386556 0 8386556 0 0 40 0 0 577032 0 1 54 0 0 0 0 87092 430 132 0 0 176 56 0 0 0 0 68 66 7 7 0 0 0 0 0 0 1 1 0 1 1 0 0 0 268879 1888 0 171009 0 0 0 0 0 0 0 0 0 0 0 0 0 0 0 8 38 0 0 1074 563 155 118 39 21 9 15 116 43 1370
20150604 13:26:10 0 0 0 0 0 0 0 99 1 4063 738 9 737 0 0.01 0.28 0.48 8177412 2331920 5845492 0 289052 771452 312948 543816 3029988 8386556 0 8386556 0 0 88 0 0 577036 0 8 2128 0 0 0 0 87112 430 132 0 0 176 56 0 0 0 0 72 71 7 8 0 0 0 0 0 0 1 1 0 8 8 0 1 1 268879 1920 0 171009 0 0 0 0 0 0 0 0 0 0 0 0 0 0 0 8 41 0 0 923 552 154 71 33 19 9 15 116 43 1370
20150604 13:26:20 0 0 0 0 0 0 0 100 0 3504 584 3 736 0 0.01 0.27 0.48 8177412 2330052 5847360 0 289052 771452 312948 543816 3029988 8386556 0 8386556 0 0 8 0 0 577036 0 10 54 0 0 0 0 87112 430 132 0 0 176 56 0 0 0 0 60 58 6 6 0 0 0 0 0 0 2 2 0 10 10 0 0 0 268871 1920 0 171001 0 0 0 0 0 0 0 0 0 0 0 0 0 0 0 8 33 0 0 1088 584 162 85 35 19 9 15 116 43 1370
20150604 13:26:30 0 0 0 0 0 0 0 100 0 4531 672 4 736 0 0.00 0.27 0.47 8177412 2330188 5847224 0 289052 771452 312948 543904 3029988 8386556 0 8386556 0 0 16 0 0 577036 0 0 358 0 0 0 0 87112 430 132 0 0 176 76 0 0 0 0 83 82 8 9 0 0 0 0 0 0 1 1 0 0 0 0 0 0 268871 1920 0 171001 0 0 0 0 0 0 0 0 0 0 0 0 0 0 0 8 50 0 0 905 574 163 94 37 18 10 15 116 43 1370
20150604 13:26:40 0 0 0 0 0 0 0 99 0 3903 580 3 736 0 0.00 0.26 0.47 8177412 2329376 5848036 0 289060 771452 312948 543816 3029988 8386556 0 8386556 0 0 8 0 0 577044 0 3 54 0 0 0 0 87112 430 132 0 0 176 56 0 0 0 0 68 66 7 7 0 0 0 0 0 0 1 1 0 3 3 0 0 0 268871 1920 0 171001 0 0 0 0 0 0 0 0 0 0 0 0 0 0 0 8 38 0 0 1055 585 171 102 37 18 10 15 116 43 1370
20150604 13:26:50 0 0 0 0 0 0 0 100 0 3830 602 3 736 0 0.00 0.25 0.46 8177412 2329076 5848336 0 289064 771460 312948 543816 3029988 8386556 0 8386556 0 0 40 0 0 577044 0 3 60 0 0 0 0 87112 430 132 0 0 176 76 0 0 0 0 73 72 7 8 0 0 0 0 0 0 1 1 0 3 3 0 0 0 268871 1952 0 171001 0 0 0 0 0 0 0 0 0 0 0 0 0 0 0 8 41 0 0 1066 587 171 101 39 18 10 15 116 43 1370
20150604 13:27:00 0 0 0 0 0 0 0 100 0 3287 552 3 736 1 0.00 0.24 0.46 8177412 2329056 5848356 0 289064 771484 312932 543812 3029988 8386556 0 8386556 0 0 64 0 0 577064 0 0 54 0 0 0 0 87096 430 132 0 0 176 76 0 0 0 0 61 57 6 6 0 0 0 0 0 0 0 0 0 0 0 0 0 0 268871 1952 0 171001 0 0 0 0 0 0 0 0 0 0 0 0 0 0 0 8 35 0 0 1045 594 174 101 39 18 10 15 116 43 1370
20150604 13:27:10 0 0 0 0 0 0 0 99 1 4837 740 9 736 0 0.00 0.23 0.45 8177412 2332032 5845380 0 289068 771484 312976 543812 3029988 8386556 0 8386556 0 0 92 0 0 577068 0 8 2130 0 0 0 0 87144 430 132 0 0 176 56 0 0 0 0 79 78 8 8 0 0 0 0 0 0 1 1 0 8 8 0 1 1 268871 1920 0 171001 0 0 0 0 0 0 0 0 0 0 0 0 0 0 0 8 46 0 0 1037 546 161 69 28 17 10 15 116 43 1370
20150604 13:27:20 0 0 0 0 0 0 0 100 0 4162 603 3 736 0 0.00 0.22 0.45 8177412 2330356 5847056 0 289068 771484 312976 543820 3029988 8386556 0 8386556 0 0 40 0 0 577064 0 7 54 0 0 0 0 87144 430 132 0 0 176 76 0 0 0 0 70 69 7 8 0 0 0 0 0 0 1 1 0 7 7 0 0 0 268871 1920 0 171001 0 0 0 0 0 0 0 0 0 0 0 0 0 0 0 8 40 0 0 1101 577 181 84 28 17 10 15 116 43 1370
20150604 13:27:30 0 0 0 0 0 0 0 100 0 3588 576 3 736 0 0.00 0.22 0.44 8177412 2329448 5847964 0 289068 771484 312976 543824 3029988 8386556 0 8386556 0 0 48 0 0 577064 0 0 54 0 0 0 0 87144 430 132 0 0 176 76 0 0 0 0 64 61 6 7 0 0 0 0 0 0 0 0 0 0 0 0 0 0 268871 1952 0 171001 0 0 0 0 0 0 0 0 0 0 0 0 0 0 0 7 35 0 0 1147 572 187 97 30 17 10 15 116 43 1370
20150604 13:27:40 0 0 0 0 0 0 0 100 0 4122 597 3 736 0 0.00 0.21 0.44 8177412 2329348 5848064 0 289068 771484 312976 543820 3029988 8386556 0 8386556 0 0 48 0 0 577064 0 0 54 0 0 0 0 87144 430 132 0 0 176 76 0 0 0 0 69 70 7 7 0 0 0 0 0 0 0 0 0 0 0 0 0 0 268871 1920 0 171001 0 0 0 0 0 0 0 0 0 0 0 0 0 0 0 8 41 0 0 1138 567 188 100 31 17 10 15 116 43 1370
20150604 13:27:50 0 0 0 0 0 0 0 100 0 5154 613 3 736 0 0.00 0.20 0.43 8177412 2329212 5848200 0 289068 771492 312976 543820 3029988 8386556 0 8386556 0 0 32 0 0 577052 0 7 54 0 0 0 0 87144 430 132 0 0 176 56 0 0 0 0 71 68 7 7 0 0 0 0 0 0 2 2 0 7 7 0 0 0 268871 1920 0 171001 0 0 0 0 0 0 0 0 0 0 0 0 0 0 0 7 40 0 0 1154 572 190 100 31 17 10 15 116 43 1370
20150604 13:28:00 0 0 0 0 0 0 0 99 1 3264 595 3 736 0 0.00 0.20 0.43 8177412 2329104 5848308 0 289068 771516 312976 543820 3029988 8386556 0 8386556 0 0 48 0 0 577068 0 1 54 0 0 0 0 87144 430 132 0 0 176 76 0 0 0 0 67 65 6 7 0 0 0 0 0 0 0 0 0 1 1 0 0 0 268871 1920 0 171001 0 0 0 0 0 0 0 0 0 0 0 0 0 0 0 8 37 0 0 1137 580 191 101 30 18 10 15 116 43 1370
20150604 13:28:10 0 0 0 0 0 0 0 99 1 4099 730 9 736 0 0.00 0.19 0.42 8177412 2332328 5845084 0 289072 771516 312976 543816 3029988 8386556 0 8386556 0 0 96 0 0 577064 0 8 2131 0 0 0 0 87148 430 132 0 0 176 56 0 0 0 0 76 74 8 8 0 0 0 0 0 0 1 1 0 8 8 0 1 1 268871 1920 0 171001 0 0 0 0 0 0 0 0 0 0 0 0 0 0 0 8 42 0 0 1014 523 162 86 37 19 12 11 116 43 1370
20150604 13:28:20 0 0 0 0 0 0 0 100 0 4448 648 3 736 0 0.00 0.18 0.42 8177412 2330364 5847048 0 289072 771516 312972 543816 3029988 8386556 0 8386556 0 0 8 0 0 577068 0 11 54 0 0 0 0 87144 430 132 0 0 176 56 0 0 0 0 82 80 8 9 0 0 0 0 0 0 2 2 0 11 11 0 0 0 268871 1920 0 171001 0 0 0 0 0 0 0 0 0 0 0 0 0 0 0 9 49 0 0 1103 561 200 90 38 21 12 11 116 43 1370
20150604 13:28:30 0 0 0 0 0 0 0 100 0 3796 624 3 736 0 0.00 0.18 0.41 8177412 2329824 5847588 0 289072 771516 312972 543820 3029988 8386556 0 8386556 0 0 8 0 0 577068 0 0 54 0 0 0 0 87144 430 132 0 0 176 56 0 0 0 0 78 75 8 8 0 0 0 0 0 0 0 0 0 0 0 0 0 0 268871 1920 0 171001 0 0 0 0 0 0 0 0 0 0 0 0 0 0 0 8 46 0 0 1083 549 198 100 37 24 12 11 116 43 1370
20150604 13:28:40 0 0 0 0 0 0 0 100 0 3826 593 3 736 0 0.00 0.17 0.41 8177412 2329652 5847760 0 289072 771516 312972 543828 3029988 8386556 0 8386556 0 0 4 0 0 577068 0 1 54 0 0 0 0 87144 430 132 0 0 176 56 0 0 0 0 65 63 6 7 0 0 0 0 0 0 0 0 0 1 1 0 0 0 268871 1952 0 171001 0 0 0 0 0 0 0 0 0 0 0 0 0 0 0 8 37 0 0 1104 550 196 103 37 24 12 11 116 43 1370
20150604 13:28:50 0 0 0 0 0 0 0 100 0 4080 569 3 736 0 0.00 0.17 0.40 8177412 2329496 5847916 0 289076 771520 312972 543824 3029988 8386556 0 8386556 0 0 28 0 0 577064 0 3 54 0 0 0 0 87144 430 132 0 0 176 76 0 0 0 0 59 58 6 6 0 0 0 0 0 0 1 1 0 3 3 0 0 0 268871 1920 0 171001 0 0 0 0 0 0 0 0 0 0 0 0 0 0 0 7 31 0 0 1097 549 196 103 36 24 11 12 116 43 1370
20150604 13:29:00 0 0 0 0 0 0 0 100 0 4308 640 3 736 0 0.00 0.16 0.40 8177412 2329216 5848196 0 289080 771544 312972 543824 3029988 8386556 0 8386556 0 0 56 0 0 577088 0 1 54 0 0 0 0 87144 430 132 0 0 176 76 0 0 0 0 85 82 8 9 0 0 0 0 0 0 0 0 0 1 1 0 0 0 268871 1952 0 171001 0 0 0 0 0 0 0 0 0 0 0 0 0 0 0 9 52 0 0 1123 547 190 106 35 22 11 13 116 43 1370
20150604 13:29:10 0 0 0 0 0 0 0 99 1 3629 717 9 736 0 0.00 0.16 0.40 8177412 2332192 5845220 0 289084 771548 313000 543824 3029988 8386556 0 8386556 0 0 100 0 0 577088 0 8 2132 0 0 0 0 87172 430 132 0 0 176 56 0 0 0 0 69 67 7 7 0 0 0 0 0 0 1 1 0 8 8 0 1 1 268871 1952 0 171001 0 0 0 0 0 0 0 0 0 0 0 0 0 0 0 8 38 0 0 944 513 177 74 29 22 11 13 116 43 1370
20150604 13:29:20 0 0 0 0 0 0 0 100 0 4254 601 3 736 0 0.00 0.15 0.39 8177412 2330456 5846956 0 289084 771548 312988 543820 3029988 8386556 0 8386556 0 0 8 0 0 577092 0 11 54 0 0 0 0 87160 430 132 0 0 176 56 0 0 0 0 71 69 7 7 0 0 0 0 0 0 2 2 0 11 11 0 0 0 268871 1920 0 171001 0 0 0 0 0 0 0 0 0 0 0 0 0 0 0 8 41 0 0 1013 547 182 95 30 22 11 13 116 43 1370
20150604 13:29:30 1 0 1 0 0 0 0 98 2 4520 1045 22 703 0 0.00 0.15 0.39 8177412 2321696 5855716 0 289084 771552 312612 530792 2781408 8386556 0 8386556 0 0 32 0 0 575428 0 0 6745 0 0 0 0 86996 416 130 0 1 174 56 0 0 0 0 82 81 8 9 0 0 0 0 0 0 0 0 0 0 0 0 0 0 268783 1824 0 170909 0 0 0 0 0 0 0 0 0 0 0 3 0 0 5 9 46 0 0 1771 777 272 163 48 31 17 15 118 44 1368
20150604 13:29:40 1 0 1 0 0 0 0 98 2 4352 989 19 703 0 0.00 0.14 0.39 8177412 2321944 5855468 0 289088 772328 312716 530792 2781408 8386556 0 8386556 0 0 56 0 0 575776 0 7 5990 0 0 0 0 86992 416 130 0 1 174 56 0 0 0 0 94 84 10 85 0 0 0 0 0 0 1 1 0 7 7 0 1 1 268805 1824 0 170931 0 0 0 0 0 0 0 0 0 0 3 6 0 0 20 22 40 0 0 1686 663 286 164 54 30 13 11 117 44 1369
