################################################################################
# Collectl:   V3.6.0-1  HiRes: 1  Options: -o z -D -P -i 10 -f /mnt/vol2/msevilla/ceph-logs/osd/cpu/ 
# Host:       issdm-11  DaemonOpts: -f /var/log/collectl -r00:00,7 -m -F60 -s+YZ
# Distro:       Platform: H8DMR-82
# Date:       20150604-130342  Secs: 1433448222 TZ: -0700
# SubSys:     bcdfijmnstYZ Options: z Interval: 10:60 NumCPUs: 4  NumBud: 4 Flags: i
# Filters:    NfsFilt:  EnvFilt: 
# HZ:         100  Arch: x86_64-linux-gnu-thread-multi PageSize: 4096
# Cpu:        AuthenticAMD Speed(MHz): 2010.286 Cores: 2  Siblings: 2
# Kernel:     3.4.0-030400-generic  Memory: 8177412 kB  Swap: 8386556 kB
# NumDisks:   5 DiskNames: sda sdb sdc sdd sde
# NumNets:    4 NetNames: eth0:?? eth1:1000 eth2:1000 lo:
# NumSlabs:   133 Version: 2.1
# IConnect:   NumHCAs: 1 PortStates: 0 IBVersion:  PQVersion: 
# SCSI:       DA:0:00:00:00 DA:1:00:00:00 DA:2:00:00:00 DA:3:00:00:00 CD:4:00:01:00 DA:7:00:00:00
################################################################################
#Date Time [CPU]User% [CPU]Nice% [CPU]Sys% [CPU]Wait% [CPU]Irq% [CPU]Soft% [CPU]Steal% [CPU]Idle% [CPU]Totl% [CPU]Intrpt/sec [CPU]Ctx/sec [CPU]Proc/sec [CPU]ProcQue [CPU]ProcRun [CPU]L-Avg1 [CPU]L-Avg5 [CPU]L-Avg15 [MEM]Tot [MEM]Used [MEM]Free [MEM]Shared [MEM]Buf [MEM]Cached [MEM]Slab [MEM]Map [MEM]Commit [MEM]SwapTot [MEM]SwapUsed [MEM]SwapFree [MEM]SwapIn [MEM]SwapOut [MEM]Dirty [MEM]Clean [MEM]Laundry [MEM]Inactive [MEM]PageIn [MEM]PageOut [MEM]PageFaults [MEM]PageMajFaults [MEM]HugeTotal [MEM]HugeFree [MEM]HugeRsvd [MEM]SUnreclaim [SOCK]Used [SOCK]Tcp [SOCK]Orph [SOCK]Tw [SOCK]Alloc [SOCK]Mem [SOCK]Udp [SOCK]Raw [SOCK]Frag [SOCK]FragMem [NET]RxPktTot [NET]TxPktTot [NET]RxKBTot [NET]TxKBTot [NET]RxCmpTot [NET]RxMltTot [NET]TxCmpTot [NET]RxErrsTot [NET]TxErrsTot [DSK]ReadTot [DSK]WriteTot [DSK]OpsTot [DSK]ReadKBTot [DSK]WriteKBTot [DSK]KbTot [DSK]ReadMrgTot [DSK]WriteMrgTot [DSK]MrgTot [INODE]NumDentry [INODE]openFiles [INODE]MaxFile% [INODE]used [NFS]ReadsS [NFS]WritesS [NFS]MetaS [NFS]CommitS [NFS]Udp [NFS]Tcp [NFS]TcpConn [NFS]BadAuth [NFS]BadClient [NFS]ReadsC [NFS]WritesC [NFS]MetaC [NFS]CommitC [NFS]Retrans [NFS]AuthRef [TCP]PureAcks [TCP]HPAcks [TCP]Loss [TCP]FTrans [BUD]1Page [BUD]2Pages [BUD]4Pages [BUD]8Pages [BUD]16Pages [BUD]32Pages [BUD]64Pages [BUD]128Pages [BUD]256Pages [BUD]512Pages [BUD]1024Pages
20150604 13:04:10 1 0 0 0 0 0 0 99 1 4950 877 6 810 0 0.48 0.52 0.40 8177412 1775244 6402168 0 264748 731064 153600 541312 2873220 8386556 0 8386556 0 0 68 0 0 528056 0 8 2136 0 0 0 0 32164 469 215 0 0 226 60 0 0 0 0 109 109 12 12 0 0 0 0 0 0 1 1 0 8 8 0 1 1 108974 1856 0 86963 0 0 0 0 0 0 0 0 0 0 0 0 0 0 0 6 56 0 0 837 620 1332 1216 831 517 273 97 30 7 1477
20150604 13:04:20 4 0 3 0 0 0 0 93 7 8293 8470 0 812 0 0.41 0.51 0.40 8177412 1775016 6402396 0 264748 733064 153600 541576 2873220 8386556 0 8386556 0 0 3676 0 0 529712 0 1734 148 1 0 0 0 32164 470 216 0 0 227 117 0 0 0 0 503 479 464 98 0 0 0 0 0 0 274 274 0 1734 1734 0 1 1 108979 1856 0 86966 0 0 0 0 0 0 0 0 0 0 0 0 0 0 0 8 192 0 0 1108 556 1281 1223 831 517 273 97 30 7 1477
20150604 13:04:30 0 0 0 0 0 0 0 99 1 4881 1008 0 812 0 0.34 0.49 0.39 8177412 1775108 6402304 0 264748 733472 153600 541804 2873220 8386556 0 8386556 0 0 4252 0 0 530112 0 76 31 0 0 0 0 32164 470 216 0 0 227 62 0 0 0 0 130 111 55 13 0 0 0 0 0 0 14 14 0 76 76 0 0 0 108983 1856 0 86966 0 0 0 0 0 0 0 0 0 0 0 0 0 0 0 4 58 0 0 1110 585 1268 1223 831 517 273 97 30 7 1477
20150604 13:04:40 1 0 1 0 0 0 0 97 3 6634 4211 0 812 0 0.29 0.47 0.39 8177412 1780188 6397224 0 264748 738784 153600 540800 2873220 8386556 0 8386556 0 0 1152 0 0 535248 0 1591 56 0 0 0 0 32164 470 216 0 0 227 61 0 0 0 0 459 272 463 42 0 0 0 0 0 0 137 137 0 1591 1591 0 1 1 108983 1856 0 86967 0 0 0 0 0 0 0 0 0 0 0 0 0 0 0 5 129 0 0 795 527 1228 1162 821 517 273 97 30 7 1477
20150604 13:04:50 3 0 2 0 0 0 0 94 6 8586 6887 0 812 0 0.25 0.46 0.39 8177412 1783104 6394308 0 264748 740688 153888 540692 2873220 8386556 0 8386556 0 0 420 0 0 536884 0 1970 119 1 0 0 0 32388 470 216 0 0 227 61 0 0 0 0 504 409 492 79 0 0 0 0 0 0 210 210 0 1970 1970 0 1 1 108987 1856 0 86969 0 0 0 0 0 0 0 0 0 0 0 0 0 0 0 6 169 0 0 1310 633 1212 1094 818 504 267 97 30 7 1477
20150604 13:05:00 6 0 5 0 0 0 0 89 11 9604 8947 10 813 1 0.29 0.46 0.39 8177412 1792956 6384456 0 264748 747720 153776 540848 2872708 8386556 0 8386556 0 0 4780 0 0 543188 0 1465 6802 1 0 0 0 32248 470 216 0 0 227 66 0 0 0 0 522 502 451 99 0 0 0 0 0 0 242 242 0 1465 1465 0 0 0 108988 1856 0 86972 0 0 0 0 0 0 0 0 0 0 0 0 0 0 0 8 216 0 0 440 558 1212 1005 812 505 269 96 32 7 1476
20150604 13:05:10 10 0 3 0 0 0 0 87 13 6027 1885 22 812 0 0.32 0.46 0.39 8177412 1793016 6384396 0 264748 748340 153796 540660 2872816 8386556 0 8386556 0 0 5812 0 0 544084 0 141 16484 0 0 0 0 32236 471 217 0 0 228 61 0 0 0 0 173 144 80 24 0 0 0 0 0 0 20 20 0 141 141 0 5 5 108999 1888 0 86971 0 0 0 0 0 0 0 0 0 0 0 0 0 0 0 8 71 0 0 1216 644 1276 1055 809 529 273 105 35 10 1470
20150604 13:05:20 0 0 0 0 0 0 0 99 0 4855 744 0 812 0 0.27 0.45 0.38 8177412 1791232 6386180 0 264748 748340 153796 540676 2872832 8386556 0 8386556 0 0 172 0 0 544076 0 582 29 0 0 0 0 32236 471 217 0 0 228 81 0 0 0 0 109 110 12 12 0 0 0 0 0 0 5 5 0 582 582 0 0 0 108999 1888 0 86971 0 0 0 0 0 0 0 0 0 0 0 0 0 0 0 5 61 0 0 1343 665 1260 1044 806 523 274 105 37 10 1470
20150604 13:05:30 0 0 0 0 0 0 0 100 0 4441 731 0 812 0 0.23 0.43 0.38 8177412 1790416 6386996 0 264748 748340 153796 540680 2872832 8386556 0 8386556 0 0 160 0 0 544076 0 10 28 0 0 0 0 32236 471 217 0 0 228 86 0 0 0 0 106 104 11 11 0 0 0 0 0 0 2 2 0 10 10 0 0 0 109001 1888 0 86971 0 0 0 0 0 0 0 0 0 0 0 0 0 0 0 4 58 0 0 1403 671 1239 1027 798 524 277 105 36 11 1470
20150604 13:05:40 4 0 3 0 0 0 0 92 8 9020 8463 0 812 0 0.19 0.42 0.38 8177412 1787872 6389540 0 264752 745080 154184 537532 2872832 8386556 0 8386556 0 0 1552 0 0 540544 0 2061 244 2 0 0 0 32524 471 217 0 0 228 61 0 0 0 0 535 458 507 96 0 0 0 0 0 0 258 258 0 2061 2061 0 1 1 109006 1888 0 86968 0 0 0 0 0 0 0 0 0 0 0 0 0 0 0 8 193 0 0 1571 757 1261 1025 794 521 279 107 36 11 1470
20150604 13:05:50 1 0 1 0 0 0 0 99 1 4759 1199 0 812 0 0.16 0.40 0.37 8177412 1788500 6388912 0 264752 745528 154952 536768 2872832 8386556 0 8386556 0 0 1816 0 0 540972 0 201 35 0 0 0 0 33292 471 217 0 0 228 61 0 0 0 0 131 129 22 21 0 0 0 0 0 0 30 30 0 201 201 0 9 9 109380 1888 0 87155 0 0 0 0 0 0 0 0 0 0 0 0 0 0 0 6 68 0 0 1520 764 1265 1002 795 520 280 107 36 11 1470
20150604 13:06:00 4 0 3 0 0 0 0 91 8 9172 9162 0 812 0 0.14 0.39 0.37 8177412 1803696 6373716 0 264752 752576 159008 536428 2872832 8386556 0 8386556 0 0 2828 0 0 547804 0 2362 101 0 0 0 0 37264 471 217 0 0 228 62 0 0 0 0 636 451 527 123 0 0 0 0 0 0 321 321 0 2362 2362 0 33 33 111006 1888 0 87968 0 0 0 0 0 0 0 0 0 0 0 0 0 0 0 12 214 0 0 159 387 1090 868 793 518 279 105 38 11 1470
20150604 13:06:10 3 0 3 0 0 0 0 94 6 5586 5757 6 812 0 0.19 0.39 0.37 8177412 1814720 6362692 0 264756 749912 164720 537796 2872832 8386556 0 8386556 0 0 3664 0 0 545392 0 1053 2144 0 0 0 0 42572 471 217 0 0 228 81 0 0 0 0 260 235 72 87 0 0 0 0 0 0 176 176 0 1053 1053 0 61 61 113092 1856 0 89010 0 0 0 0 0 0 0 0 0 0 0 0 0 0 0 10 121 0 0 569 425 699 695 790 510 280 105 38 11 1470
20150604 13:06:20 5 0 4 0 0 0 0 90 9 9010 9838 0 812 0 0.23 0.40 0.37 8177412 1810220 6367192 0 264756 747236 161056 531860 2872832 8386556 0 8386556 0 0 5368 0 0 542508 0 3869 183 2 0 0 0 38428 471 217 0 0 228 56 0 0 0 0 608 503 534 133 0 0 0 0 0 0 350 350 0 3869 3869 0 212 212 114559 1824 0 89739 0 0 0 0 0 0 0 0 0 0 0 0 0 0 0 12 204 0 0 244 637 644 785 789 515 277 107 39 11 1470
20150604 13:06:30 2 0 2 1 0 0 0 96 4 4874 4186 0 813 0 0.93 0.55 0.42 8177412 1811576 6365836 0 264756 744164 162112 532876 2872832 8386556 0 8386556 0 0 5600 0 0 539612 0 1543 54 0 0 0 0 38560 471 217 0 0 228 77 0 0 0 0 215 210 55 67 0 0 0 0 0 0 153 153 0 1543 1543 0 125 125 116021 1824 0 90469 0 0 0 0 0 0 0 0 0 0 0 0 0 0 0 6 107 0 0 456 629 614 735 790 515 277 107 39 11 1470
20150604 13:06:40 7 0 5 1 0 0 0 86 12 10287 13465 0 813 0 0.87 0.55 0.42 8177412 1818820 6358592 0 264756 744296 165136 532928 2872832 8386556 0 8386556 0 0 1044 0 0 539636 0 4436 184 1 0 0 0 40360 471 217 0 0 228 61 0 0 0 0 692 626 569 174 0 0 0 0 0 0 462 462 0 4436 4436 0 132 132 117975 1824 0 91446 0 0 0 0 0 0 0 0 0 0 0 0 0 0 0 11 275 0 0 406 357 452 634 799 517 277 107 39 11 1470
20150604 13:06:50 2 0 3 2 0 0 0 93 5 5529 5263 0 813 0 1.77 0.74 0.49 8177412 1820148 6357264 0 264756 740736 166320 532000 2872832 8386556 0 8386556 0 0 1492 0 0 536084 0 1986 91 1 0 0 0 40368 471 217 0 0 228 61 0 0 0 0 269 256 68 82 0 0 0 0 0 0 193 193 0 1986 1986 0 149 149 119811 1824 0 92363 0 0 0 0 0 0 0 0 0 0 0 0 0 0 0 11 139 0 0 928 524 417 507 795 518 277 107 39 11 1470
20150604 13:07:00 2 0 2 1 0 0 0 94 5 6761 5046 0 813 0 2.31 0.90 0.54 8177412 1821716 6355696 0 264756 737928 167232 531860 2872832 8386556 0 8386556 0 0 980 0 0 533736 0 1991 59 0 0 0 0 40148 471 217 0 0 228 61 0 0 0 0 259 254 66 78 0 0 0 0 0 0 213 213 0 1991 1991 0 137 137 121579 1824 0 93246 0 0 0 0 0 0 0 0 0 0 0 0 0 0 0 9 139 0 0 1214 619 440 389 792 519 277 107 39 11 1470
20150604 13:07:10 7 0 5 2 0 0 0 85 12 9262 12258 6 813 0 2.03 0.88 0.54 8177412 1834000 6343412 0 264756 742020 171152 532136 2872832 8386556 0 8386556 0 0 4608 0 0 537552 0 3123 2245 1 0 0 0 42880 471 217 0 0 228 61 0 0 0 0 679 563 561 161 0 0 0 0 0 0 362 362 0 2924 2924 0 70 70 123443 1856 0 94181 0 0 0 0 0 0 0 0 0 0 0 0 0 0 0 10 234 0 0 531 573 342 383 676 519 277 107 39 11 1470
20150604 13:07:20 5 0 4 2 0 0 0 88 10 9335 11074 0 814 0 1.88 0.89 0.54 8177412 1838384 6339028 0 264756 748608 166648 531680 2872832 8386556 0 8386556 0 0 4904 0 0 543660 0 3930 124 0 0 0 0 37444 471 217 0 0 228 159 0 0 0 0 603 551 455 143 0 0 0 0 0 0 425 425 0 4035 4035 0 212 212 124991 1856 0 94955 0 0 0 0 0 0 0 0 0 0 0 0 0 0 0 11 259 0 0 151 319 246 419 669 519 277 107 39 11 1470
20150604 13:07:30 9 0 7 2 0 1 0 81 17 14612 19047 0 814 0 1.59 0.86 0.54 8177412 1854868 6322544 0 264756 755404 172956 531696 2872832 8386556 0 8386556 0 0 8804 0 0 550044 0 4832 254 2 0 0 0 42492 471 217 0 0 228 63 0 0 0 0 1142 868 1125 222 0 0 0 0 0 0 674 674 0 4927 4927 0 38 38 126813 1856 0 95868 0 0 0 0 0 0 0 0 0 0 0 0 0 0 0 10 388 0 0 154 160 283 129 563 519 277 107 39 11 1470
20150604 13:07:40 2 0 2 2 0 0 0 94 4 4819 3778 0 814 0 2.23 1.03 0.60 8177412 1857444 6319968 0 264760 752348 174632 531416 2872832 8386556 0 8386556 0 0 6084 0 0 547324 0 1575 54 0 0 0 0 43260 471 217 0 0 228 60 0 0 0 0 213 204 53 63 0 0 0 0 0 0 136 136 0 1575 1575 0 96 96 128227 1856 0 96574 0 0 0 0 0 0 0 0 0 0 0 0 0 0 0 8 104 0 0 383 239 311 84 514 521 277 107 39 11 1470
20150604 13:07:50 2 0 2 2 0 0 0 93 4 6082 4244 0 813 0 1.97 1.01 0.60 8177412 1864960 6312452 0 264760 753500 178396 531016 2872832 8386556 0 8386556 0 0 1688 0 0 548448 0 2132 57 0 0 0 0 46008 471 217 0 0 228 80 0 0 0 0 247 236 62 76 0 0 0 0 0 0 154 154 0 2132 2132 0 148 148 129857 1856 0 97385 0 0 0 0 0 0 0 0 0 0 0 0 0 0 0 10 127 0 0 224 266 297 151 375 521 277 107 39 11 1470
20150604 13:08:00 2 0 2 3 0 0 0 92 5 7098 4950 0 813 0 2.25 1.11 0.63 8177412 1864576 6312836 0 264760 750748 176900 532264 2872832 8386556 0 8386556 0 0 1220 0 0 545916 0 2188 60 0 0 0 0 43340 471 217 0 0 228 79 0 0 0 0 256 248 66 79 0 0 0 0 0 0 220 220 0 2188 2188 0 153 153 131649 1856 0 98280 0 0 0 0 0 0 0 0 0 0 0 0 0 0 0 9 130 0 0 503 344 293 88 385 521 277 107 39 11 1470
20150604 13:08:10 3 0 3 2 0 0 0 92 6 5779 5247 6 813 0 1.98 1.09 0.63 8177412 1879164 6298248 0 264764 751796 184572 531492 2872832 8386556 0 8386556 0 0 1628 0 0 547000 0 1104 2143 0 0 0 0 49844 471 217 0 0 228 80 0 0 0 0 267 246 70 83 0 0 0 0 0 0 164 164 0 1104 1104 0 70 70 133563 1888 0 99240 0 0 0 0 0 0 0 0 0 0 0 0 0 0 0 9 137 0 0 543 363 285 69 187 510 277 107 39 11 1470
20150604 13:08:20 2 0 2 3 0 0 0 92 4 6452 4700 0 813 0 2.64 1.25 0.69 8177412 1867180 6310232 0 264764 744252 177460 530932 2872832 8386556 0 8386556 0 0 428 0 0 539704 0 2766 84 1 0 0 0 41724 471 217 0 0 228 99 0 0 0 0 266 250 69 69 0 0 0 0 0 0 212 212 0 2702 2702 0 193 193 135167 1824 0 100035 0 0 0 0 0 0 0 0 0 0 0 0 0 0 0 7 131 0 0 1567 548 346 210 262 479 277 107 39 11 1470
20150604 13:08:30 7 0 5 2 0 1 0 85 13 12319 13588 0 813 0 3.04 1.39 0.74 8177412 1882484 6294928 0 264764 753660 181368 531816 2872832 8386556 0 8386556 0 0 2548 0 0 548736 0 3543 156 1 0 0 0 44556 471 217 0 0 228 81 0 0 0 0 676 652 560 172 0 0 0 0 0 0 468 468 0 3606 3606 0 116 116 136757 1824 0 100836 0 0 0 0 0 0 0 0 0 0 0 0 0 0 0 12 293 0 0 224 208 339 91 210 479 277 107 39 11 1470
20150604 13:08:40 2 0 2 0 0 0 0 96 3 4667 3717 0 813 0 2.57 1.34 0.73 8177412 1885428 6291984 0 264772 750268 184584 531672 2872832 8386556 0 8386556 0 0 2548 0 0 545736 0 980 50 0 0 0 0 46988 471 217 0 0 228 61 0 0 0 0 200 186 49 61 0 0 0 0 0 0 115 115 0 980 980 0 65 65 138021 1824 0 101467 0 0 0 0 0 0 0 0 0 0 0 0 0 0 0 10 99 0 0 428 344 358 100 167 458 277 107 39 11 1470
20150604 13:08:50 4 0 3 5 0 0 0 88 7 8846 8411 0 813 0 2.26 1.32 0.73 8177412 1891808 6285604 0 264772 752128 185760 530804 2872832 8386556 0 8386556 0 0 2160 0 0 547380 0 3619 115 1 0 0 0 47016 471 217 0 0 228 90 0 0 0 0 616 400 518 110 0 0 0 0 0 0 325 325 0 3401 3401 0 176 176 139857 1824 0 102385 0 0 0 0 0 0 0 0 0 0 0 0 0 0 0 8 190 0 0 575 325 333 146 155 403 277 107 39 11 1470
20150604 13:09:00 3 0 3 2 0 0 0 92 6 6436 5958 0 813 0 1.91 1.27 0.72 8177412 1893396 6284016 0 264772 748960 185492 531400 2872832 8386556 0 8386556 0 0 964 0 0 544240 0 2113 100 1 0 0 0 45452 471 217 0 0 228 60 0 0 0 0 268 256 74 88 0 0 0 0 0 0 223 223 0 2331 2331 0 104 104 141941 1824 0 103426 0 0 0 0 0 0 0 0 0 0 0 0 0 0 0 8 131 0 0 1178 411 355 190 129 365 277 107 39 11 1470
20150604 13:09:10 10 0 7 3 0 1 0 79 18 14171 19216 7 814 0 1.69 1.25 0.72 8177412 1907224 6270188 0 264776 752508 188444 533748 2875904 8386556 0 8386556 0 0 2064 0 0 547384 0 5175 2891 2 0 0 0 47380 471 217 0 0 228 61 0 0 0 0 1051 910 1039 230 0 0 0 0 0 0 591 591 0 5175 5175 0 66 66 143376 1856 0 104140 0 0 0 0 0 0 0 0 0 0 0 0 0 0 0 11 393 0 0 897 361 230 98 92 326 277 107 39 11 1470
20150604 13:09:20 3 0 3 2 0 0 0 92 6 6354 5986 0 814 0 2.32 1.40 0.77 8177412 1919500 6257912 0 264776 754044 195752 534256 2875936 8386556 0 8386556 0 0 1276 0 0 548940 0 2046 69 0 0 0 0 53268 471 217 0 0 228 61 0 0 0 0 290 275 80 92 0 0 0 0 0 0 199 199 0 2046 2046 0 170 170 145632 1856 0 105268 0 0 0 0 0 0 0 0 0 0 0 0 0 0 0 11 150 0 0 730 364 229 83 86 242 277 107 39 11 1470
20150604 13:09:30 2 0 2 3 0 0 0 93 4 6640 4167 0 814 0 3.00 1.58 0.84 8177412 1912984 6264428 0 264776 746812 192596 534252 2875936 8386556 0 8386556 0 0 1476 0 0 542220 0 1911 54 0 0 0 0 49204 471 217 0 0 228 102 0 0 0 0 230 227 56 67 0 0 0 0 0 0 176 176 0 1911 1911 0 145 145 147080 1856 0 105990 0 0 0 0 0 0 0 0 0 0 0 0 0 0 0 9 114 0 0 981 551 290 134 102 245 277 107 39 11 1470
20150604 13:09:40 2 0 2 2 0 0 0 93 5 5916 4789 0 814 0 2.54 1.53 0.83 8177412 1914336 6263076 0 264784 743996 193864 534456 2875936 8386556 0 8386556 0 0 752 0 0 539760 0 1935 59 0 0 0 0 49336 471 217 0 0 228 80 0 0 0 0 244 234 64 74 0 0 0 0 0 0 192 192 0 1935 1935 0 140 140 148842 1824 0 106870 0 0 0 0 0 0 0 0 0 0 0 0 0 0 0 7 123 0 0 1179 683 324 227 95 198 276 107 39 11 1470
20150604 13:09:50 3 0 3 5 0 0 0 89 7 6669 6065 0 814 0 2.31 1.51 0.83 8177412 1914936 6262476 0 264784 734608 198292 531436 2875936 8386556 0 8386556 0 0 1340 0 0 530364 0 2101 217 1 0 0 0 52404 471 217 0 0 228 61 0 0 0 0 277 258 78 93 0 0 0 0 0 0 221 221 0 1964 1964 0 149 149 151061 1824 0 107975 0 0 0 0 0 0 0 0 0 0 0 0 0 0 0 11 138 0 0 1777 857 423 320 134 117 272 107 39 11 1470
20150604 13:10:00 2 0 2 3 0 0 0 92 5 7324 4851 0 814 0 2.84 1.66 0.89 8177412 1917336 6260076 0 264784 735888 196884 531112 2875936 8386556 0 8386556 0 0 436 0 0 531648 0 2249 58 0 0 0 0 49904 471 217 0 0 228 93 0 0 0 0 248 229 63 74 0 0 0 0 0 0 216 216 0 2279 2279 0 173 173 152763 1824 0 108824 0 0 0 0 0 0 0 0 0 0 0 0 0 0 0 10 121 0 0 1667 841 422 270 139 119 269 107 39 11 1470
20150604 13:10:10 3 0 3 0 0 0 0 94 6 6577 5590 6 814 0 2.40 1.61 0.88 8177412 1934344 6243068 0 264788 737324 206876 531772 2875936 8386556 0 8386556 0 0 1896 0 0 533088 0 467 2148 0 0 0 0 58660 469 215 0 2 226 93 0 0 0 0 307 288 75 90 0 0 0 0 0 0 140 140 0 574 574 0 1 1 154727 1856 0 109808 0 0 0 0 0 0 0 0 0 0 0 0 0 0 0 10 168 0 0 1220 741 440 222 104 82 245 107 39 11 1470
20150604 13:10:20 5 0 4 3 0 0 0 89 9 8348 9462 0 814 0 2.92 1.75 0.93 8177412 1938616 6238796 0 264788 739748 202676 534692 2879008 8386556 0 8386556 0 0 2332 0 0 535260 0 3854 217 1 0 0 0 53336 469 215 0 2 226 92 0 0 0 0 616 433 528 122 0 0 0 0 0 0 359 359 0 3853 3853 0 166 166 156501 1856 0 110696 0 0 0 0 0 0 0 0 0 0 0 0 0 0 0 6 209 0 0 1058 133 417 333 119 79 236 107 39 11 1470
20150604 13:10:30 3 0 2 3 0 0 0 92 5 6447 5677 0 814 0 3.43 1.90 0.99 8177412 1944400 6233012 0 264788 737188 206124 535332 2879008 8386556 0 8386556 0 0 1800 0 0 533008 0 1809 76 0 0 0 0 55584 469 215 0 2 226 60 0 0 0 0 264 254 70 81 0 0 0 0 0 0 198 198 0 1810 1810 0 134 134 158435 1856 0 111661 0 0 0 0 0 0 0 0 0 0 0 0 0 0 0 7 134 0 0 1249 190 410 243 105 74 225 107 39 11 1470
20150604 13:10:40 2 0 1 3 0 0 0 94 3 4532 3219 0 814 0 2.90 1.84 0.98 8177412 1950232 6227180 0 264788 737828 210336 535640 2879008 8386556 0 8386556 0 0 1752 0 0 533664 0 792 49 0 0 0 0 59060 469 215 0 2 226 81 0 0 0 0 206 196 48 58 0 0 0 0 0 0 107 107 0 792 792 0 50 50 159609 1856 0 112247 0 0 0 0 0 0 0 0 0 0 0 0 0 0 0 9 105 0 0 1148 259 420 243 107 70 203 107 39 11 1470
20150604 13:10:50 7 0 5 3 0 0 0 85 12 10525 12827 0 808 0 2.45 1.78 0.97 8177412 1947696 6229716 0 264788 734252 205812 534892 2876952 8386556 0 8386556 0 0 4072 0 0 530024 0 4606 322 2 0 0 0 53388 466 212 0 5 223 81 0 0 0 0 664 567 554 156 0 0 0 0 0 0 476 476 0 4606 4606 0 217 217 161447 1856 0 113160 0 0 0 0 0 0 0 0 0 0 0 0 0 0 0 5 260 0 0 1023 267 454 304 137 82 191 107 39 11 1470
20150604 13:11:00 6 0 4 4 0 0 0 85 11 11301 12221 0 808 0 3.19 1.95 1.04 8177412 1963136 6214276 0 264788 742644 208104 536692 2879000 8386556 0 8386556 0 0 5636 0 0 538076 0 3552 190 1 0 0 0 54676 466 212 0 5 223 81 0 0 0 0 674 588 555 154 0 0 0 0 0 0 413 413 0 3552 3552 0 137 137 163191 1856 0 114032 0 0 0 0 0 0 0 0 0 0 0 0 0 0 0 6 273 0 0 451 30 146 295 126 73 174 107 39 11 1470
20150604 13:11:10 3 0 2 2 0 0 0 93 5 5834 4562 6 808 0 3.10 1.97 1.05 8177412 1959180 6218232 0 264792 730848 210264 538176 2880024 8386556 0 8386556 0 0 964 0 0 526920 0 2034 2193 1 0 0 0 55828 466 212 0 3 223 136 0 0 0 0 251 220 79 76 0 0 0 0 0 0 162 162 0 1990 1990 0 85 85 164867 1856 0 114811 0 0 0 0 0 0 0 0 0 0 0 0 0 0 0 9 117 0 0 2054 540 346 209 117 72 150 107 39 11 1470
20150604 13:11:20 6 0 5 1 0 0 0 87 11 9665 12706 0 808 0 2.62 1.91 1.04 8177412 1968456 6208956 0 264792 735052 210132 540928 2882072 8386556 0 8386556 0 0 4900 0 0 530776 0 3749 221 1 0 0 0 54660 466 212 0 3 223 62 0 0 0 0 675 597 540 159 0 0 0 0 0 0 392 392 0 3406 3406 0 150 150 166487 1856 0 115678 0 0 0 0 0 0 0 0 0 0 0 0 0 0 0 6 285 0 0 500 340 420 301 146 79 118 107 39 11 1470
20150604 13:11:30 2 0 2 3 0 0 0 93 4 5358 4248 1 807 0 3.10 2.04 1.09 8177412 1977456 6199956 0 264792 736140 214040 541472 2882072 8386556 0 8386556 0 0 5032 0 0 531868 0 1153 358 0 0 0 0 57604 466 212 0 3 223 92 0 0 0 0 217 218 56 70 0 0 0 0 0 0 151 151 0 1541 1541 0 96 96 168005 1824 0 116433 0 0 0 0 0 0 0 0 0 0 0 0 0 0 0 5 111 0 0 501 258 373 197 113 75 113 106 39 11 1470
20150604 13:11:40 5 0 4 1 0 0 0 90 9 8921 10522 0 807 0 2.62 1.97 1.08 8177412 1992236 6185176 0 264796 743884 218532 540904 2882072 8386556 0 8386556 0 0 4648 0 0 539376 0 2681 122 0 0 0 0 61100 466 212 0 3 223 61 0 0 0 0 625 496 538 135 0 0 0 0 0 0 368 368 0 2681 2681 0 18 18 169583 1824 0 117222 0 0 0 0 0 0 0 0 0 0 0 0 0 0 0 7 224 0 0 483 41 166 149 100 71 87 106 39 11 1470
20150604 13:11:50 5 0 4 3 0 0 0 88 9 8168 9604 0 807 1 2.37 1.94 1.08 8177412 2003364 6174048 0 264796 749276 220688 542152 2883096 8386556 0 8386556 0 0 4320 0 0 544548 0 3537 114 0 0 0 0 61968 466 212 0 0 223 90 0 0 0 0 532 424 373 129 0 0 0 0 0 0 335 335 0 3378 3378 0 203 203 171591 1824 0 118227 0 0 0 0 0 0 0 0 0 0 0 0 0 0 0 11 207 0 0 471 26 134 144 106 65 53 103 39 11 1470
20150604 13:12:00 3 0 2 2 0 0 0 93 5 7872 5825 0 807 0 3.18 2.14 1.16 8177412 2010660 6166752 0 264796 752336 219832 541896 2884120 8386556 0 8386556 0 0 6696 0 0 547548 0 1920 109 0 0 0 0 60004 466 212 0 0 223 60 0 0 0 0 358 278 230 81 0 0 0 0 0 0 226 226 0 2079 2079 0 125 125 173237 1824 0 119050 0 0 0 0 0 0 0 0 0 0 0 0 0 0 0 6 139 0 0 472 28 132 39 116 69 40 100 39 11 1470
20150604 13:12:10 3 0 3 3 0 0 0 91 6 6008 5839 6 807 0 2.69 2.07 1.14 8177412 2009100 6168312 0 264800 744372 217808 543880 2886168 8386556 0 8386556 0 0 480 0 0 539592 0 2854 2244 1 0 0 0 56552 466 212 0 0 223 61 0 0 0 0 258 250 71 86 0 0 0 0 0 0 198 198 0 2854 2854 0 103 103 175249 1856 0 120055 0 0 0 0 0 0 0 0 0 0 0 0 0 0 0 8 127 0 0 1360 363 276 133 104 73 24 89 39 11 1470
20150604 13:12:20 2 0 2 2 0 0 0 93 5 6026 4678 0 807 0 2.28 2.00 1.13 8177412 2015924 6161488 0 264800 741492 224244 544412 2886168 8386556 0 8386556 0 0 1524 0 0 536936 0 1718 63 0 0 0 0 61872 466 212 0 0 223 82 0 0 0 0 245 240 66 74 0 0 0 0 0 0 154 154 0 1407 1407 0 191 191 177077 1856 0 120967 0 0 0 0 0 0 0 0 0 0 0 0 0 0 0 6 122 0 0 1461 629 294 96 65 60 21 84 38 11 1470
20150604 13:12:30 6 0 4 5 0 0 0 85 10 9576 10940 0 807 0 2.82 2.13 1.18 8177412 2024528 6152884 0 264800 749748 221864 545892 2887224 8386556 0 8386556 0 0 5024 0 0 544864 0 3524 155 0 0 0 0 58636 466 212 0 0 223 61 0 0 0 0 640 583 544 149 0 0 0 0 0 0 421 421 0 3712 3712 0 144 144 178391 1856 0 121625 0 0 0 0 0 0 0 0 0 0 0 0 0 0 0 8 259 0 0 479 107 288 81 71 66 23 81 38 11 1470
20150604 13:12:40 7 0 5 4 0 0 0 84 12 9852 11965 0 807 0 2.63 2.11 1.19 8177412 2035568 6141844 0 264800 746912 226948 556144 2891448 8386556 0 8386556 0 0 4272 0 0 542072 0 3641 481 2 0 0 0 62568 466 212 0 0 223 60 0 0 0 0 672 579 556 158 0 0 0 0 0 0 373 373 0 3621 3621 0 61 61 180180 1856 0 122519 0 0 0 0 0 0 0 0 0 0 0 0 0 0 0 6 263 0 0 478 284 224 106 50 62 18 67 36 11 1470
20150604 13:12:50 2 0 2 1 0 0 0 95 4 5317 4532 0 807 0 2.22 2.04 1.17 8177412 2035904 6141508 0 264800 742740 228408 549668 2891448 8386556 0 8386556 0 0 3000 0 0 537860 0 1734 58 0 0 0 0 62996 466 212 0 0 223 100 0 0 0 0 231 218 61 73 0 0 0 0 0 0 163 163 0 1688 1688 0 116 116 181844 1856 0 123346 0 0 0 0 0 0 0 0 0 0 0 0 0 0 0 5 116 0 0 942 422 230 114 55 66 17 59 36 11 1470
20150604 13:13:00 7 0 5 5 0 0 0 83 12 11316 13186 0 807 0 3.06 2.23 1.25 8177412 2045612 6131800 0 264800 742988 231084 551556 2893532 8386556 0 8386556 0 0 2160 0 0 538064 0 4133 234 1 0 0 0 64524 466 212 0 0 223 60 0 0 0 0 725 669 571 175 0 0 0 0 0 0 457 457 0 4322 4322 0 148 148 183646 1856 0 124242 0 0 0 0 0 0 0 0 0 0 0 0 0 0 0 9 309 0 0 714 264 315 74 28 52 19 54 34 11 1470
20150604 13:13:10 6 0 5 1 0 0 0 88 11 9820 11934 6 807 0 2.59 2.16 1.23 8177412 2056600 6120812 0 264804 746984 234128 551748 2893532 8386556 0 8386556 0 0 6536 0 0 542056 0 2777 2214 0 0 0 0 66572 466 212 0 0 223 67 0 0 0 0 592 575 494 153 0 0 0 0 0 0 385 385 0 2777 2777 0 68 68 185182 1856 0 125014 0 0 0 0 0 0 0 0 0 0 0 0 0 0 0 8 252 0 0 669 187 252 89 39 43 19 38 33 11 1470
20150604 13:13:20 2 0 2 3 0 0 0 92 5 6696 5000 0 807 1 2.19 2.09 1.22 8177412 2063300 6114112 0 264804 748772 236376 552916 2893532 8386556 0 8386556 0 0 7384 0 0 543892 0 1650 60 0 0 0 0 67752 466 212 0 0 223 57 0 0 0 0 290 244 122 78 0 0 0 0 0 0 174 174 0 1650 1650 0 92 92 186868 1856 0 125856 0 0 0 0 0 0 0 0 0 0 0 0 0 0 0 7 132 0 0 635 198 248 113 42 41 19 26 32 11 1470
20150604 13:13:30 3 0 3 4 0 0 0 90 6 6896 6429 0 807 0 2.00 2.05 1.22 8177412 2069212 6108200 0 264804 746404 238020 552544 2894556 8386556 0 8386556 0 0 1412 0 0 541760 0 3030 96 0 0 0 0 67868 466 212 0 0 223 61 0 0 0 0 299 276 84 99 0 0 0 0 0 0 238 238 0 3030 3030 0 215 215 189238 1856 0 127040 0 0 0 0 0 0 0 0 0 0 0 0 0 0 0 10 149 0 0 588 391 294 69 29 25 18 25 29 11 1470
20150604 13:13:40 5 0 4 5 0 0 0 86 9 9427 9515 0 807 0 1.77 2.00 1.21 8177412 2071912 6105500 0 264804 749304 234712 553488 2894556 8386556 0 8386556 0 0 828 0 0 544452 0 3472 173 1 0 0 0 63760 466 212 0 0 223 109 0 0 0 0 638 525 536 132 0 0 0 0 0 0 313 313 0 3190 3190 0 75 75 190382 1856 0 127613 0 0 0 0 0 0 0 0 0 0 0 0 0 0 0 6 241 0 0 1047 173 191 135 50 9 18 24 27 11 1470
20150604 13:13:50 2 0 2 4 0 0 0 92 4 5285 4109 0 807 1 2.54 2.15 1.27 8177412 2076860 6100552 0 264804 750264 236568 554300 2894556 8386556 0 8386556 0 0 504 0 0 545424 0 1758 54 0 0 0 0 64700 466 212 0 0 223 61 0 0 0 0 206 187 56 64 0 0 0 0 0 0 185 185 0 1973 1973 0 176 176 191836 1856 0 128332 0 0 0 0 0 0 0 0 0 0 0 0 0 0 0 4 98 0 0 913 202 189 111 48 5 20 21 25 11 1470
20150604 13:14:00 3 0 2 4 0 0 0 91 5 6772 5322 0 807 0 3.11 2.29 1.32 8177412 2079828 6097584 0 264804 743016 240536 554652 2895580 8386556 0 8386556 0 0 1484 0 0 538372 0 1784 116 1 0 0 0 67424 466 212 0 0 223 61 0 0 0 0 257 249 67 84 0 0 0 0 0 0 223 223 0 1851 1851 0 97 97 193822 1856 0 129330 0 0 0 0 0 0 0 0 0 0 0 0 0 0 0 7 135 0 0 914 391 253 113 41 10 19 16 22 11 1470
20150604 13:14:10 3 0 3 4 0 0 0 91 5 5193 5560 6 807 0 3.51 2.41 1.37 8177412 2091636 6085776 0 264804 744512 245036 555604 2895580 8386556 0 8386556 0 0 1692 0 0 539872 0 1583 2150 0 0 0 0 70776 466 212 0 0 223 114 0 0 0 0 252 234 66 78 0 0 0 0 0 0 195 195 0 1583 1583 0 113 113 195646 1856 0 130242 0 0 0 0 0 0 0 0 0 0 0 0 0 0 0 9 127 0 0 700 302 255 112 49 12 18 17 13 10 1470
20150604 13:14:20 8 0 7 4 0 0 0 80 15 13836 17031 0 806 0 3.85 2.52 1.42 8177412 2107408 6070004 0 264804 754076 243860 560616 2899676 8386556 0 8386556 0 0 7092 0 0 548884 0 4605 321 1 0 0 0 68456 466 212 0 0 223 61 0 0 0 0 1044 824 1019 201 0 0 0 0 0 0 598 598 0 4605 4605 0 75 75 197292 1856 0 131062 0 0 0 0 0 0 0 0 0 0 0 0 0 0 0 9 355 0 0 497 30 154 79 35 6 7 12 12 11 1469
20150604 13:14:30 7 0 5 9 0 0 0 78 12 10888 13354 0 806 1 4.29 2.66 1.48 8177412 2116636 6060776 0 264804 753644 243824 565444 2905820 8386556 0 8386556 0 0 2012 0 0 548496 0 5307 327 1 0 0 0 67288 466 212 0 0 223 68 0 0 0 0 648 635 520 172 0 0 0 0 0 0 507 507 0 5306 5306 0 234 234 198956 1856 0 131894 0 0 0 0 0 0 0 0 0 0 0 0 0 0 0 7 276 0 0 916 114 155 67 40 6 7 9 12 10 1467
20150604 13:14:40 2 0 2 4 0 0 0 91 5 6602 5185 0 806 0 4.74 2.81 1.54 8177412 2125696 6051716 0 264804 751672 250912 565516 2905820 8386556 0 8386556 0 0 1572 0 0 546708 0 1132 61 0 0 0 0 73328 466 212 0 0 223 60 0 0 0 0 262 230 109 76 0 0 0 0 0 0 173 173 0 1134 1134 0 48 48 200610 1856 0 132720 0 0 0 0 0 0 0 0 0 0 0 0 0 0 0 5 119 0 0 835 195 200 65 31 6 7 11 12 7 1466
20150604 13:14:50 2 0 2 8 0 0 0 88 5 5501 5330 1 808 0 4.90 2.90 1.58 8177412 2126864 6050548 0 264808 748792 250000 566672 2906844 8386556 0 8386556 0 0 1080 0 0 544128 0 2311 375 0 0 0 0 71224 466 212 0 0 223 124 0 0 0 0 243 222 76 77 0 0 0 0 0 0 214 214 0 2092 2092 0 181 181 202484 1824 0 133651 0 0 0 0 0 0 0 0 0 0 0 0 0 0 0 6 112 0 0 970 287 257 76 65 19 8 10 11 6 1465
20150604 13:15:00 3 0 2 9 0 0 0 86 5 7583 5161 0 808 0 5.34 3.06 1.65 8177412 2133508 6043904 0 264808 750264 251204 566376 2906844 8386556 0 8386556 0 0 1452 0 0 545592 0 2533 73 0 0 0 0 71144 466 212 0 0 223 60 0 0 0 0 256 252 62 85 0 0 0 0 0 0 264 264 0 2752 2752 0 194 194 204520 1824 0 134673 0 0 0 0 0 0 0 0 0 0 0 0 0 0 0 4 136 0 0 696 310 253 83 30 7 8 10 11 7 1464
20150604 13:15:10 3 0 3 1 0 0 0 93 6 6682 5431 7 808 0 4.52 2.96 1.63 8177412 2140360 6037052 0 264812 748112 254872 566000 2906844 8386556 0 8386556 0 0 2636 0 0 543648 0 1389 2239 0 0 0 0 73656 466 212 0 0 223 69 0 0 0 0 292 248 139 80 0 0 0 0 0 0 191 191 0 1389 1389 0 68 68 206296 1856 0 135569 0 0 0 0 0 0 0 0 0 0 0 0 0 0 0 5 129 0 0 780 330 284 115 54 13 7 6 10 7 1462
20150604 13:15:20 4 0 3 9 0 0 0 84 7 7785 7144 0 808 0 4.71 3.06 1.68 8177412 2135680 6041732 0 264812 741300 251588 568396 2908892 8386556 0 8386556 0 0 524 0 0 536784 0 3645 368 2 0 0 0 69564 466 212 0 0 223 93 0 0 0 0 524 359 435 96 0 0 0 0 0 0 289 289 0 3462 3462 0 128 128 207583 1856 0 136207 0 0 0 0 0 0 0 0 0 0 0 0 0 0 0 9 181 0 0 1200 306 301 204 88 13 9 7 11 7 1461
20150604 13:15:30 2 0 2 12 0 0 0 84 4 6469 4850 0 808 0 4.21 3.01 1.67 8177412 2143896 6033516 0 264812 742516 255052 568944 2908924 8386556 0 8386556 0 0 1240 0 0 537944 0 2161 58 0 0 0 0 71900 466 212 0 0 223 61 0 0 0 0 232 221 62 73 0 0 0 0 0 0 272 272 0 2345 2345 0 188 188 209293 1856 0 137062 0 0 0 0 0 0 0 0 0 0 0 0 0 0 0 5 115 0 0 915 338 311 130 54 9 8 7 13 9 1459
20150604 13:15:40 2 0 2 3 0 0 0 92 5 8426 6295 0 808 0 4.67 3.14 1.73 8177412 2150392 6027020 0 264812 744052 257732 568296 2908924 8386556 0 8386556 0 0 2808 0 0 539632 0 1752 69 0 0 0 0 74108 466 212 0 0 223 61 0 0 0 0 519 309 490 72 0 0 0 0 0 0 218 218 0 1752 1752 0 22 22 210379 1856 0 137605 0 0 0 0 0 0 0 0 0 0 0 0 0 0 0 5 147 0 0 483 262 356 134 55 10 7 7 12 9 1458
20150604 13:15:50 2 0 2 7 0 0 0 89 4 5045 3586 0 808 0 4.03 3.06 1.72 8177412 2155196 6022216 0 264812 745268 258912 569124 2910076 8386556 0 8386556 0 0 848 0 0 540808 0 1911 70 0 0 0 0 74252 466 212 0 0 223 60 0 0 0 0 228 227 53 65 0 0 0 0 0 0 154 154 0 1911 1911 0 144 144 211697 1856 0 138264 0 0 0 0 0 0 0 0 0 0 0 0 0 0 0 7 126 0 0 478 126 364 149 72 13 5 7 11 9 1457
20150604 13:16:00 2 0 2 12 0 0 0 83 5 5356 5226 0 808 0 3.56 2.99 1.71 8177412 2160048 6017364 0 264812 746428 259024 570368 2910076 8386556 0 8386556 0 0 1200 0 0 541968 0 2367 60 0 0 0 0 73188 466 212 0 0 223 61 0 0 0 0 211 199 61 74 0 0 0 0 0 0 257 257 0 2258 2258 0 162 162 213485 1856 0 139158 0 0 0 0 0 0 0 0 0 0 0 0 0 0 0 6 105 0 0 478 42 348 168 77 17 6 6 10 9 1456
20150604 13:16:10 2 0 2 7 0 0 0 89 5 5602 4136 6 808 0 3.09 2.91 1.70 8177412 2168456 6008956 0 264812 747348 260812 569648 2910076 8386556 0 8386556 0 0 548 0 0 542908 0 1660 2141 0 0 0 0 74092 466 212 0 0 223 60 0 0 0 0 214 202 53 66 0 0 0 0 0 0 173 173 0 1575 1575 0 120 120 214909 1856 0 139869 0 0 0 0 0 0 0 0 0 0 0 0 0 0 0 7 104 0 0 535 93 273 181 76 13 6 5 11 7 1455
20150604 13:16:20 2 0 2 3 0 0 0 92 5 5916 5014 0 808 0 2.61 2.81 1.68 8177412 2181528 5995884 0 264812 744788 270640 572248 2912124 8386556 0 8386556 0 0 1892 0 0 540632 0 528 120 0 0 0 0 82716 466 212 0 0 223 60 0 0 0 0 239 228 67 83 0 0 0 0 0 0 134 134 0 723 723 0 11 11 216827 1856 0 140826 0 0 0 0 0 0 0 0 0 0 0 0 0 0 0 4 119 0 0 741 161 217 118 58 10 7 3 12 8 1452
20150604 13:16:30 6 0 4 15 0 0 0 75 11 11464 11404 0 808 0 3.87 3.08 1.78 8177412 2168972 6008440 0 264812 736608 260612 575108 2915200 8386556 0 8386556 0 0 892 0 0 532316 0 5686 495 3 0 0 0 72112 466 212 0 0 223 56 0 0 0 0 638 569 542 140 0 0 0 0 0 0 533 533 0 5686 5686 0 255 255 217779 1824 0 141298 0 0 0 0 0 0 0 0 0 0 0 0 0 0 0 4 264 0 0 984 210 243 209 129 36 10 5 10 8 1452
20150604 13:16:40 2 0 2 0 0 0 0 96 4 6021 4361 0 808 0 3.51 3.03 1.78 8177412 2173028 6004384 0 264812 734380 264340 575540 2915200 8386556 0 8386556 0 0 2624 0 0 530476 0 847 58 0 0 0 0 75152 466 212 0 0 223 85 0 0 0 0 331 258 200 68 0 0 0 0 0 0 142 142 0 847 847 0 8 8 218895 1824 0 141854 0 0 0 0 0 0 0 0 0 0 0 0 0 0 0 6 138 0 0 1074 322 268 162 83 36 12 4 9 8 1452
20150604 13:16:50 3 0 3 5 0 0 0 88 7 8260 7966 0 808 0 3.13 2.96 1.77 8177412 2186296 5991116 0 264812 739416 268532 574832 2915200 8386556 0 8386556 0 0 688 0 0 535380 0 3031 84 0 0 0 0 78052 466 212 0 0 223 61 0 0 0 0 494 346 370 104 0 0 0 0 0 0 303 303 0 2841 2841 0 139 139 220899 1824 0 142856 0 0 0 0 0 0 0 0 0 0 0 0 0 0 0 9 176 0 0 763 288 238 226 85 27 10 5 7 7 1450
20150604 13:17:00 9 0 7 17 0 1 0 65 18 14472 19398 0 808 0 3.19 2.98 1.79 8177412 2199896 5977516 0 264812 750224 267708 576684 2916224 8386556 0 8386556 0 0 4676 0 0 545848 0 5366 251 1 0 0 0 76492 466 212 0 0 223 62 0 0 0 0 1095 928 1040 226 0 0 0 0 0 0 718 718 0 5556 5556 0 119 119 222267 1824 0 143542 0 0 0 0 0 0 0 0 0 0 0 0 0 0 0 9 416 0 0 477 29 131 98 107 30 11 6 4 7 1449
20150604 13:17:10 3 0 3 0 0 0 0 94 5 5776 4583 7 808 0 2.70 2.88 1.77 8177412 2211900 5965512 0 264816 751836 273544 576036 2916224 8386556 0 8386556 0 0 5352 0 0 547168 0 1012 2234 0 0 0 0 81072 466 212 0 0 223 62 0 0 0 0 268 250 66 78 0 0 0 0 0 0 131 131 0 801 801 0 40 40 223997 1856 0 144407 0 0 0 0 0 0 0 0 0 0 0 0 0 0 0 8 137 0 0 588 161 181 154 80 29 14 5 4 4 1447
20150604 13:17:20 2 0 2 12 0 0 0 84 4 6124 4383 0 808 0 3.40 3.02 1.82 8177412 2218584 5958828 0 264816 752604 276444 575780 2916224 8386556 0 8386556 0 0 532 0 0 548092 0 1977 65 0 0 0 0 83160 466 212 0 0 223 60 0 0 0 0 209 197 57 67 0 0 0 0 0 0 200 200 0 2090 2090 0 130 130 225565 1856 0 145191 0 0 0 0 0 0 0 0 0 0 0 0 0 0 0 4 103 0 0 478 153 194 86 70 28 15 5 4 6 1445
20150604 13:17:30 2 0 2 13 0 0 0 82 5 6218 5067 0 808 0 3.91 3.15 1.88 8177412 2218564 5958848 0 264816 749852 275548 576352 2917248 8386556 0 8386556 0 0 1876 0 0 545364 0 2429 63 0 0 0 0 80936 466 212 0 0 223 61 0 0 0 0 234 225 64 78 0 0 0 0 0 0 253 253 0 2527 2527 0 187 187 227347 1856 0 146081 0 0 0 0 0 0 0 0 0 0 0 0 0 0 0 6 115 0 0 806 267 177 90 76 29 16 4 4 5 1445
20150604 13:17:40 2 0 2 2 0 0 0 94 4 4364 3864 0 808 0 3.31 3.04 1.86 8177412 2227756 5949656 0 264816 751004 279364 578608 2919296 8386556 0 8386556 0 0 1140 0 0 546492 0 1317 111 0 0 0 0 83856 466 212 0 0 223 81 0 0 0 0 201 185 52 64 0 0 0 0 0 0 151 151 0 1180 1180 0 73 73 228763 1856 0 146789 0 0 0 0 0 0 0 0 0 0 0 0 0 0 0 6 99 0 0 517 96 188 111 78 29 17 5 6 2 1444
20150604 13:17:50 2 0 2 14 0 0 0 82 5 5771 4517 0 808 0 4.20 3.24 1.93 8177412 2231244 5946168 0 264816 748088 280928 579412 2919296 8386556 0 8386556 0 0 1340 0 0 543664 0 1682 75 0 0 0 0 84520 466 161 0 21 223 149 0 0 0 0 229 225 61 67 0 0 0 0 0 0 188 188 0 1819 1819 0 131 131 230465 1856 0 147639 0 0 0 0 0 0 0 0 0 0 0 0 0 0 0 10 105 0 0 687 255 176 96 89 31 15 6 6 3 1442
20150604 13:18:00 3 0 2 14 0 0 0 80 6 6063 5183 0 808 0 3.86 3.20 1.94 8177412 2225556 5951856 0 264816 741208 276660 579452 2920320 8386556 0 8386556 0 0 1824 0 0 536812 0 3059 310 2 0 0 0 79032 466 161 0 21 223 109 0 0 0 0 215 205 61 73 0 0 0 0 0 0 282 282 0 3059 3059 0 197 197 232199 1856 0 148501 0 0 0 0 0 0 0 0 0 0 0 0 0 0 0 5 103 0 0 1068 379 268 123 107 38 15 6 5 3 1442
20150604 13:18:10 2 0 2 7 0 0 0 88 5 5554 3911 6 808 0 3.34 3.11 1.92 8177412 2236620 5940792 0 264820 742448 281200 580668 2921344 8386556 0 8386556 0 0 788 0 0 538092 0 1453 2165 0 0 0 0 82608 466 161 0 21 223 109 0 0 0 0 221 212 57 70 0 0 0 0 0 0 140 140 0 1327 1327 0 77 77 233719 1824 0 149260 0 0 0 0 0 0 0 0 0 0 0 0 0 0 0 6 113 0 0 565 380 283 152 89 29 15 5 6 3 1440
20150604 13:18:20 4 0 4 8 0 0 0 83 9 9206 9617 0 808 0 3.49 3.15 1.95 8177412 2244280 5933132 0 264820 744772 283444 580588 2921344 8386556 0 8386556 0 0 3192 0 0 540136 0 3050 131 1 0 0 0 83688 466 161 0 21 223 140 0 0 0 0 600 435 527 120 0 0 0 0 0 0 375 375 0 3176 3176 0 111 111 235423 1824 0 150112 0 0 0 0 0 0 0 0 0 0 0 0 0 0 0 9 204 0 0 477 125 229 135 81 29 15 6 6 5 1438
20150604 13:18:30 6 0 5 18 0 0 0 70 12 11316 12212 0 808 0 3.74 3.22 1.98 8177412 2247000 5930412 0 264820 741592 282340 584944 2925440 8386556 0 8386556 0 0 1488 0 0 536952 0 5001 462 2 0 0 0 81728 466 161 0 21 223 110 0 0 0 0 671 610 554 154 0 0 0 0 0 0 536 536 0 4963 4963 0 192 192 236737 1824 0 150764 0 0 0 0 0 0 0 0 0 0 0 0 0 0 0 5 275 0 0 1446 266 212 129 60 13 14 7 6 5 1437
20150604 13:18:40 6 0 5 6 0 0 0 82 11 10553 12625 0 808 0 3.38 3.16 1.98 8177412 2261696 5915716 0 264820 746716 285952 588356 2928512 8386556 0 8386556 0 0 5152 0 0 541884 0 3540 242 1 0 0 0 84252 466 161 0 21 223 113 0 0 0 0 760 601 702 155 0 0 0 0 0 0 490 490 0 3578 3578 0 84 84 238495 1824 0 151644 0 0 0 0 0 0 0 0 0 0 0 0 0 0 0 8 266 0 0 479 29 146 64 29 13 15 5 5 6 1436
20150604 13:18:50 3 0 3 0 0 0 0 94 6 6757 6137 0 808 0 2.86 3.05 1.95 8177412 2269664 5907748 0 264820 747144 290060 587524 2928512 8386556 0 8386556 0 0 7328 0 0 542216 0 1377 70 0 0 0 0 87344 466 161 0 0 223 107 0 0 0 0 447 302 351 90 0 0 0 0 0 0 195 195 0 1377 1377 0 3 3 240067 1824 0 152428 0 0 0 0 0 0 0 0 0 0 0 0 0 0 0 5 149 0 0 591 99 177 102 36 4 12 7 5 5 1434
20150604 13:19:00 5 0 4 18 0 0 0 72 10 10599 11507 0 807 0 3.71 3.23 2.02 8177412 2271216 5906196 0 264820 750924 285440 588412 2928512 8386556 0 8386556 0 0 4788 0 0 546092 0 5071 128 0 0 0 0 81848 466 161 0 0 223 109 0 0 0 0 641 554 543 139 0 0 0 0 0 0 510 510 0 4556 4556 0 254 254 241353 1824 0 153019 0 0 0 0 0 0 0 0 0 0 0 0 0 0 0 6 254 0 0 721 126 150 114 66 14 9 4 6 3 1434
20150604 13:19:10 3 0 3 3 0 0 0 91 6 5605 5938 6 807 0 3.22 3.14 2.01 8177412 2280428 5896984 0 264824 749816 290824 589704 2930560 8386556 0 8386556 0 0 7328 0 0 545132 0 1013 2200 0 0 0 0 86388 466 161 0 0 223 108 0 0 0 0 290 303 155 87 0 0 0 0 0 0 166 166 0 1528 1528 0 12 12 242617 1824 0 153697 0 0 0 0 0 0 0 0 0 0 0 0 0 0 0 5 137 0 0 550 180 215 82 32 5 9 3 7 4 1432
20150604 13:19:20 11 0 8 7 0 1 0 73 20 16580 23164 0 807 0 3.92 3.29 2.07 8177412 2295636 5881776 0 264824 760488 288904 593912 2934816 8386556 0 8386556 0 0 6052 0 0 555012 0 7178 394 2 0 0 0 83516 466 161 0 0 223 125 0 0 0 0 1384 1025 1412 253 0 0 0 0 0 0 790 790 0 7043 7043 0 127 127 243805 1824 0 154286 0 0 0 0 0 0 0 0 0 0 0 0 0 0 0 9 431 0 0 494 35 132 69 34 7 6 4 3 2 1431
20150604 13:19:30 3 0 3 14 0 0 0 80 6 7905 5527 0 807 0 4.35 3.41 2.12 8177412 2307024 5870388 0 264824 761704 295024 594448 2934816 8386556 0 8386556 0 0 5748 0 0 556196 0 2160 67 0 0 0 0 88268 466 161 0 0 223 108 0 0 0 0 272 271 69 89 0 0 0 0 0 0 264 264 0 2295 2295 0 138 138 245953 1824 0 155367 0 0 0 0 0 0 0 0 0 0 0 0 0 0 0 9 147 0 0 506 43 137 53 29 6 5 4 5 2 1428
20150604 13:19:40 3 0 3 2 0 0 0 92 6 4800 6290 0 808 0 3.68 3.30 2.10 8177412 2315656 5861756 0 264828 758960 301024 593600 2934816 8386556 0 8386556 0 0 1640 0 0 553472 0 2179 107 1 0 0 0 92648 466 161 0 0 223 107 0 0 0 0 278 250 81 95 0 0 0 0 0 0 218 218 0 2179 2179 0 83 83 248305 1824 0 156543 0 0 0 0 0 0 0 0 0 0 0 0 0 0 0 5 133 0 0 637 167 197 80 28 8 5 2 6 4 1424
20150604 13:19:50 2 0 2 14 0 0 0 82 4 5758 3868 0 807 0 4.88 3.57 2.20 8177412 2317688 5859724 0 264828 759984 299612 594548 2934816 8386556 0 8386556 0 0 1004 0 0 554468 0 2094 58 0 0 0 0 90264 466 161 0 0 223 134 0 0 0 0 222 208 64 65 0 0 0 0 0 0 167 167 0 1906 1906 0 171 171 249795 1824 0 157279 0 0 0 0 0 0 0 0 0 0 0 0 0 0 0 5 104 0 0 577 101 201 135 60 12 7 4 5 5 1422
20150604 13:20:00 3 0 2 17 0 0 0 78 5 7132 5555 0 807 0 5.96 3.83 2.30 8177412 2321264 5856148 0 264828 761080 297392 593252 2934816 8386556 0 8386556 0 0 1332 0 0 555588 0 3071 67 0 0 0 0 87020 466 161 0 0 223 142 0 0 0 0 246 246 63 76 0 0 0 0 0 0 331 331 0 3224 3224 0 241 241 251770 1824 0 158269 0 0 0 0 0 0 0 0 0 0 0 0 0 0 0 6 123 0 0 479 57 171 113 67 14 6 2 4 5 1422
20150604 13:20:10 2 0 2 6 0 0 0 89 5 5589 4525 6 807 0 6.09 3.92 2.34 8177412 2332968 5844444 0 264828 762512 302928 594560 2934816 8386556 0 8386556 0 0 1616 0 0 557004 0 838 2131 0 0 0 0 91420 466 161 0 0 223 114 0 0 0 0 220 210 57 69 0 0 0 0 0 0 119 119 0 774 774 0 35 35 253219 1888 0 158989 0 0 0 0 0 0 0 0 0 0 0 0 0 0 0 6 116 0 0 565 115 185 65 28 10 8 7 7 4 1419
20150604 13:20:20 2 0 2 10 0 0 0 85 5 5854 4575 0 807 0 5.22 3.81 2.32 8177412 2332772 5844640 0 264828 758856 303752 593896 2934816 8386556 0 8386556 0 0 1036 0 0 553296 0 2085 83 1 0 0 0 91204 466 161 0 0 223 140 0 0 0 0 224 216 55 72 0 0 0 0 0 0 230 230 0 2183 2183 0 140 140 254823 1888 0 159800 0 0 0 0 0 0 0 0 0 0 0 0 0 0 0 7 114 0 0 952 212 222 82 26 15 7 4 5 4 1419
20150604 13:20:30 4 0 4 13 0 0 0 78 9 9084 10352 0 807 0 6.34 4.08 2.43 8177412 2337372 5840040 0 264828 761828 301816 593700 2934816 8386556 0 8386556 0 0 4692 0 0 556432 0 3715 103 0 0 0 0 88232 466 161 0 0 223 147 0 0 0 0 659 453 575 120 0 0 0 0 0 0 442 442 0 3686 3686 0 172 172 256673 1856 0 160680 0 0 0 0 0 0 0 0 0 0 0 0 0 0 0 5 205 0 0 487 245 203 133 47 20 9 4 2 4 1418
20150604 13:20:40 4 0 3 9 0 0 0 83 8 9473 8830 0 807 0 7.06 4.31 2.52 8177412 2346748 5830664 0 264832 764488 304120 595688 2934816 8386556 0 8386556 0 0 1732 0 0 559192 0 3636 124 0 0 0 0 89304 466 161 0 0 223 142 0 0 0 0 577 402 479 110 0 0 0 0 0 0 381 381 0 3566 3566 0 142 142 258338 1856 0 161529 0 0 0 0 0 0 0 0 0 0 0 0 0 0 0 7 196 0 0 486 34 178 100 35 4 3 3 3 3 1418
20150604 13:20:50 10 0 7 1 0 0 0 83 17 13871 18570 0 807 0 6.06 4.18 2.50 8177412 2365444 5811968 0 264832 766632 311388 599124 2940064 8386556 0 8386556 0 0 7448 0 0 561232 0 3961 340 2 0 0 0 95260 466 161 0 0 223 108 0 0 0 0 1053 834 1029 221 0 0 0 0 0 0 612 612 0 4060 4060 0 0 0 260119 1856 0 162444 0 0 0 0 0 0 0 0 0 0 0 0 0 0 0 5 375 0 0 532 66 198 82 24 2 5 3 3 6 1412
20150604 13:21:00 5 0 4 25 0 0 0 66 9 9721 10265 0 806 1 7.21 4.48 2.61 8177412 2367464 5809948 0 264832 769220 305924 601376 2943136 8386556 0 8386556 0 0 544 0 0 563420 0 5737 188 1 0 0 0 88892 466 161 0 0 223 145 0 0 0 0 675 474 589 118 0 0 0 0 0 0 496 496 0 4944 4944 0 293 293 261658 1856 0 163140 0 0 0 0 0 0 0 0 0 0 0 0 0 0 0 6 207 0 0 476 31 132 103 53 12 4 5 2 6 1411
20150604 13:21:10 5 0 4 5 0 0 0 87 9 8720 8462 7 807 0 6.39 4.40 2.60 8177412 2369536 5807876 0 264836 763144 310324 602352 2943168 8386556 0 8386556 0 0 2752 0 0 557744 0 2165 2198 1 0 0 0 92268 466 161 0 0 223 127 0 0 0 0 542 413 454 111 0 0 0 0 0 0 303 303 0 2958 2958 0 21 21 263049 1888 0 163904 0 0 0 0 0 0 0 0 0 0 0 0 0 0 0 9 182 0 0 825 214 245 93 52 15 10 5 4 3 1410
20150604 13:21:20 8 0 5 2 0 0 0 85 13 11590 14512 0 807 0 5.49 4.27 2.58 8177412 2381796 5795616 0 264836 764104 316376 603244 2944192 8386556 0 8386556 0 0 5784 0 0 559008 0 3454 192 1 0 0 0 97060 466 161 0 0 223 108 0 0 0 0 688 641 573 179 0 0 0 0 0 0 479 479 0 3300 3300 0 86 86 264939 1888 0 164848 0 0 0 0 0 0 0 0 0 0 0 0 0 0 0 8 282 0 0 834 131 225 122 44 17 11 5 6 4 1406
20150604 13:21:30 1 0 1 17 0 0 0 80 3 4988 3217 0 807 0 6.56 4.54 2.69 8177412 2380452 5796960 0 264836 764680 312684 603100 2944192 8386556 0 8386556 0 0 512 0 0 559564 0 2411 53 0 0 0 0 92856 466 161 0 0 223 109 0 0 0 0 177 177 41 47 0 0 0 0 0 0 183 183 0 2565 2565 0 161 161 265939 1888 0 165348 0 0 0 0 0 0 0 0 0 0 0 0 0 0 0 4 91 0 0 832 152 226 105 67 25 10 6 7 3 1406
20150604 13:21:40 1 0 1 0 0 0 0 99 1 3808 1572 0 807 0 5.55 4.39 2.66 8177412 2378000 5799412 0 264840 760444 313976 602908 2944192 8386556 0 8386556 0 0 632 0 0 555340 0 349 61 1 0 0 0 93796 466 161 0 0 223 125 0 0 0 0 120 120 21 28 0 0 0 0 0 0 33 33 0 349 349 0 0 0 266303 1888 0 165530 0 0 0 0 0 0 0 0 0 0 0 0 0 0 0 3 63 0 0 985 212 297 117 83 26 9 6 6 3 1406
20150604 13:21:50 0 0 0 7 0 0 0 93 0 4401 884 0 807 0 4.78 4.26 2.64 8177412 2373652 5803760 0 264840 760444 310592 602912 2944192 8386556 0 8386556 0 0 232 0 0 555352 0 981 28 0 0 0 0 90408 466 161 0 0 223 109 0 0 0 0 101 100 11 11 0 0 0 0 0 0 92 92 0 862 862 0 76 76 266303 1888 0 165530 0 0 0 0 0 0 0 0 0 0 0 0 0 0 0 2 59 0 0 1064 247 316 175 104 29 9 6 6 3 1406
20150604 13:22:00 0 0 0 1 0 0 0 98 0 3308 701 0 807 0 4.04 4.12 2.61 8177412 2373220 5804192 0 264840 760452 310556 602908 2944192 8386556 0 8386556 0 0 24 0 0 555352 0 136 28 0 0 0 0 90372 466 161 0 0 223 105 0 0 0 0 74 74 8 8 0 0 0 0 0 0 34 34 0 256 256 0 9 9 266303 1888 0 165530 0 0 0 0 0 0 0 0 0 0 0 0 0 0 0 1 40 0 0 1082 251 318 178 105 29 9 6 6 3 1406
20150604 13:22:10 0 0 0 0 0 0 0 99 1 5046 886 6 807 0 3.42 3.98 2.58 8177412 2375900 5801512 0 264840 760476 310600 602912 2944192 8386556 0 8386556 0 0 92 0 0 555368 0 11 2103 0 0 0 0 90340 466 161 0 0 223 129 0 0 0 0 104 106 11 11 0 0 0 0 0 0 2 2 0 11 11 0 1 1 266311 1888 0 165538 0 0 0 0 0 0 0 0 0 0 0 0 0 0 0 3 58 0 0 1000 322 363 104 91 30 8 6 6 3 1406
20150604 13:22:20 0 0 0 0 0 0 0 100 0 3501 655 0 807 0 2.90 3.85 2.55 8177412 2374164 5803248 0 264840 760476 310600 602912 2944192 8386556 0 8386556 0 0 92 0 0 555368 0 0 28 0 0 0 0 90340 466 161 0 0 223 109 0 0 0 0 82 80 9 9 0 0 0 0 0 0 0 0 0 0 0 0 0 0 266311 1888 0 165538 0 0 0 0 0 0 0 0 0 0 0 0 0 0 0 2 47 0 0 1129 293 375 127 96 30 8 6 6 3 1406
20150604 13:22:30 0 0 0 0 0 0 0 100 0 3905 685 0 807 0 2.45 3.73 2.52 8177412 2373776 5803636 0 264840 760476 310600 602908 2944192 8386556 0 8386556 0 0 44 0 0 555368 0 7 28 0 0 0 0 90340 466 161 0 0 223 129 0 0 0 0 86 87 9 9 0 0 0 0 0 0 1 1 0 7 7 0 0 0 266311 1888 0 165538 0 0 0 0 0 0 0 0 0 0 0 0 0 0 0 2 49 0 0 1145 286 366 138 98 30 8 6 6 3 1406
20150604 13:22:40 0 0 0 0 0 0 0 100 0 3730 673 0 808 0 2.07 3.60 2.50 8177412 2373768 5803644 0 264840 760476 310600 602908 2944192 8386556 0 8386556 0 0 4 0 0 555364 0 6 34 0 0 0 0 90340 466 161 0 0 223 109 0 0 0 0 81 81 9 9 0 0 0 0 0 0 2 2 0 6 6 0 0 0 266311 1888 0 165538 0 0 0 0 0 0 0 0 0 0 0 0 0 0 0 2 43 0 0 1129 285 367 140 98 30 8 6 6 3 1406
20150604 13:22:50 0 0 0 0 0 0 0 100 0 4167 693 0 808 0 1.75 3.49 2.47 8177412 2373620 5803792 0 264840 760476 310588 602908 2944192 8386556 0 8386556 0 0 4 0 0 555360 0 0 28 0 0 0 0 90328 466 161 0 0 223 109 0 0 0 0 92 92 10 10 0 0 0 0 0 0 0 0 0 0 0 0 0 0 266311 1888 0 165538 0 0 0 0 0 0 0 0 0 0 0 0 0 0 0 2 52 0 0 1132 300 368 140 98 30 8 6 6 3 1406
20150604 13:23:00 0 0 0 0 0 0 0 100 0 4880 782 0 808 0 1.48 3.37 2.44 8177412 2373588 5803824 0 264840 760480 310588 602912 2944192 8386556 0 8386556 0 0 20 0 0 555352 0 2 28 0 0 0 0 90328 466 161 0 0 223 109 0 0 0 0 117 118 13 13 0 0 0 0 0 0 1 1 0 2 2 0 0 0 266311 1888 0 165538 0 0 0 0 0 0 0 0 0 0 0 0 0 0 0 3 71 0 0 1124 302 367 142 98 30 8 6 6 3 1406
20150604 13:23:10 1 0 0 0 0 0 0 99 1 4018 829 6 808 0 1.26 3.26 2.42 8177412 2376564 5800848 0 264840 760504 310668 602908 2944192 8386556 0 8386556 0 0 88 0 0 555368 0 9 2105 0 0 0 0 90328 466 161 0 0 223 109 0 0 0 0 96 96 10 10 0 0 0 0 0 0 2 2 0 9 9 0 1 1 266319 1888 0 165546 0 0 0 0 0 0 0 0 0 0 0 0 0 0 0 2 53 0 0 1036 309 357 93 93 29 9 5 6 3 1406
20150604 13:23:20 0 0 0 0 0 0 0 100 0 4563 769 0 808 0 1.06 3.15 2.39 8177412 2374704 5802708 0 264840 760504 310668 602912 2944192 8386556 0 8386556 0 0 88 0 0 555368 0 0 28 0 0 0 0 90328 466 161 0 0 223 109 0 0 0 0 110 110 12 12 0 0 0 0 0 0 0 0 0 0 0 0 0 0 266319 1888 0 165546 0 0 0 0 0 0 0 0 0 0 0 0 0 0 0 3 66 0 0 1089 306 378 119 97 29 9 5 6 3 1406
20150604 13:23:30 0 0 0 0 0 0 0 100 0 4362 795 0 808 0 0.90 3.05 2.37 8177412 2374240 5803172 0 264840 760504 310668 602912 2944192 8386556 0 8386556 0 0 48 0 0 555368 0 6 28 0 0 0 0 90328 466 161 0 0 223 109 0 0 0 0 119 119 13 13 0 0 0 0 0 0 1 1 0 6 6 0 0 0 266319 1856 0 165546 0 0 0 0 0 0 0 0 0 0 0 0 0 0 0 3 71 0 0 1111 299 371 130 100 29 9 5 6 3 1406
20150604 13:23:40 0 0 0 0 0 0 0 100 0 3808 758 0 808 0 0.76 2.95 2.34 8177412 2374168 5803244 0 264840 760504 310668 602908 2944192 8386556 0 8386556 0 0 0 0 0 555360 0 6 28 0 0 0 0 90328 466 161 0 0 223 109 0 0 0 0 106 106 11 11 0 0 0 0 0 0 1 1 0 6 6 0 0 0 266319 1824 0 165546 0 0 0 0 0 0 0 0 0 0 0 0 0 0 0 3 61 0 0 1123 302 371 130 100 29 9 5 6 3 1406
20150604 13:23:50 0 0 0 0 0 0 0 100 0 4807 811 0 808 0 0.64 2.85 2.32 8177412 2374148 5803264 0 264840 760504 310668 602908 2944192 8386556 0 8386556 0 0 4 0 0 555360 0 0 28 0 0 0 0 90328 466 161 0 0 223 129 0 0 0 0 120 120 13 13 0 0 0 0 0 0 0 0 0 0 0 0 0 0 266319 1824 0 165546 0 0 0 0 0 0 0 0 0 0 0 0 0 0 0 3 70 0 0 1120 302 369 130 101 29 9 5 6 3 1406
20150604 13:24:00 0 0 0 0 0 0 0 100 0 4483 774 0 808 0 0.54 2.76 2.29 8177412 2374116 5803296 0 264840 760512 310668 602908 2944192 8386556 0 8386556 0 0 24 0 0 555360 0 2 28 0 0 0 0 90328 466 161 0 0 223 109 0 0 0 0 110 111 12 12 0 0 0 0 0 0 0 0 0 2 2 0 0 0 266319 1824 0 165546 0 0 0 0 0 0 0 0 0 0 0 0 0 0 0 3 64 0 0 1122 303 368 131 101 29 9 5 6 3 1406
20150604 13:24:10 1 0 0 0 0 0 0 99 1 4070 801 6 808 0 0.46 2.67 2.27 8177412 2376348 5801064 0 264840 760540 310668 602912 2944192 8386556 0 8386556 0 0 96 0 0 555380 0 8 2110 0 0 0 0 90328 466 161 0 0 223 109 0 0 0 0 89 90 10 10 0 0 0 0 0 0 1 1 0 8 8 0 1 1 266319 1856 0 165546 0 0 0 0 0 0 0 0 0 0 0 0 0 0 0 2 47 0 0 980 329 353 96 93 29 9 5 6 3 1406
20150604 13:24:20 0 0 0 0 0 0 0 99 1 4604 752 0 808 0 0.39 2.58 2.24 8177412 2374612 5802800 0 264840 760540 310668 602912 2944192 8386556 0 8386556 0 0 96 0 0 555380 0 0 28 0 0 0 0 90328 466 161 0 0 223 129 0 0 0 0 109 109 12 12 0 0 0 0 0 0 0 0 0 0 0 0 0 0 266319 1856 0 165546 0 0 0 0 0 0 0 0 0 0 0 0 0 0 0 2 59 0 0 1123 340 374 123 93 29 9 5 6 3 1406
20150604 13:24:30 0 0 0 0 0 0 0 100 0 4641 725 0 808 0 0.33 2.49 2.22 8177412 2374196 5803216 0 264840 760540 310668 602908 2944192 8386556 0 8386556 0 0 52 0 0 555380 0 6 28 0 0 0 0 90328 466 161 0 0 223 109 0 0 0 0 101 101 11 11 0 0 0 0 0 0 1 1 0 6 6 0 0 0 266319 1856 0 165546 0 0 0 0 0 0 0 0 0 0 0 0 0 0 0 3 61 0 0 1146 337 376 127 94 29 9 5 6 3 1406
20150604 13:24:40 0 0 0 0 0 0 0 99 0 4710 780 0 808 0 0.28 2.41 2.20 8177412 2374164 5803248 0 264848 760540 310668 602912 2944192 8386556 0 8386556 0 0 68 0 0 555380 0 4 28 0 0 0 0 90328 466 161 0 0 223 129 0 0 0 0 118 118 13 13 0 0 0 0 0 0 0 0 0 4 4 0 1 1 266319 1856 0 165546 0 0 0 0 0 0 0 0 0 0 0 0 0 0 0 3 69 0 0 1134 335 374 131 94 29 9 5 6 3 1406
20150604 13:24:50 0 0 0 0 0 0 0 100 0 4356 755 0 808 0 0.24 2.33 2.17 8177412 2374148 5803264 0 264848 760540 310668 602908 2944192 8386556 0 8386556 0 0 4 0 0 555380 0 7 28 0 0 0 0 90328 466 161 0 0 223 109 0 0 0 0 108 108 12 12 0 0 0 0 0 0 1 1 0 7 7 0 0 0 266319 1856 0 165546 0 0 0 0 0 0 0 0 0 0 0 0 0 0 0 3 62 0 0 1128 332 374 133 94 29 9 5 6 3 1406
20150604 13:25:00 0 0 0 0 0 0 0 100 0 4062 666 0 808 0 0.20 2.25 2.15 8177412 2374008 5803404 0 264848 760548 310668 602912 2944192 8386556 0 8386556 0 0 24 0 0 555380 0 2 28 0 0 0 0 90328 466 161 0 0 223 161 0 0 0 0 83 84 9 9 0 0 0 0 0 0 0 0 0 2 2 0 0 0 266319 1856 0 165546 0 0 0 0 0 0 0 0 0 0 0 0 0 0 0 2 44 0 0 1139 328 376 136 94 29 9 5 6 3 1406
20150604 13:25:10 0 0 0 0 0 0 0 99 1 5188 880 7 808 0 0.17 2.18 2.12 8177412 2376100 5801312 0 264848 760572 310624 602908 2944192 8386556 0 8386556 0 0 92 0 0 555400 0 8 2196 0 0 0 0 90288 466 161 0 0 223 109 0 0 0 0 118 118 12 12 0 0 0 0 0 0 1 1 0 8 8 0 1 1 266319 1888 0 165546 0 0 0 0 0 0 0 0 0 0 0 0 0 0 0 2 68 0 0 1015 314 355 120 96 28 7 5 6 3 1406
20150604 13:25:20 0 0 0 0 0 0 0 99 1 4681 782 1 808 0 0.14 2.11 2.10 8177412 2374860 5802552 0 264848 760632 310624 602884 2942136 8386556 0 8386556 0 0 160 0 0 555456 0 7 29 0 0 0 0 90288 466 167 0 0 223 120 0 0 0 0 109 102 13 45 0 0 0 0 0 0 1 1 0 7 7 0 0 0 266325 1888 0 165552 0 0 0 0 0 0 0 0 0 0 0 0 0 0 0 5 61 0 0 1042 306 361 152 99 28 8 5 6 3 1406
20150604 13:25:30 0 0 0 0 0 0 0 100 0 3809 730 0 807 0 0.12 2.04 2.08 8177412 2374212 5803200 0 264848 760632 310624 602880 2942136 8386556 0 8386556 0 0 96 0 0 555456 0 19 28 0 0 0 0 90288 466 167 0 0 223 123 0 0 0 0 102 102 12 11 0 0 0 0 0 0 3 3 0 19 19 0 0 0 266317 1888 0 165544 0 0 0 0 0 0 0 0 0 0 0 0 0 0 0 2 56 0 0 1036 296 363 155 101 28 8 5 6 3 1406
20150604 13:25:40 0 0 0 0 0 0 0 99 0 4855 703 0 807 0 0.10 1.97 2.06 8177412 2374072 5803340 0 264852 760632 310624 602884 2942136 8386556 0 8386556 0 0 8 0 0 555456 0 19 28 0 0 0 0 90288 466 167 0 0 223 103 0 0 0 0 100 101 11 11 0 0 0 0 0 0 4 4 0 19 19 0 1 1 266317 1888 0 165544 0 0 0 0 0 0 0 0 0 0 0 0 0 0 0 3 61 0 0 1049 297 362 156 100 27 9 5 6 3 1406
20150604 13:25:50 0 0 0 0 0 0 0 100 0 4427 707 0 807 0 0.09 1.91 2.04 8177412 2374056 5803356 0 264852 760632 310624 602884 2942136 8386556 0 8386556 0 0 8 0 0 555456 0 0 28 0 0 0 0 90288 466 167 0 0 223 103 0 0 0 0 97 98 10 10 0 0 0 0 0 0 0 0 0 0 0 0 0 0 266317 1888 0 165544 0 0 0 0 0 0 0 0 0 0 0 0 0 0 0 2 55 0 0 1039 292 364 158 100 27 9 5 6 3 1406
20150604 13:26:00 0 0 0 0 0 0 0 99 1 4873 793 0 807 0 0.07 1.84 2.01 8177412 2373916 5803496 0 264852 760632 310624 602884 2942136 8386556 0 8386556 0 0 20 0 0 555456 0 6 28 0 0 0 0 90288 466 167 0 0 223 103 0 0 0 0 114 114 12 12 0 0 0 0 0 0 1 1 0 6 6 0 0 0 266317 1856 0 165544 0 0 0 0 0 0 0 0 0 0 0 0 0 0 0 3 65 0 0 1052 289 361 163 100 27 9 5 6 3 1406
20150604 13:26:10 0 0 0 0 0 0 0 99 1 3652 832 6 807 0 0.06 1.78 1.99 8177412 2376860 5800552 0 264856 760656 310692 602884 2942136 8386556 0 8386556 0 0 84 0 0 555476 0 9 2101 0 0 0 0 90284 466 167 0 0 223 103 0 0 0 0 91 92 10 10 0 0 0 0 0 0 2 2 0 9 9 0 1 1 266317 1856 0 165544 0 0 0 0 0 0 0 0 0 0 0 0 0 0 0 2 48 0 0 1021 311 369 93 92 27 9 5 6 3 1406
20150604 13:26:20 0 0 0 0 0 0 0 100 0 3602 698 0 805 0 0.05 1.72 1.97 8177412 2375052 5802360 0 264856 760656 310688 602884 2942136 8386556 0 8386556 0 0 40 0 0 555472 0 5 29 0 0 0 0 90280 466 167 0 0 223 103 0 0 0 0 90 91 10 10 0 0 0 0 0 0 1 1 0 5 5 0 0 0 266301 1856 0 165528 0 0 0 0 0 0 0 0 0 0 0 0 0 0 0 2 53 0 0 1165 332 372 115 93 27 9 5 6 3 1406
20150604 13:26:30 0 0 0 0 0 0 0 100 0 3857 768 0 805 0 0.04 1.67 1.95 8177412 2374448 5802964 0 264856 760656 310688 602880 2942136 8386556 0 8386556 0 0 4 0 0 555472 0 6 28 0 0 0 0 90280 466 167 0 0 223 123 0 0 0 0 112 113 12 12 0 0 0 0 0 0 1 1 0 6 6 0 0 0 266301 1856 0 165528 0 0 0 0 0 0 0 0 0 0 0 0 0 0 0 3 65 0 0 1176 340 368 130 93 27 9 5 6 3 1406
20150604 13:26:40 0 0 0 0 0 0 0 100 0 5282 733 0 805 0 0.04 1.61 1.93 8177412 2374372 5803040 0 264856 760656 310688 602880 2942136 8386556 0 8386556 0 0 8 0 0 555472 0 2 28 0 0 0 0 90280 466 167 0 0 223 103 0 0 0 0 102 101 11 11 0 0 0 0 0 0 1 1 0 2 2 0 0 0 266301 1856 0 165528 0 0 0 0 0 0 0 0 0 0 0 0 0 0 0 3 62 0 0 1172 338 366 133 93 27 9 5 6 3 1406
20150604 13:26:50 0 0 0 0 0 0 0 100 0 5833 833 0 805 0 0.03 1.56 1.91 8177412 2374356 5803056 0 264856 760656 310684 602880 2942136 8386556 0 8386556 0 0 4 0 0 555472 0 0 28 0 0 0 0 90276 466 167 0 0 223 123 0 0 0 0 132 132 14 14 0 0 0 0 0 0 0 0 0 0 0 0 0 0 266301 1856 0 165528 0 0 0 0 0 0 0 0 0 0 0 0 0 0 0 4 79 0 0 1154 333 366 137 93 27 9 5 6 3 1406
20150604 13:27:00 0 0 0 0 0 0 0 100 0 4640 674 0 805 0 0.03 1.51 1.89 8177412 2374216 5803196 0 264856 760664 310684 602884 2942136 8386556 0 8386556 0 0 28 0 0 555472 0 2 29 0 0 0 0 90276 466 167 0 0 223 103 0 0 0 0 89 90 9 10 0 0 0 0 0 0 1 1 0 2 2 0 0 0 266301 1856 0 165528 0 0 0 0 0 0 0 0 0 0 0 0 0 0 0 2 52 0 0 1159 330 365 140 94 27 9 5 6 3 1406
20150604 13:27:10 1 0 0 0 0 0 0 99 1 4568 861 6 805 0 0.02 1.46 1.87 8177412 2376076 5801336 0 264856 760688 310672 602884 2942136 8386556 0 8386556 0 0 96 0 0 555492 0 8 2108 0 0 0 0 90236 466 167 0 0 223 135 0 0 0 0 105 105 11 11 0 0 0 0 0 0 1 1 0 8 8 0 1 1 266301 1856 0 165528 0 0 0 0 0 0 0 0 0 0 0 0 0 0 0 2 58 0 0 1028 339 358 133 93 31 9 3 6 3 1406
20150604 13:27:20 0 0 0 0 0 0 0 100 0 4077 704 0 805 0 0.02 1.41 1.85 8177412 2374872 5802540 0 264856 760688 310672 602880 2942136 8386556 0 8386556 0 0 48 0 0 555492 0 5 28 0 0 0 0 90236 466 167 0 0 223 123 0 0 0 0 100 100 11 11 0 0 0 0 0 0 1 1 0 5 5 0 0 0 266301 1856 0 165528 0 0 0 0 0 0 0 0 0 0 0 0 0 0 0 2 57 0 0 1063 334 372 143 94 31 9 3 6 3 1406
20150604 13:27:30 0 0 0 0 0 0 0 100 0 5248 803 0 805 0 0.18 1.40 1.84 8177412 2374596 5802816 0 264856 760688 310656 602884 2942136 8386556 0 8386556 0 0 0 0 0 555492 0 7 28 0 0 0 0 90220 466 167 0 0 223 155 0 0 0 0 114 116 12 12 0 0 0 0 0 0 1 1 0 7 7 0 0 0 266301 1824 0 165528 0 0 0 0 0 0 0 0 0 0 0 0 0 0 0 3 64 0 0 1048 338 371 149 96 31 9 3 6 3 1406
20150604 13:27:40 0 0 0 0 0 0 0 100 0 4049 681 0 804 0 0.15 1.35 1.82 8177412 2374448 5802964 0 264860 760688 310656 602880 2942136 8386556 0 8386556 0 0 8 0 0 555492 0 1 28 0 0 0 0 90220 466 167 0 0 223 103 0 0 0 0 91 90 10 9 0 0 0 0 0 0 0 0 0 1 1 0 0 0 266293 1824 0 165520 0 0 0 0 0 0 0 0 0 0 0 0 0 0 0 2 54 0 0 1069 340 372 150 96 31 9 3 6 3 1406
20150604 13:27:50 0 0 0 0 0 0 0 100 0 3792 710 0 804 0 0.13 1.31 1.80 8177412 2374448 5802964 0 264860 760688 310656 602884 2942136 8386556 0 8386556 0 0 8 0 0 555496 0 0 28 0 0 0 0 90220 466 167 0 0 223 123 0 0 0 0 99 100 11 11 0 0 0 0 0 0 0 0 0 0 0 0 0 0 266293 1824 0 165520 0 0 0 0 0 0 0 0 0 0 0 0 0 0 0 2 55 0 0 1059 341 372 151 96 31 9 3 6 3 1406
20150604 13:28:00 0 0 0 0 0 0 0 100 0 5293 780 0 804 0 0.11 1.26 1.78 8177412 2374364 5803048 0 264860 760692 310656 602884 2942136 8386556 0 8386556 0 0 24 0 0 555496 0 2 34 0 0 0 0 90220 466 167 0 0 223 103 0 0 0 0 118 119 13 13 0 0 0 0 0 0 0 0 0 2 2 0 0 0 266293 1824 0 165520 0 0 0 0 0 0 0 0 0 0 0 0 0 0 0 3 69 0 0 1078 342 372 151 96 31 9 3 6 3 1406
20150604 13:28:10 1 0 0 0 0 0 0 99 1 4130 890 6 804 0 0.09 1.22 1.76 8177412 2376844 5800568 0 264860 760716 310724 602884 2942136 8386556 0 8386556 0 0 88 0 0 555512 0 8 2102 0 0 0 0 90236 466 167 0 0 223 103 0 0 0 0 109 109 12 12 0 0 0 0 0 0 1 1 0 8 8 0 1 1 266293 1856 0 165520 0 0 0 0 0 0 0 0 0 0 0 0 0 0 0 3 61 0 0 984 360 367 119 92 28 8 3 6 3 1406
20150604 13:28:20 0 0 0 0 0 0 0 100 0 4885 760 0 804 0 0.08 1.18 1.74 8177412 2375232 5802180 0 264860 760716 310724 602880 2942136 8386556 0 8386556 0 0 44 0 0 555508 0 5 28 0 0 0 0 90236 466 167 0 0 223 103 0 0 0 0 114 114 12 12 0 0 0 0 0 0 1 1 0 5 5 0 0 0 266293 1856 0 165520 0 0 0 0 0 0 0 0 0 0 0 0 0 0 0 3 66 0 0 1095 377 381 137 93 28 8 3 6 3 1406
20150604 13:28:30 0 0 0 0 0 0 0 99 1 4447 734 0 804 0 0.06 1.14 1.72 8177412 2374772 5802640 0 264860 760716 310724 602884 2942136 8386556 0 8386556 0 0 4 0 0 555508 0 6 28 0 0 0 0 90236 466 167 0 0 223 123 0 0 0 0 104 104 11 11 0 0 0 0 0 0 1 1 0 6 6 0 0 0 266293 1856 0 165520 0 0 0 0 0 0 0 0 0 0 0 0 0 0 0 3 59 0 0 1078 369 381 151 94 28 8 3 6 3 1406
20150604 13:28:40 0 0 0 0 0 0 0 100 0 3755 737 0 804 0 0.06 1.12 1.71 8177412 2374616 5802796 0 264864 760716 310724 602880 2942136 8386556 0 8386556 0 0 8 0 0 555508 0 1 28 0 0 0 0 90236 466 167 0 0 223 123 0 0 0 0 106 107 11 11 0 0 0 0 0 0 0 0 0 1 1 0 0 0 266293 1856 0 165520 0 0 0 0 0 0 0 0 0 0 0 0 0 0 0 3 63 0 0 1091 372 382 153 94 28 8 3 6 3 1406
20150604 13:28:50 0 0 0 0 0 0 0 100 0 4349 731 0 804 0 0.05 1.09 1.70 8177412 2374600 5802812 0 264864 760716 310724 602884 2942136 8386556 0 8386556 0 0 8 0 0 555512 0 0 28 0 0 0 0 90236 466 167 0 0 223 103 0 0 0 0 100 100 11 11 0 0 0 0 0 0 0 0 0 0 0 0 0 0 266293 1856 0 165520 0 0 0 0 0 0 0 0 0 0 0 0 0 0 0 2 54 0 0 1079 372 380 152 96 28 8 3 6 3 1406
