################################################################################
# Collectl:   V3.6.0-1  HiRes: 1  Options: -o z -D -P -i 10 -f /mnt/vol2/msevilla/ceph-logs/osd/cpu/ 
# Host:       issdm-40  DaemonOpts: -f /var/log/collectl -r00:00,7 -m -F60 -s+YZ
# Distro:       Platform: H8DMR-82
# Date:       20150604-130345  Secs: 1433448225 TZ: -0700
# SubSys:     bcdfijmnstYZ Options: z Interval: 10:60 NumCPUs: 4  NumBud: 4 Flags: i
# Filters:    NfsFilt:  EnvFilt: 
# HZ:         100  Arch: x86_64-linux-gnu-thread-multi PageSize: 4096
# Cpu:        AuthenticAMD Speed(MHz): 2010.279 Cores: 2  Siblings: 2
# Kernel:     3.4.0-030400-generic  Memory: 8177412 kB  Swap: 8386556 kB
# NumDisks:   5 DiskNames: sda sdb sdc sdd sde
# NumNets:    4 NetNames: eth0:?? eth1:1000 eth2:1000 lo:
# NumSlabs:   132 Version: 2.1
# SCSI:       DA:0:00:00:00 DA:1:00:00:00 DA:2:00:00:00 DA:3:00:00:00 DA:4:00:00:00 CD:6:00:01:00
################################################################################
#Date Time [CPU]User% [CPU]Nice% [CPU]Sys% [CPU]Wait% [CPU]Irq% [CPU]Soft% [CPU]Steal% [CPU]Idle% [CPU]Totl% [CPU]Intrpt/sec [CPU]Ctx/sec [CPU]Proc/sec [CPU]ProcQue [CPU]ProcRun [CPU]L-Avg1 [CPU]L-Avg5 [CPU]L-Avg15 [MEM]Tot [MEM]Used [MEM]Free [MEM]Shared [MEM]Buf [MEM]Cached [MEM]Slab [MEM]Map [MEM]Commit [MEM]SwapTot [MEM]SwapUsed [MEM]SwapFree [MEM]SwapIn [MEM]SwapOut [MEM]Dirty [MEM]Clean [MEM]Laundry [MEM]Inactive [MEM]PageIn [MEM]PageOut [MEM]PageFaults [MEM]PageMajFaults [MEM]HugeTotal [MEM]HugeFree [MEM]HugeRsvd [MEM]SUnreclaim [SOCK]Used [SOCK]Tcp [SOCK]Orph [SOCK]Tw [SOCK]Alloc [SOCK]Mem [SOCK]Udp [SOCK]Raw [SOCK]Frag [SOCK]FragMem [NET]RxPktTot [NET]TxPktTot [NET]RxKBTot [NET]TxKBTot [NET]RxCmpTot [NET]RxMltTot [NET]TxCmpTot [NET]RxErrsTot [NET]TxErrsTot [DSK]ReadTot [DSK]WriteTot [DSK]OpsTot [DSK]ReadKBTot [DSK]WriteKBTot [DSK]KbTot [DSK]ReadMrgTot [DSK]WriteMrgTot [DSK]MrgTot [INODE]NumDentry [INODE]openFiles [INODE]MaxFile% [INODE]used [NFS]ReadsS [NFS]WritesS [NFS]MetaS [NFS]CommitS [NFS]Udp [NFS]Tcp [NFS]TcpConn [NFS]BadAuth [NFS]BadClient [NFS]ReadsC [NFS]WritesC [NFS]MetaC [NFS]CommitC [NFS]Retrans [NFS]AuthRef [TCP]PureAcks [TCP]HPAcks [TCP]Loss [TCP]FTrans [BUD]1Page [BUD]2Pages [BUD]4Pages [BUD]8Pages [BUD]16Pages [BUD]32Pages [BUD]64Pages [BUD]128Pages [BUD]256Pages [BUD]512Pages [BUD]1024Pages
20150604 13:04:10 1 0 1 0 0 0 0 99 1 7067 1003 6 876 0 1.31 0.92 0.48 8177412 2757556 5419856 0 343756 1494592 227756 633852 3033220 8386556 0 8386556 0 0 56 0 0 913008 0 9 2147 0 0 0 0 33564 502 248 0 0 259 104 0 0 0 0 135 135 14 14 0 0 0 0 0 0 2 2 0 9 9 0 1 1 185123 1920 0 125652 0 0 0 0 0 0 0 0 0 0 0 0 0 0 0 4 66 0 0 1770 1421 1328 1058 768 506 261 141 56 31 1214
20150604 13:04:20 0 0 0 0 0 0 0 100 0 6855 846 0 876 0 1.11 0.89 0.48 8177412 2755804 5421608 0 343756 1494592 227756 633880 3033220 8386556 0 8386556 0 0 56 0 0 913008 0 1 36 0 0 0 0 33564 502 248 0 0 259 124 0 0 0 0 126 126 13 13 0 0 0 0 0 0 0 0 0 1 1 0 0 0 185123 1920 0 125652 0 0 0 0 0 0 0 0 0 0 0 0 0 0 0 4 66 0 0 2125 1478 1328 1058 768 506 261 141 56 31 1214
20150604 13:04:30 0 0 0 0 0 0 0 100 0 5955 823 0 876 0 0.94 0.86 0.47 8177412 2755268 5422144 0 343756 1494592 227756 633888 3033220 8386556 0 8386556 0 0 4 0 0 913008 0 8 28 0 0 0 0 33564 502 248 0 0 259 124 0 0 0 0 116 117 12 12 0 0 0 0 0 0 2 2 0 8 8 0 0 0 185123 1920 0 125652 0 0 0 0 0 0 0 0 0 0 0 0 0 0 0 3 58 0 0 2176 1504 1328 1058 768 506 261 141 56 31 1214
20150604 13:04:40 0 0 0 0 0 0 0 99 1 6863 826 0 876 0 0.79 0.83 0.47 8177412 2755236 5422176 0 343756 1494592 227756 633892 3033220 8386556 0 8386556 0 0 4 0 0 913008 0 0 29 0 0 0 0 33564 502 248 0 0 259 104 0 0 0 0 123 124 13 13 0 0 0 0 0 0 0 0 0 0 0 0 0 0 185123 1920 0 125652 0 0 0 0 0 0 0 0 0 0 0 0 0 0 0 4 65 0 0 2166 1513 1328 1058 768 506 261 141 56 31 1214
20150604 13:04:50 0 0 0 0 0 0 0 99 1 7021 868 0 876 0 0.67 0.80 0.46 8177412 2755096 5422316 0 343756 1494592 227756 633888 3033220 8386556 0 8386556 0 0 4 0 0 913008 0 0 29 0 0 0 0 33564 502 248 0 0 259 104 0 0 0 0 132 131 14 14 0 0 0 0 0 0 0 0 0 0 0 0 0 0 185125 1888 0 125652 0 0 0 0 0 0 0 0 0 0 0 0 0 0 0 4 70 0 0 2169 1529 1328 1058 768 506 261 141 56 31 1214
20150604 13:05:00 0 0 0 0 0 0 0 100 0 7102 874 0 876 0 0.57 0.78 0.46 8177412 2755080 5422332 0 343756 1494600 227756 633900 3033220 8386556 0 8386556 0 0 12 0 0 913008 0 2 29 0 0 0 0 33564 502 248 0 0 259 105 0 0 0 0 140 141 15 15 0 0 0 0 0 0 0 0 0 2 2 0 0 0 185127 1888 0 125652 0 0 0 0 0 0 0 0 0 0 0 0 0 0 0 4 71 0 0 2151 1540 1328 1058 768 506 261 141 56 31 1214
20150604 13:05:10 3 0 2 0 0 0 0 94 6 10183 6931 7 876 0 0.48 0.75 0.45 8177412 2742072 5435340 0 343756 1479792 227112 616400 3033352 8386556 0 8386556 0 0 2152 0 0 898024 0 1842 2295 1 0 0 0 33468 502 248 0 0 259 111 0 0 0 0 626 409 635 72 0 0 0 0 0 0 219 219 0 1842 1842 0 1 1 185129 1920 0 125646 0 0 0 0 0 0 0 0 0 0 0 0 0 0 0 7 171 0 0 1456 1746 1404 1102 810 534 275 148 56 32 1213
20150604 13:05:20 1 0 1 0 0 0 0 98 2 8256 3083 0 876 0 0.41 0.73 0.45 8177412 2744288 5433124 0 343756 1483408 227080 616692 3033352 8386556 0 8386556 0 0 92 0 0 901368 0 1045 44 0 0 0 0 33468 502 248 0 0 259 106 0 0 0 0 350 224 307 31 0 0 0 0 0 0 93 93 0 1045 1045 0 1 1 185131 1920 0 125646 0 0 0 0 0 0 0 0 0 0 0 0 0 0 0 4 107 0 0 1346 1715 1374 1085 804 533 276 148 56 32 1213
20150604 13:05:30 0 0 0 0 0 0 0 99 1 7208 1019 0 876 0 0.34 0.70 0.44 8177412 2742868 5434544 0 343756 1483520 227080 616688 3033352 8386556 0 8386556 0 0 196 0 0 901444 0 43 30 0 0 0 0 33468 502 248 0 0 259 98 0 0 0 0 148 140 36 16 0 0 0 0 0 0 8 8 0 43 43 0 0 0 185131 1920 0 125647 0 0 0 0 0 0 0 0 0 0 0 0 0 0 0 4 67 0 0 1549 1758 1373 1086 804 533 276 148 56 32 1213
20150604 13:05:40 3 0 2 0 0 0 0 95 5 9619 6338 0 876 0 0.29 0.68 0.44 8177412 2748336 5429076 0 343756 1489552 227080 617108 3033352 8386556 0 8386556 0 0 60 0 0 907248 0 1573 78 0 0 0 0 33468 502 248 0 0 259 145 0 0 0 0 487 361 461 65 0 0 0 0 0 0 193 193 0 1573 1573 0 0 0 185131 1920 0 125647 0 0 0 0 0 0 0 0 0 0 0 0 0 0 0 11 147 0 0 1445 1664 1372 1086 797 524 270 148 55 32 1213
20150604 13:05:50 3 0 1 2 0 0 0 94 4 7246 1653 0 876 0 0.41 0.69 0.44 8177412 2803548 5373864 0 343756 1494504 228084 664832 3079844 8386556 0 8386556 0 0 3084 0 0 912364 0 5369 2416 5 0 0 0 34140 502 248 0 0 259 103 0 0 0 0 1779 273 2459 27 0 0 0 0 0 0 35 35 0 5369 5369 0 0 0 185461 1920 0 125811 0 0 0 0 0 0 0 0 0 0 0 0 0 0 0 3 60 0 0 1271 779 1041 1011 796 521 273 150 55 36 1201
20150604 13:06:00 6 0 4 0 0 0 0 89 11 11083 11880 0 876 0 0.34 0.67 0.44 8177412 2816860 5360552 0 343756 1502320 229796 663956 3079876 8386556 0 8386556 0 0 5540 0 0 919740 0 2900 137 0 0 0 0 35928 502 248 0 0 259 162 0 0 0 0 648 618 498 162 0 0 0 0 0 0 410 410 0 2900 2900 0 70 70 187001 1920 0 126581 0 0 0 0 0 0 0 0 0 0 0 0 0 0 0 8 259 0 0 847 440 1027 865 794 517 269 145 55 34 1202
20150604 13:06:10 8 0 6 1 0 0 0 86 14 11835 14671 6 876 0 0.77 0.75 0.47 8177412 2833416 5343996 0 343756 1507300 235476 664716 3079908 8386556 0 8386556 0 0 6416 0 0 924392 0 3160 2267 1 0 0 0 41328 502 248 0 0 259 123 0 0 0 0 757 691 634 183 0 0 0 0 0 0 435 435 0 3160 3160 0 1 1 188749 1856 0 127455 0 0 0 0 0 0 0 0 0 0 0 0 0 0 0 9 297 0 0 775 304 704 693 745 525 270 146 56 32 1202
20150604 13:06:20 7 0 5 1 0 0 0 88 12 11538 11771 0 876 0 0.65 0.72 0.46 8177412 2834084 5343328 0 343756 1507076 232744 661988 3079908 8386556 0 8386556 0 0 2296 0 0 923820 0 5212 441 3 0 0 0 38172 502 248 0 0 259 98 0 0 0 0 738 592 562 156 0 0 0 0 0 0 379 379 0 5212 5212 0 240 240 190114 1856 0 128134 0 0 0 0 0 0 0 0 0 0 0 0 0 0 0 7 274 0 0 1471 396 652 822 710 487 271 147 55 32 1202
20150604 13:06:30 5 0 3 0 0 0 0 91 8 10500 9177 0 876 0 0.55 0.70 0.46 8177412 2839424 5337988 0 343756 1512452 231736 662960 3079908 8386556 0 8386556 0 0 5740 0 0 928768 0 2602 108 0 0 0 0 36344 502 248 0 0 259 125 0 0 0 0 523 437 350 118 0 0 0 0 0 0 332 332 0 2601 2601 0 140 140 191422 1856 0 128789 0 0 0 0 0 0 0 0 0 0 0 0 0 0 0 8 210 0 0 805 367 502 857 691 485 270 148 55 32 1202
20150604 13:06:40 3 0 2 1 0 0 0 93 6 9021 6818 0 876 0 1.50 0.89 0.52 8177412 2850484 5326928 0 343756 1515844 234628 662800 3079908 8386556 0 8386556 0 0 704 0 0 932324 0 2718 72 0 0 0 0 38216 502 248 0 0 259 104 0 0 0 0 430 336 261 93 0 0 0 0 0 0 263 263 0 2719 2719 0 119 119 193314 1856 0 129735 0 0 0 0 0 0 0 0 0 0 0 0 0 0 0 9 164 0 0 716 177 315 706 692 483 269 146 55 32 1202
20150604 13:06:50 2 0 2 0 0 0 0 95 5 7306 4936 0 876 0 1.27 0.86 0.52 8177412 2864572 5312840 0 343756 1517188 245032 661972 3079908 8386556 0 8386556 0 0 1860 0 0 933612 0 420 59 0 0 0 0 47208 502 248 0 0 259 104 0 0 0 0 264 251 66 83 0 0 0 0 0 0 121 121 0 420 420 0 0 0 195080 1856 0 130617 0 0 0 0 0 0 0 0 0 0 0 0 0 0 0 8 125 0 0 718 164 269 301 692 483 268 146 55 32 1202
20150604 13:07:00 2 0 2 1 0 0 0 93 5 8250 5047 0 876 0 1.55 0.93 0.54 8177412 2852180 5325232 0 343756 1504888 238068 661924 3079908 8386556 0 8386556 0 0 432 0 0 921636 0 3454 113 1 0 0 0 39068 502 248 0 0 259 104 0 0 0 0 269 262 67 78 0 0 0 0 0 0 216 216 0 3346 3346 0 289 289 196882 1856 0 131517 0 0 0 0 0 0 0 0 0 0 0 0 0 0 0 8 123 0 0 1664 472 266 533 666 486 268 146 55 32 1202
20150604 13:07:10 7 0 5 1 0 0 0 87 12 11806 12664 7 877 0 1.31 0.90 0.54 8177412 2866112 5311300 0 343756 1509392 244016 663140 3079908 8386556 0 8386556 0 0 5260 0 0 925944 0 2365 2228 1 0 0 0 43856 502 248 0 0 259 123 0 0 0 0 713 616 564 168 0 0 0 0 0 0 395 395 0 2473 2473 0 1 1 198778 1888 0 132465 0 0 0 0 0 0 0 0 0 0 0 0 0 0 0 9 270 0 0 729 396 300 277 643 489 269 146 54 32 1202
20150604 13:07:20 2 0 2 0 0 0 0 95 4 7631 3949 0 877 0 1.19 0.89 0.54 8177412 2872724 5304688 0 343756 1510608 247256 662148 3079908 8386556 0 8386556 0 0 1068 0 0 927208 0 2130 61 0 0 0 0 46140 502 248 0 0 259 103 0 0 0 0 264 255 61 74 0 0 0 0 0 0 154 154 0 2102 2102 0 175 175 200294 1888 0 133223 0 0 0 0 0 0 0 0 0 0 0 0 0 0 0 8 127 0 0 720 302 292 226 579 489 269 146 54 32 1202
20150604 13:07:30 2 0 2 2 0 0 0 93 4 8592 4825 0 877 0 2.14 1.10 0.61 8177412 2869376 5308036 0 343756 1507728 242236 662828 3079908 8386556 0 8386556 0 0 1416 0 0 924536 0 2309 58 0 0 0 0 40056 502 248 0 0 259 104 0 0 0 0 257 252 64 71 0 0 0 0 0 0 214 214 0 2338 2338 0 179 179 201988 1888 0 134067 0 0 0 0 0 0 0 0 0 0 0 0 0 0 0 6 117 0 0 799 219 275 230 623 497 269 146 54 32 1202
20150604 13:07:40 16 0 7 2 0 0 0 75 23 7875 4774 24 877 0 2.05 1.12 0.62 8177412 2903144 5274268 0 343756 1516248 246108 680208 3100880 8386556 0 8386556 0 0 6052 0 0 933128 0 6369 23718 5 0 0 0 42808 504 250 0 0 261 124 0 0 0 0 2025 397 2689 86 0 0 0 0 0 0 118 118 0 6369 6369 0 44 44 203313 1888 0 134722 0 0 0 0 0 0 0 0 0 0 0 0 0 0 0 10 112 0 0 1371 538 337 178 565 508 255 152 56 34 1192
20150604 13:07:50 9 0 6 3 0 0 0 81 16 13084 16811 0 876 2 1.97 1.13 0.63 8177412 2907584 5269828 0 343756 1516832 248144 679172 3100888 8386556 0 8386556 0 0 3728 0 0 933120 0 5927 712 5 0 0 0 43984 503 249 0 0 260 125 0 0 0 0 987 743 895 190 0 0 0 0 0 0 524 524 0 5927 5927 0 122 122 204783 1888 0 135453 0 0 0 0 0 0 0 0 0 0 0 0 0 0 0 11 327 0 0 1404 285 189 161 513 510 261 149 57 35 1192
20150604 13:08:00 8 0 6 1 0 0 0 85 14 13113 14947 0 876 0 3.19 1.41 0.72 8177412 2907096 5270316 0 343756 1515216 246572 677852 3100888 8386556 0 8386556 0 0 10732 0 0 931336 0 4372 336 2 0 0 0 41400 503 249 0 0 260 233 0 0 0 0 799 712 668 178 0 0 0 0 0 0 551 551 0 4371 4371 0 191 191 206562 1888 0 136338 0 0 0 0 0 0 0 0 0 0 0 0 0 0 0 7 314 0 0 1218 482 228 156 496 510 261 149 57 35 1192
20150604 13:08:10 4 0 4 1 0 0 0 90 9 10663 8959 6 876 0 3.74 1.58 0.79 8177412 2920816 5256596 0 343756 1518092 252452 678308 3100884 8386556 0 8386556 0 0 6708 0 0 934416 0 2938 2186 0 0 0 0 46372 503 249 0 0 260 105 0 0 0 0 663 461 553 118 0 0 0 0 0 0 285 285 0 2939 2939 0 62 62 208218 1952 0 137170 0 0 0 0 0 0 0 0 0 0 0 0 0 0 0 8 209 0 0 1183 528 252 98 325 500 261 149 57 35 1192
20150604 13:08:20 2 0 2 0 0 0 0 95 5 8184 4700 0 876 0 3.17 1.53 0.78 8177412 2924060 5253352 0 343756 1515212 255692 678636 3100884 8386556 0 8386556 0 0 1568 0 0 931868 0 1861 58 0 0 0 0 48340 503 249 0 0 260 103 0 0 0 0 293 286 69 84 0 0 0 0 0 0 158 158 0 1861 1861 0 86 86 209926 1952 0 138023 0 0 0 0 0 0 0 0 0 0 0 0 0 0 0 10 151 0 0 1088 575 259 140 253 500 261 149 57 35 1192
20150604 13:08:30 2 0 2 1 0 0 0 96 4 7504 3903 0 876 0 3.39 1.62 0.82 8177412 2919600 5257812 0 343756 1512012 251980 678516 3100884 8386556 0 8386556 0 0 800 0 0 928984 0 2471 51 0 0 0 0 43808 503 249 0 0 260 104 0 0 0 0 218 213 51 60 0 0 0 0 0 0 184 184 0 2394 2394 0 230 230 211224 1920 0 138671 0 0 0 0 0 0 0 0 0 0 0 0 0 0 0 5 104 0 0 1452 588 282 204 257 503 261 149 57 35 1192
20150604 13:08:40 2 0 2 0 0 0 0 96 4 7357 3756 0 876 0 2.87 1.57 0.81 8177412 2926928 5250484 0 343756 1512972 256808 678320 3100884 8386556 0 8386556 0 0 928 0 0 929936 0 611 50 0 0 0 0 47856 503 249 0 0 260 105 0 0 0 0 227 214 51 63 0 0 0 0 0 0 123 123 0 688 688 0 24 24 212452 1920 0 139285 0 0 0 0 0 0 0 0 0 0 0 0 0 0 0 8 116 0 0 1319 589 267 148 178 504 261 149 57 35 1192
20150604 13:08:50 2 0 2 0 0 0 0 95 5 8343 4597 0 876 0 2.43 1.52 0.80 8177412 2929708 5247704 0 343756 1509268 259768 678820 3100884 8386556 0 8386556 0 0 1308 0 0 926200 0 1335 87 1 0 0 0 49712 503 249 0 0 260 98 0 0 0 0 257 250 66 79 0 0 0 0 0 0 140 140 0 1335 1335 0 63 63 214228 1920 0 140173 0 0 0 0 0 0 0 0 0 0 0 0 0 0 0 8 119 0 0 1536 669 321 185 161 463 261 149 57 35 1192
20150604 13:09:00 3 0 2 3 0 0 0 92 5 8843 5624 0 876 0 3.74 1.83 0.91 8177412 2935532 5241880 0 343756 1510752 259812 677784 3100884 8386556 0 8386556 0 0 1328 0 0 927636 0 2611 66 0 0 0 0 48556 503 249 0 0 260 104 0 0 0 0 296 299 77 82 0 0 0 0 0 0 230 230 0 2611 2611 0 236 236 216344 1920 0 141231 0 0 0 0 0 0 0 0 0 0 0 0 0 0 0 8 151 0 0 1314 664 310 179 124 445 261 149 57 35 1192
20150604 13:09:10 2 0 2 0 0 0 0 95 4 7436 3568 7 876 0 3.25 1.79 0.90 8177412 2943128 5234284 0 343756 1507896 265244 678360 3100884 8386556 0 8386556 0 0 1432 0 0 925116 0 901 2502 0 0 0 0 53040 503 249 0 0 260 104 0 0 0 0 226 212 52 70 0 0 0 0 0 0 100 100 0 901 901 0 61 61 217624 1920 0 141866 0 0 0 0 0 0 0 0 0 0 0 0 0 0 0 10 109 0 0 1806 697 317 217 132 355 261 149 57 35 1192
20150604 13:09:20 3 0 2 2 0 0 0 92 5 8047 5308 0 876 0 2.97 1.78 0.91 8177412 2942500 5234912 0 343756 1504684 264236 677944 3100884 8386556 0 8386556 0 0 920 0 0 921848 0 2243 92 1 0 0 0 50768 503 249 0 0 260 104 0 0 0 0 273 263 72 86 0 0 0 0 0 0 187 187 0 2243 2243 0 171 171 219596 1920 0 142851 0 0 0 0 0 0 0 0 0 0 0 0 0 0 0 7 132 0 0 1802 793 343 206 135 352 261 149 57 35 1192
20150604 13:09:30 2 0 2 1 0 0 0 96 4 8134 3988 0 876 0 4.03 2.04 1.00 8177412 2943436 5233976 0 343756 1505388 262664 677496 3100884 8386556 0 8386556 0 0 1096 0 0 922608 0 1981 52 0 0 0 0 48452 503 249 0 0 260 104 0 0 0 0 234 232 54 59 0 0 0 0 0 0 173 173 0 1882 1882 0 166 166 220948 1920 0 143526 0 0 0 0 0 0 0 0 0 0 0 0 0 0 0 4 108 0 0 1662 809 353 227 144 336 261 149 57 35 1192
20150604 13:09:40 9 0 5 3 0 0 0 82 15 12198 12476 0 876 0 5.77 2.48 1.16 8177412 2962576 5214836 0 343756 1518584 262396 681252 3101012 8386556 0 8386556 0 0 5180 0 0 935380 0 9421 1078 6 0 0 0 47024 503 249 0 0 260 149 0 0 0 0 2579 810 3317 173 0 0 0 0 0 0 480 480 0 9520 9520 0 92 92 222566 1920 0 144336 0 0 0 0 0 0 0 0 0 0 0 0 0 0 0 13 294 0 0 734 116 246 139 103 319 263 147 57 35 1192
20150604 13:09:50 6 0 4 0 0 0 0 89 10 11162 11543 0 876 0 4.89 2.40 1.15 8177412 2970736 5206676 0 343756 1514872 268640 680404 3101012 8386556 0 8386556 0 0 5312 0 0 931888 0 2970 146 1 0 0 0 51956 503 249 0 0 260 207 0 0 0 0 775 545 665 148 0 0 0 0 0 0 352 352 0 2969 2969 0 0 0 224604 1920 0 145353 0 0 0 0 0 0 0 0 0 0 0 0 0 0 0 8 263 0 0 1320 455 84 174 91 233 263 147 57 35 1192
20150604 13:10:00 3 0 2 1 0 0 0 93 5 8990 5868 0 876 0 5.58 2.62 1.23 8177412 2972056 5205356 0 343756 1513820 266700 681424 3101012 8386556 0 8386556 0 0 596 0 0 931096 0 3597 69 0 0 0 0 49236 503 249 0 0 260 123 0 0 0 0 399 327 222 83 0 0 0 0 0 0 268 268 0 3598 3598 0 286 286 226328 1920 0 146214 0 0 0 0 0 0 0 0 0 0 0 0 0 0 0 6 159 0 0 1271 475 114 143 108 219 263 147 57 35 1192
20150604 13:10:10 7 0 4 1 0 0 0 87 12 10685 10475 6 876 0 4.94 2.58 1.23 8177412 2977580 5199832 0 343756 1509720 273140 680856 3101012 8386556 0 8386556 0 0 3144 0 0 927108 0 3625 2913 5 0 0 0 54324 503 249 0 0 260 104 0 0 0 0 678 506 543 141 0 0 0 0 0 0 325 325 0 3625 3625 0 1 1 228195 1920 0 147146 0 0 0 0 0 0 0 0 0 0 0 0 0 0 0 8 228 0 0 1091 510 194 126 100 174 265 147 57 35 1192
20150604 13:10:20 7 0 6 1 0 0 0 86 13 12594 14193 0 876 0 4.49 2.56 1.24 8177412 2984792 5192620 0 343756 1514240 271080 684332 3103060 8386556 0 8386556 0 0 4112 0 0 931216 0 4734 237 1 0 0 0 51216 503 249 0 0 260 124 0 0 0 0 730 697 574 179 0 0 0 0 0 0 514 514 0 4455 4455 0 242 242 229833 1920 0 147965 0 0 0 0 0 0 0 0 0 0 0 0 0 0 0 8 314 0 0 857 203 227 124 100 141 265 147 57 35 1192
20150604 13:10:30 5 0 4 2 0 0 0 89 9 11021 10071 0 876 4 4.68 2.66 1.29 8177412 2997216 5180196 0 343756 1521132 272312 684704 3104084 8386556 0 8386556 0 0 6444 0 0 937660 0 3024 144 0 0 0 0 51516 503 249 0 0 260 189 0 0 0 0 612 511 482 127 0 0 0 0 0 0 375 375 0 3304 3304 0 118 118 231633 1920 0 148866 0 0 0 0 0 0 0 0 0 0 0 0 0 0 0 8 224 0 0 747 118 11 99 51 115 264 147 57 35 1192
20150604 13:10:40 3 0 2 1 0 0 0 93 6 8612 5640 0 877 0 3.96 2.57 1.27 8177412 2998908 5178504 0 343756 1515740 275260 685336 3105108 8386556 0 8386556 0 0 1148 0 0 932484 0 2269 262 2 0 0 0 53456 503 249 0 0 260 103 0 0 0 0 297 321 128 91 0 0 0 0 0 0 161 161 0 2269 2269 0 71 71 232828 1888 0 149459 0 0 0 0 0 0 0 0 0 0 0 0 0 0 0 6 139 0 0 836 351 172 38 38 87 262 147 57 35 1192
20150604 13:10:50 2 0 2 2 0 0 0 93 5 7104 4360 0 874 0 3.43 2.50 1.26 8177412 3009236 5168176 0 343756 1516700 281700 686528 3105108 8386556 0 8386556 0 0 1368 0 0 933380 0 1100 58 0 0 0 0 58804 501 247 0 2 258 104 0 0 0 0 259 247 65 81 0 0 0 0 0 0 138 138 0 1100 1100 0 79 79 234558 1888 0 150320 0 0 0 0 0 0 0 0 0 0 0 0 0 0 0 7 118 0 0 764 362 171 41 31 73 231 147 57 35 1192
20150604 13:11:00 7 0 5 4 0 0 0 83 12 12593 13599 0 872 0 4.26 2.70 1.34 8177412 3012732 5164680 0 343756 1521084 277004 685624 3105108 8386556 0 8386556 0 0 1660 0 0 937488 0 4913 179 1 0 0 0 53104 500 246 0 3 257 103 0 0 0 0 714 670 570 170 0 0 0 0 0 0 467 467 0 4895 4895 0 229 229 236251 1888 0 151166 0 0 0 0 0 0 0 0 0 0 0 0 0 0 0 10 277 0 0 813 261 95 110 88 70 202 147 57 35 1192
20150604 13:11:10 11 0 8 2 0 1 0 79 20 15988 20345 6 872 0 3.61 2.61 1.33 8177412 3033008 5144404 0 343756 1528140 282260 687020 3107156 8386556 0 8386556 0 0 5116 0 0 943940 0 5191 2403 2 0 0 0 56876 500 246 0 3 257 124 0 0 0 0 1153 959 1062 252 0 0 0 0 0 0 676 676 0 5209 5209 0 54 54 237981 1920 0 152040 0 0 0 0 0 0 0 0 0 0 0 0 0 0 0 9 423 0 0 981 180 54 60 40 56 158 144 57 35 1192
20150604 13:11:20 3 0 3 1 0 0 0 93 7 9746 8087 0 872 0 3.27 2.58 1.33 8177412 3043588 5133824 0 343756 1534284 284464 687812 3107156 8386556 0 8386556 0 0 6208 0 0 949944 0 2420 80 0 0 0 0 58108 500 246 0 3 257 124 0 0 0 0 596 397 510 100 0 0 0 0 0 0 292 292 0 2420 2420 0 86 86 239495 1920 0 152797 0 0 0 0 0 0 0 0 0 0 0 0 0 0 0 6 183 0 0 756 112 9 95 15 21 148 142 57 35 1192
20150604 13:11:30 8 0 5 7 0 0 0 79 13 11264 12080 0 872 0 4.02 2.76 1.40 8177412 3071272 5106140 0 343756 1547484 282168 701680 3123572 8386556 0 8386556 0 0 4648 0 0 962820 0 9955 1284 5 0 0 0 54516 500 246 0 3 257 136 0 0 0 0 2349 711 3045 151 0 0 0 0 0 0 425 425 0 9463 9463 0 209 209 240915 1920 0 153451 0 0 0 0 0 0 0 0 0 0 0 0 0 0 0 6 250 0 0 755 122 10 45 34 21 143 99 53 35 1192
20150604 13:11:40 8 0 6 2 0 1 0 84 14 12606 13975 0 872 0 4.12 2.81 1.43 8177412 3074260 5103152 0 343756 1540940 287840 700216 3123572 8386556 0 8386556 0 0 6348 0 0 956368 0 3709 403 2 0 0 0 58972 500 246 0 3 257 103 0 0 0 0 706 675 571 179 0 0 0 0 0 0 444 444 0 4202 4202 0 71 71 242613 1920 0 154352 0 0 0 0 0 0 0 0 0 0 0 0 0 0 0 11 282 0 0 1256 258 132 130 34 13 117 99 52 34 1192
20150604 13:11:50 2 0 2 0 0 0 0 95 5 8133 5260 0 872 0 3.56 2.74 1.42 8177412 3081640 5095772 0 343756 1538124 294000 701792 3123572 8386556 0 8386556 0 0 2920 0 0 953728 0 1409 68 0 0 0 0 63940 500 246 0 0 257 103 0 0 0 0 284 266 71 84 0 0 0 0 0 0 155 155 0 1409 1409 0 57 57 244501 1920 0 155294 0 0 0 0 0 0 0 0 0 0 0 0 0 0 0 10 134 0 0 1513 323 172 97 19 12 88 99 52 34 1192
20150604 13:12:00 2 0 2 3 0 0 0 93 4 8223 4731 0 872 0 4.39 2.94 1.50 8177412 3077376 5100036 0 343756 1538896 286900 701888 3123572 8386556 0 8386556 0 0 1000 0 0 954496 0 3186 57 0 0 0 0 55832 500 246 0 0 257 123 0 0 0 0 245 239 61 70 0 0 0 0 0 0 237 237 0 3186 3186 0 270 270 246117 1920 0 156101 0 0 0 0 0 0 0 0 0 0 0 0 0 0 0 6 117 0 0 1487 331 183 160 62 17 83 99 52 34 1192
20150604 13:12:10 7 0 6 1 0 0 0 86 13 12281 13751 6 872 0 3.71 2.85 1.49 8177412 3089716 5087696 0 343756 1539832 290740 702844 3125752 8386556 0 8386556 0 0 2320 0 0 955232 0 3330 2306 1 0 0 0 58528 500 246 0 0 257 109 0 0 0 0 759 647 635 172 0 0 0 0 0 0 438 438 0 3329 3329 0 25 25 247921 1888 0 157004 0 0 0 0 0 0 0 0 0 0 0 0 0 0 0 9 290 0 0 1452 440 128 117 41 19 67 88 52 34 1192
20150604 13:12:20 4 0 3 3 0 0 0 89 8 9738 8185 0 872 0 3.14 2.75 1.47 8177412 3087900 5089512 0 343756 1531672 292852 703536 3126776 8386556 0 8386556 0 0 616 0 0 947292 0 3432 168 2 0 0 0 59580 500 246 0 0 257 104 0 0 0 0 575 408 453 113 0 0 0 0 0 0 312 312 0 3433 3433 0 164 164 249629 1888 0 157857 0 0 0 0 0 0 0 0 0 0 0 0 0 0 0 6 194 0 0 1529 445 154 194 64 29 49 89 52 34 1192
20150604 13:12:30 2 0 2 1 0 0 0 96 3 7551 3794 0 872 0 4.58 3.06 1.59 8177412 3085520 5091892 0 343756 1528372 291764 703312 3126776 8386556 0 8386556 0 0 812 0 0 944236 0 1752 50 0 0 0 0 57872 500 246 0 0 257 124 0 0 0 0 230 227 51 58 0 0 0 0 0 0 174 174 0 1752 1752 0 150 150 250883 1888 0 158482 0 0 0 0 0 0 0 0 0 0 0 0 0 0 0 6 112 0 0 1605 559 241 199 90 32 40 89 52 34 1192
20150604 13:12:40 2 0 2 1 0 0 0 94 5 7850 4826 0 872 0 4.84 3.16 1.63 8177412 3094824 5082588 0 343756 1529752 297072 703912 3126776 8386556 0 8386556 0 0 556 0 0 945704 0 1418 65 0 0 0 0 62040 498 244 0 2 255 104 0 0 0 0 279 260 68 78 0 0 0 0 0 0 146 146 0 1274 1274 0 96 96 252663 1888 0 159370 0 0 0 0 0 0 0 0 0 0 0 0 0 0 0 8 131 0 0 1403 562 252 203 80 31 16 85 52 34 1192
20150604 13:12:50 5 0 4 0 0 0 0 91 9 10150 10028 0 872 0 4.09 3.05 1.62 8177412 3107964 5069448 0 343756 1537304 300216 704820 3126776 8386556 0 8386556 0 0 3380 0 0 952976 0 2614 111 0 0 0 0 63976 498 244 0 2 255 104 0 0 0 0 648 494 536 133 0 0 0 0 0 0 327 327 0 2471 2471 0 62 62 254295 1888 0 160185 0 0 0 0 0 0 0 0 0 0 0 0 0 0 0 9 228 0 0 820 147 186 255 91 36 12 69 52 34 1192
20150604 13:13:00 2 0 2 2 0 0 0 94 4 8038 4275 0 872 6 4.42 3.15 1.66 8177412 3106000 5071412 0 343756 1534172 297460 703740 3126776 8386556 0 8386556 0 0 3360 0 0 950064 0 2222 54 0 0 0 0 60340 498 244 0 2 255 135 0 0 0 0 276 259 64 71 0 0 0 0 0 0 194 194 0 2426 2426 0 221 221 255825 1888 0 160893 0 0 0 0 0 0 0 0 0 0 0 0 0 0 0 8 127 0 0 865 324 197 248 102 42 11 67 52 34 1192
20150604 13:13:10 12 0 7 1 0 0 0 79 20 14556 18920 6 872 0 3.97 3.10 1.66 8177412 3116140 5061272 0 343756 1533264 303052 704756 3126808 8386556 0 8386556 0 0 4668 0 0 949256 0 6486 3354 7 0 0 0 64852 498 244 0 2 255 103 0 0 0 0 1143 805 1036 215 0 0 0 0 0 0 608 608 0 6570 6570 0 18 18 257463 1888 0 161758 0 0 0 0 0 0 0 0 0 0 0 0 0 0 0 8 372 0 0 1331 307 331 274 61 27 11 51 50 34 1192
20150604 13:13:20 11 0 7 1 0 0 0 81 18 13426 17148 0 872 0 4.69 3.29 1.74 8177412 3126740 5050672 0 343756 1539852 301600 706384 3128856 8386556 0 8386556 0 0 12796 0 0 955756 0 9878 1109 6 0 0 0 62172 498 244 0 2 255 180 0 0 0 0 2738 943 3493 213 0 0 0 0 0 0 523 523 0 9878 9878 0 48 48 259109 1888 0 162580 0 0 0 0 0 0 0 0 0 0 0 0 0 0 0 11 337 0 0 864 212 65 320 114 35 5 43 50 32 1192
20150604 13:13:30 3 0 3 5 0 0 0 89 6 8763 7192 1 872 0 4.69 3.33 1.77 8177412 3136832 5040580 0 343756 1542728 304100 706932 3128856 8386556 0 8386556 0 0 4904 0 0 958440 0 4091 378 0 0 0 0 63504 498 244 0 2 255 152 0 0 0 0 393 317 219 94 0 0 0 0 0 0 312 312 0 3908 3908 0 311 311 261247 1888 0 163649 0 0 0 0 0 0 0 0 0 0 0 0 0 0 0 7 159 0 0 830 84 15 243 90 29 7 35 50 32 1192
20150604 13:13:40 4 0 3 0 0 0 0 92 8 10202 8566 0 872 0 4.04 3.24 1.76 8177412 3137956 5039456 0 343756 1539880 305244 706280 3128856 8386556 0 8386556 0 0 1996 0 0 955808 0 2737 138 1 0 0 0 63688 498 244 0 0 255 137 0 0 0 0 619 442 488 115 0 0 0 0 0 0 286 286 0 2921 2921 0 13 13 262461 1888 0 164254 0 0 0 0 0 0 0 0 0 0 0 0 0 0 0 6 208 0 0 1468 330 56 121 102 30 11 29 49 32 1192
20150604 13:13:50 5 0 3 3 0 0 0 89 8 10589 9286 0 872 0 3.57 3.16 1.75 8177412 3153516 5023896 0 343756 1546992 310008 708876 3130904 8386556 0 8386556 0 0 4608 0 0 962604 0 2827 136 0 0 0 0 67440 498 244 0 0 255 104 0 0 0 0 635 464 529 121 0 0 0 0 0 0 335 335 0 2827 2827 0 145 145 264045 1888 0 165047 0 0 0 0 0 0 0 0 0 0 0 0 0 0 0 6 208 0 0 830 85 24 38 87 28 10 16 49 32 1192
20150604 13:14:00 9 0 5 3 0 1 0 83 14 12017 11989 0 872 5 3.90 3.24 1.79 8177412 3153912 5023500 0 343756 1543536 307608 709180 3132056 8386556 0 8386556 0 0 2896 0 0 959004 0 7091 1489 9 0 0 0 63904 498 244 0 0 255 148 0 0 0 0 725 557 558 147 0 0 0 0 0 0 464 464 0 7018 7018 0 198 198 265560 1888 0 165746 0 0 0 0 0 0 0 0 0 0 0 0 0 0 0 7 260 0 0 1641 781 246 132 118 35 16 11 48 30 1189
20150604 13:14:10 3 0 2 2 0 0 0 92 6 8155 5294 6 872 0 4.34 3.35 1.84 8177412 3156708 5020704 0 343756 1536892 310600 709508 3132056 8386556 0 8386556 0 0 1024 0 0 953036 0 1653 2149 0 0 0 0 65848 498 244 0 0 255 104 0 0 0 0 250 243 63 77 0 0 0 0 0 0 190 190 0 1726 1726 0 66 66 267393 1920 0 166710 0 0 0 0 0 0 0 0 0 0 0 0 0 0 0 7 118 0 0 2083 1005 336 145 79 28 18 11 45 31 1188
20150604 13:14:20 2 0 2 1 0 0 0 94 5 7571 4301 1 872 0 3.75 3.26 1.83 8177412 3165760 5011652 0 343756 1538056 316068 710756 3132056 8386556 0 8386556 0 0 1456 0 0 954076 0 1134 360 0 0 0 0 70168 498 244 0 0 255 103 0 0 0 0 259 250 63 78 0 0 0 0 0 0 138 138 0 1045 1045 0 78 78 268997 1888 0 167511 0 0 0 0 0 0 0 0 0 0 0 0 0 0 0 8 129 0 0 1895 1007 346 176 90 32 18 10 37 30 1188
20150604 13:14:30 3 0 3 4 0 0 0 89 7 10060 7706 0 872 0 4.20 3.37 1.88 8177412 3166908 5010504 0 343756 1539548 312672 710112 3132056 8386556 0 8386556 0 0 2788 0 0 955344 0 3732 104 1 0 0 0 65940 498 244 0 0 255 130 0 0 0 0 599 384 511 94 0 0 0 0 0 0 354 354 0 3576 3576 0 233 233 270372 1888 0 168182 0 0 0 0 0 0 0 0 0 0 0 0 0 0 0 10 184 0 0 1228 910 342 207 108 41 18 10 36 30 1188
20150604 13:14:40 11 0 7 2 0 0 0 79 19 14875 19541 0 872 0 4.12 3.37 1.89 8177412 3189164 4988248 0 343756 1546948 318276 714544 3135128 8386556 0 8386556 0 0 2564 0 0 962220 0 5240 602 3 0 0 0 70216 498 244 0 0 255 124 0 0 0 0 1128 924 1044 238 0 0 0 0 0 0 616 616 0 5486 5486 0 3 3 272291 1888 0 169155 0 0 0 0 0 0 0 0 0 0 0 0 0 0 0 12 393 0 0 1776 179 126 163 87 24 16 9 35 28 1187
20150604 13:14:50 3 0 2 3 0 0 0 91 6 8302 5940 0 872 0 3.49 3.26 1.87 8177412 3198272 4979140 0 343756 1544196 325876 716252 3136152 8386556 0 8386556 0 0 2020 0 0 959748 0 1680 72 0 0 0 0 76400 498 244 0 0 255 103 0 0 0 0 283 267 77 87 0 0 0 0 0 0 193 193 0 1680 1680 0 122 122 274481 1888 0 170249 0 0 0 0 0 0 0 0 0 0 0 0 0 0 0 8 133 0 0 2171 331 138 153 79 24 16 9 34 25 1186
20150604 13:15:00 2 0 2 7 0 0 0 89 4 8336 4199 0 872 3 4.71 3.53 1.97 8177412 3190528 4986884 0 343756 1541264 318360 714168 3136152 8386556 0 8386556 0 0 1852 0 0 957368 0 3113 53 0 0 0 0 68080 498 244 0 0 255 108 0 0 0 0 258 250 58 68 0 0 0 0 0 0 218 218 0 2859 2859 0 301 301 275905 1888 0 170953 0 0 0 0 0 0 0 0 0 0 0 0 0 0 0 9 125 0 0 2254 433 223 235 126 34 17 9 34 26 1185
20150604 13:15:10 6 0 3 2 0 0 0 90 9 8167 4712 7 872 0 6.41 3.95 2.13 8177412 3215500 4961912 0 343756 1539900 322476 731972 3152696 8386556 0 8386556 0 0 5268 0 0 956364 0 6596 3494 5 0 0 0 70944 498 244 0 0 255 104 0 0 0 0 1985 389 2638 86 0 0 0 0 0 0 170 170 0 6851 6851 0 30 30 277601 1888 0 171804 0 0 0 0 0 0 0 0 0 0 0 0 0 0 0 7 104 0 0 1806 308 350 183 90 29 21 7 35 28 1179
20150604 13:15:20 2 0 2 5 0 0 0 91 4 8295 4312 0 872 0 6.31 4.01 2.17 8177412 3214736 4962676 0 343756 1537928 322320 731916 3152696 8386556 0 8386556 0 0 2552 0 0 954524 0 1815 56 0 0 0 0 70228 498 244 0 0 255 108 0 0 0 0 324 259 181 63 0 0 0 0 0 0 156 156 0 1814 1814 0 78 78 278769 1888 0 172388 0 0 0 0 0 0 0 0 0 0 0 0 0 0 0 9 122 0 0 1745 432 441 186 98 27 19 8 35 29 1178
20150604 13:15:30 4 0 4 9 0 0 0 83 8 10982 9943 0 872 0 6.76 4.17 2.24 8177412 3229452 4947960 0 343756 1544852 323420 734940 3156792 8386556 0 8386556 0 0 2608 0 0 961412 0 4125 205 0 0 0 0 70196 498 244 0 0 255 157 0 0 0 0 659 501 541 129 0 0 0 0 0 0 398 398 0 3905 3905 0 230 230 280349 1888 0 173144 0 0 0 0 0 0 0 0 0 0 0 0 0 0 0 8 232 0 0 860 323 295 195 101 29 17 8 35 29 1176
20150604 13:15:40 5 0 3 1 0 0 0 91 8 10116 8299 0 871 0 5.72 4.04 2.22 8177412 3230828 4946584 0 343756 1538900 327456 736160 3156792 8386556 0 8386556 0 0 3056 0 0 955296 0 2352 301 2 0 0 0 73416 498 244 0 0 255 103 0 0 0 0 536 411 386 109 0 0 0 0 0 0 278 278 0 2438 2438 0 33 33 281614 1888 0 173797 0 0 0 0 0 0 0 0 0 0 0 0 0 0 0 5 198 0 0 1028 406 437 262 102 26 16 8 35 28 1175
20150604 13:15:50 2 0 2 10 0 0 0 86 4 7268 3741 0 871 0 4.92 3.92 2.20 8177412 3230960 4946452 0 343756 1535764 327420 736044 3156792 8386556 0 8386556 0 0 488 0 0 952480 0 2079 52 0 0 0 0 72556 498 244 0 0 255 123 0 0 0 0 230 223 53 63 0 0 0 0 0 0 185 185 0 2038 2038 0 157 157 282922 1888 0 174449 0 0 0 0 0 0 0 0 0 0 0 0 0 0 0 8 106 0 0 1341 522 459 317 118 32 15 10 34 27 1174
20150604 13:16:00 4 0 3 8 0 0 0 84 8 9860 9031 0 871 0 5.29 4.02 2.25 8177412 3236956 4940456 0 343756 1535672 328948 736188 3157816 8386556 0 8386556 0 0 4372 0 0 952160 0 3113 154 1 0 0 0 73088 498 244 0 0 255 1063 0 0 0 0 689 391 633 109 0 0 0 0 0 0 358 358 0 2889 2889 0 166 166 284579 1888 0 175246 0 0 0 0 0 0 0 0 0 0 0 0 0 0 0 8 187 0 0 1432 403 423 281 110 31 17 9 35 27 1173
20150604 13:16:10 7 0 5 6 0 1 0 81 13 12515 12996 6 870 0 4.55 3.91 2.23 8177412 3245220 4932192 0 343756 1536812 330880 736704 3157816 8386556 0 8386556 0 0 1732 0 0 953272 0 4065 2258 2 0 0 0 74072 498 244 0 0 255 103 0 0 0 0 659 567 450 158 0 0 0 0 0 0 530 530 0 4464 4464 0 84 84 286108 1920 0 176043 0 0 0 0 0 0 0 0 0 0 0 0 0 0 0 8 290 0 0 984 426 385 223 119 26 15 10 37 26 1172
20150604 13:16:20 2 0 2 3 0 0 0 92 5 8225 4891 0 870 0 4.81 3.99 2.28 8177412 3256936 4920476 0 343756 1538156 338704 736352 3157816 8386556 0 8386556 0 0 2232 0 0 954544 0 896 60 0 0 0 0 80700 498 244 0 0 255 104 0 0 0 0 259 251 66 78 0 0 0 0 0 0 162 162 0 896 896 0 34 34 287884 1920 0 176931 0 0 0 0 0 0 0 0 0 0 0 0 0 0 0 7 128 0 0 911 444 389 223 117 26 14 8 37 27 1169
20150604 13:16:30 1 0 1 9 0 0 0 88 3 7641 3242 0 870 0 4.31 3.91 2.27 8177412 3251560 4925852 0 343756 1538796 331324 736988 3157816 8386556 0 8386556 0 0 632 0 0 955280 0 2753 45 0 0 0 0 72720 498 244 0 0 255 118 0 0 0 0 194 189 41 48 0 0 0 0 0 0 174 174 0 2287 2287 0 246 246 288808 1920 0 177393 0 0 0 0 0 0 0 0 0 0 0 0 0 0 0 6 98 0 0 942 455 400 383 175 51 17 11 34 26 1168
20150604 13:16:40 1 0 1 2 0 0 0 95 3 7406 3000 0 870 0 3.65 3.78 2.24 8177412 3253616 4923796 0 343756 1535148 334604 737632 3157816 8386556 0 8386556 0 0 640 0 0 951788 0 471 45 0 0 0 0 75452 498 244 0 0 255 123 0 0 0 0 192 186 41 50 0 0 0 0 0 0 127 127 0 938 938 0 14 14 289734 1920 0 177855 0 0 0 0 0 0 0 0 0 0 0 0 0 0 0 5 90 0 0 1315 555 417 261 168 54 16 10 34 26 1168
20150604 13:16:50 3 0 3 1 0 0 0 94 5 8399 5758 0 870 0 3.08 3.66 2.22 8177412 3260692 4916720 0 343756 1528556 342416 735952 3157816 8386556 0 8386556 0 0 1488 0 0 945744 0 1108 63 0 0 0 0 81980 498 244 0 0 255 123 0 0 0 0 282 266 73 87 0 0 0 0 0 0 179 179 0 1108 1108 0 55 55 291730 1920 0 178851 0 0 0 0 0 0 0 0 0 0 0 0 0 0 0 10 132 0 0 1742 861 435 241 120 29 16 9 36 27 1166
20150604 13:17:00 1 0 2 15 0 0 0 82 3 7862 3473 0 870 0 4.70 3.98 2.34 8177412 3255236 4922176 0 343756 1529324 334768 736660 3157816 8386556 0 8386556 0 0 864 0 0 946460 0 2867 48 0 0 0 0 73688 498 244 0 0 255 113 0 0 0 0 208 199 50 54 0 0 0 0 0 0 223 223 0 2687 2687 0 236 236 292850 1920 0 179403 0 0 0 0 0 0 0 0 0 0 0 0 0 0 0 7 95 0 0 1661 913 442 323 157 36 16 8 36 27 1166
20150604 13:17:10 6 0 3 3 0 0 0 88 9 8356 5634 7 870 0 4.61 3.98 2.36 8177412 3283760 4893652 0 343756 1546672 340372 739184 3157944 8386556 0 8386556 0 0 4772 0 0 963960 0 6673 3090 5 0 0 0 77996 498 244 0 0 255 105 0 0 0 0 1999 433 2603 92 0 0 0 0 0 0 192 192 0 6134 6134 0 52 52 294765 1888 0 180370 0 0 0 0 0 0 0 0 0 0 0 0 0 0 0 8 135 0 0 839 457 307 182 112 27 15 7 36 28 1163
20150604 13:17:20 8 0 4 8 0 0 0 80 12 10707 10136 0 870 0 4.95 4.07 2.40 8177412 3278868 4898544 0 343756 1534068 345640 735964 3157944 8386556 0 8386556 0 0 1508 0 0 950920 0 5337 1296 8 0 0 0 82528 498 244 0 0 255 137 0 0 0 0 679 468 543 131 0 0 0 0 0 0 345 345 0 5962 5962 0 66 66 296033 1888 0 180987 0 0 0 0 0 0 0 0 0 0 0 0 0 0 0 10 223 0 0 1583 339 263 195 113 40 23 10 40 31 1160
20150604 13:17:30 3 0 3 12 0 0 0 83 5 8455 5676 0 870 0 5.08 4.13 2.44 8177412 3275712 4901700 0 343756 1531380 340068 738156 3158968 8386556 0 8386556 0 0 1100 0 0 948444 0 3678 92 0 0 0 0 75636 498 244 0 0 255 124 0 0 0 0 268 268 67 82 0 0 0 0 0 0 295 295 0 3357 3357 0 298 298 298119 1888 0 182038 0 0 0 0 0 0 0 0 0 0 0 0 0 0 0 8 132 0 0 1279 514 335 303 150 55 22 11 40 30 1159
20150604 13:17:40 2 0 2 5 0 0 0 92 4 7958 3905 0 870 0 4.30 3.99 2.41 8177412 3275880 4901532 0 343756 1523552 344600 738080 3158968 8386556 0 8386556 0 0 1472 0 0 940912 0 718 83 1 0 0 0 79348 498 244 0 0 255 124 0 0 0 0 217 211 52 66 0 0 0 0 0 0 141 141 0 1133 1133 0 16 16 299459 1888 0 182707 0 0 0 0 0 0 0 0 0 0 0 0 0 0 0 6 103 0 0 2161 629 372 215 118 53 23 10 40 30 1159
20150604 13:17:50 2 0 2 10 0 0 0 85 5 8399 4791 0 870 0 4.67 4.09 2.46 8177412 3282308 4895104 0 343756 1524832 346996 737876 3158968 8386556 0 8386556 0 0 640 0 0 942200 0 2267 60 0 0 0 0 80640 498 193 0 20 255 152 0 0 0 0 274 268 66 73 0 0 0 0 0 0 230 230 0 2267 2267 0 169 169 301205 1888 0 183579 0 0 0 0 0 0 0 0 0 0 0 0 0 0 0 12 135 0 0 1964 645 392 299 132 46 23 11 41 27 1158
20150604 13:18:00 7 0 5 5 0 0 0 83 13 11691 12778 0 870 0 4.03 3.97 2.44 8177412 3292512 4884900 0 343756 1529276 345144 742432 3163192 8386556 0 8386556 0 0 4520 0 0 946280 0 4082 298 1 0 0 0 77744 498 193 0 20 255 151 0 0 0 0 688 661 568 177 0 0 0 0 0 0 467 467 0 3664 3664 0 140 140 302891 1888 0 184422 0 0 0 0 0 0 0 0 0 0 0 0 0 0 0 8 289 0 0 871 259 340 353 172 50 25 11 42 29 1155
20150604 13:18:10 4 0 3 13 0 0 0 80 7 9520 6829 6 870 0 3.49 3.86 2.42 8177412 3295952 4881460 0 343756 1525188 348432 741604 3163192 8386556 0 8386556 0 0 2208 0 0 942652 0 2610 2161 0 0 0 0 80192 498 193 0 20 255 155 0 0 0 0 439 355 285 93 0 0 0 0 0 0 289 289 0 2872 2872 0 103 103 304355 1920 0 185153 0 0 0 0 0 0 0 0 0 0 0 0 0 0 0 8 158 0 0 1596 417 344 206 134 50 24 12 41 29 1155
20150604 13:18:20 3 0 3 2 0 0 0 93 6 8732 6028 0 870 0 2.96 3.73 2.39 8177412 3308336 4869076 0 343756 1529044 354148 742296 3163192 8386556 0 8386556 0 0 2784 0 0 946404 0 1504 68 0 0 0 0 84888 498 193 0 20 255 171 0 0 0 0 412 292 291 86 0 0 0 0 0 0 239 239 0 1660 1660 0 67 67 305945 1920 0 185948 0 0 0 0 0 0 0 0 0 0 0 0 0 0 0 8 140 0 0 833 366 345 200 119 44 23 11 39 29 1154
20150604 13:18:30 2 0 2 7 0 0 0 90 4 7966 3852 0 870 0 2.88 3.69 2.40 8177412 3306796 4870616 0 343756 1529684 350064 743012 3163192 8386556 0 8386556 0 0 1400 0 0 947116 0 2435 50 0 0 0 0 80056 498 193 0 20 255 172 0 0 0 0 244 232 52 61 0 0 0 0 0 0 185 185 0 2062 2062 0 179 179 307163 1920 0 186557 0 0 0 0 0 0 0 0 0 0 0 0 0 0 0 6 117 0 0 858 338 347 301 178 59 23 11 40 29 1152
20150604 13:18:40 2 0 2 9 0 0 0 86 5 7976 4895 0 870 0 2.44 3.57 2.37 8177412 3316252 4861160 0 343756 1531092 355244 742248 3163192 8386556 0 8386556 0 0 1280 0 0 948428 0 1145 61 0 0 0 0 84072 498 193 0 20 255 151 0 0 0 0 244 242 64 78 0 0 0 0 0 0 192 192 0 1519 1519 0 51 51 308903 1920 0 187423 0 0 0 0 0 0 0 0 0 0 0 0 0 0 0 6 121 0 0 830 224 349 203 129 53 23 12 40 28 1152
20150604 13:18:50 2 0 2 0 0 0 0 96 4 7604 4505 0 870 0 2.06 3.45 2.35 8177412 3329288 4848124 0 343756 1532116 364284 742468 3163192 8386556 0 8386556 0 0 2324 0 0 949452 0 377 60 0 0 0 0 92096 498 193 0 0 255 151 0 0 0 0 245 236 61 73 0 0 0 0 0 0 112 112 0 377 377 0 0 0 310489 1920 0 188215 0 0 0 0 0 0 0 0 0 0 0 0 0 0 0 7 120 0 0 829 93 352 201 118 45 23 10 41 29 1149
20150604 13:19:00 2 0 2 16 0 0 0 81 4 8722 4085 0 870 0 1.89 3.37 2.33 8177412 3322524 4854888 0 343756 1532760 353984 742320 3163192 8386556 0 8386556 0 0 504 0 0 950156 0 3763 53 0 0 0 0 81000 498 193 0 0 255 152 0 0 0 0 218 210 50 57 0 0 0 0 0 0 300 300 0 3631 3631 0 316 316 311709 1920 0 188825 0 0 0 0 0 0 0 0 0 0 0 0 0 0 0 6 111 0 0 830 90 308 318 171 60 23 11 39 29 1149
20150604 13:19:10 8 0 4 1 0 0 0 88 12 9800 9711 6 870 5 1.68 3.28 2.31 8177412 3361112 4816300 0 343756 1555628 357400 749876 3165368 8386556 0 8386556 0 0 8216 0 0 972928 0 7275 3227 5 0 0 0 83320 498 193 0 0 255 281 0 0 0 0 2332 665 3106 124 0 0 0 0 0 0 253 253 0 6586 6586 0 1 1 312807 1920 0 189380 0 0 0 0 0 0 0 0 0 0 0 0 0 0 0 6 192 0 0 874 105 22 190 80 15 10 5 27 29 1149
20150604 13:19:20 5 0 3 8 0 0 0 84 8 8838 5232 0 870 0 2.55 3.40 2.36 8177412 3342912 4834500 0 343756 1534112 356640 750500 3167416 8386556 0 8386556 0 0 172 0 0 951232 0 5287 1296 8 0 0 0 81924 498 193 0 0 255 179 0 0 0 0 293 299 90 86 0 0 0 0 0 0 214 214 0 5837 5837 0 128 128 314135 1920 0 190002 0 0 0 0 0 0 0 0 0 0 0 0 0 0 0 8 150 0 0 2079 587 239 147 54 14 6 9 37 30 1148
20150604 13:19:30 8 0 6 6 0 1 0 79 15 12774 16481 0 870 0 2.47 3.36 2.36 8177412 3355168 4822244 0 343756 1542192 358260 750840 3167416 8386556 0 8386556 0 0 7748 0 0 958836 0 4427 180 1 0 0 0 82280 498 193 0 0 255 159 0 0 0 0 859 728 791 190 0 0 0 0 0 0 548 548 0 4295 4295 0 169 169 316085 1920 0 191011 0 0 0 0 0 0 0 0 0 0 0 0 0 0 0 7 302 0 0 830 301 247 156 49 14 5 9 38 29 1147
20150604 13:19:40 3 0 3 7 0 0 0 87 6 9500 7562 0 870 0 2.09 3.25 2.33 8177412 3370192 4807220 0 343756 1546080 364764 751804 3167416 8386556 0 8386556 0 0 5736 0 0 962884 0 2336 77 0 0 0 0 87424 498 193 0 0 255 151 0 0 0 0 468 350 305 102 0 0 0 0 0 0 299 299 0 2740 2740 0 88 88 318195 1920 0 192063 0 0 0 0 0 0 0 0 0 0 0 0 0 0 0 8 177 0 0 829 88 248 84 28 13 5 9 35 30 1145
20150604 13:19:50 7 0 5 8 0 0 0 79 12 12385 13166 0 870 1 3.02 3.42 2.40 8177412 3382588 4794824 0 343756 1550460 368184 751592 3169464 8386556 0 8386556 0 0 5356 0 0 966892 0 3910 216 2 0 0 0 89748 498 193 0 0 255 278 0 0 0 0 696 654 561 171 0 0 0 0 0 0 462 462 0 3909 3909 0 96 96 319897 1920 0 192914 0 0 0 0 0 0 0 0 0 0 0 0 0 0 0 8 288 0 0 831 88 33 113 30 14 3 10 33 30 1143
20150604 13:20:00 10 0 7 4 0 1 0 78 18 14629 18613 0 870 1 3.09 3.42 2.41 8177412 3390032 4787380 0 343756 1552172 365868 755088 3173560 8386556 0 8386556 0 0 9560 0 0 968112 0 6653 643 4 0 0 0 86024 498 193 0 0 255 181 0 0 0 0 1138 852 1126 213 0 0 0 0 0 0 671 671 0 6157 6157 0 206 206 321644 1920 0 193785 0 0 0 0 0 0 0 0 0 0 0 0 0 0 0 10 370 0 0 1250 505 288 174 65 18 6 7 21 30 1141
20150604 13:20:10 7 0 5 12 0 0 0 75 13 12502 13206 6 870 0 2.69 3.32 2.39 8177412 3396608 4780804 0 343756 1550736 366568 757836 3175768 8386556 0 8386556 0 0 4272 0 0 966400 0 5024 2528 2 0 0 0 85744 498 193 0 0 255 278 0 0 0 0 819 643 736 157 0 0 0 0 0 0 540 540 0 5519 5519 0 99 99 323174 1888 0 194545 0 0 0 0 0 0 0 0 0 0 0 0 0 0 0 7 286 0 0 1216 630 403 89 64 19 7 8 20 27 1141
20150604 13:20:20 2 0 2 2 0 0 0 94 5 8652 4777 0 870 0 2.28 3.21 2.36 8177412 3402344 4775068 0 343756 1549380 371156 758776 3175768 8386556 0 8386556 0 0 4156 0 0 965280 0 1423 64 0 0 0 0 89548 498 193 0 0 255 171 0 0 0 0 366 271 222 77 0 0 0 0 0 0 181 181 0 1424 1424 0 67 67 324418 1888 0 195166 0 0 0 0 0 0 0 0 0 0 0 0 0 0 0 10 139 0 0 1669 565 403 85 32 18 6 7 20 27 1140
20150604 13:20:30 6 0 5 7 0 0 0 81 12 11866 13506 0 870 1 2.17 3.16 2.35 8177412 3410644 4766768 0 343756 1553344 371120 760288 3176792 8386556 0 8386556 0 0 3148 0 0 968996 0 4686 204 1 0 0 0 88232 498 193 0 0 255 152 0 0 0 0 691 598 562 160 0 0 0 0 0 0 501 501 0 4419 4419 0 167 167 326436 1888 0 196174 0 0 0 0 0 0 0 0 0 0 0 0 0 0 0 10 268 0 0 840 264 358 201 71 19 6 7 22 28 1137
20150604 13:20:40 4 0 3 10 0 0 0 83 7 10104 7603 0 870 1 1.84 3.05 2.33 8177412 3422616 4754796 0 343756 1557960 375180 760464 3176792 8386556 0 8386556 0 0 3528 0 0 973364 0 2456 90 0 0 0 0 91208 498 193 0 0 255 160 0 0 0 0 500 385 349 104 0 0 0 0 0 0 282 282 0 2722 2722 0 125 125 328090 1888 0 197002 0 0 0 0 0 0 0 0 0 0 0 0 0 0 0 9 173 0 0 830 87 248 95 38 17 6 7 23 28 1136
20150604 13:20:50 7 0 5 0 0 1 0 86 13 12701 14684 0 870 0 1.55 2.95 2.30 8177412 3443528 4733884 0 343756 1563632 382960 762028 3179864 8386556 0 8386556 0 0 5236 0 0 978688 0 3181 256 2 0 0 0 97760 498 193 0 0 255 177 0 0 0 0 795 696 682 179 0 0 0 0 0 0 482 482 0 3182 3182 0 0 0 329872 1888 0 197893 0 0 0 0 0 0 0 0 0 0 0 0 0 0 0 9 310 0 0 903 200 16 77 35 12 4 5 20 28 1133
20150604 13:21:00 3 0 2 17 0 0 0 78 5 8682 5483 0 870 0 1.46 2.89 2.29 8177412 3441408 4736004 0 343756 1565680 375736 763500 3179864 8386556 0 8386556 0 0 500 0 0 980728 0 4183 65 0 0 0 0 89348 498 193 0 0 255 152 0 0 0 0 299 263 128 75 0 0 0 0 0 0 303 303 0 4044 4044 0 315 315 331714 1888 0 198814 0 0 0 0 0 0 0 0 0 0 0 0 0 0 0 4 116 0 0 829 136 18 147 99 36 5 2 21 29 1131
20150604 13:21:10 9 0 5 2 0 0 0 84 14 10910 11248 6 870 0 1.53 2.86 2.29 8177412 3455708 4721704 0 343756 1571432 378172 765084 3180920 8386556 0 8386556 0 0 6200 0 0 986420 0 8169 3138 6 0 0 0 90580 498 193 0 0 255 171 0 0 0 0 2389 705 3138 152 0 0 0 0 0 0 324 324 0 8308 8308 0 22 22 332774 1920 0 199342 0 0 0 0 0 0 0 0 0 0 0 0 0 0 0 7 218 0 0 1214 338 148 73 73 40 8 5 17 30 1127
20150604 13:21:20 2 0 2 8 0 0 0 87 5 8411 4715 0 870 0 1.46 2.80 2.27 8177412 3459340 4718072 0 343756 1572584 378256 763928 3180920 8386556 0 8386556 0 0 52 0 0 987640 0 2865 57 0 0 0 0 89648 498 193 0 0 255 171 0 0 0 0 256 242 63 76 0 0 0 0 0 0 217 217 0 2607 2607 0 173 173 334424 1920 0 200167 0 0 0 0 0 0 0 0 0 0 0 0 0 0 0 6 122 0 0 1128 350 141 167 75 30 6 6 16 30 1126
20150604 13:21:30 11 0 7 9 0 0 0 73 18 14715 17525 0 870 0 1.39 2.74 2.26 8177412 3470340 4707072 0 343756 1579208 380792 764616 3180920 8386556 0 8386556 0 0 5004 0 0 993640 0 6429 1176 7 0 0 0 91504 498 193 0 0 255 153 0 0 0 0 1028 754 950 196 0 0 0 0 0 0 684 684 0 6537 6537 0 96 96 335529 1920 0 200714 0 0 0 0 0 0 0 0 0 0 0 0 0 0 0 5 337 0 0 830 95 5 64 43 33 6 9 14 30 1126
20150604 13:21:40 1 0 1 4 0 0 0 94 2 7458 2330 0 870 0 2.06 2.84 2.30 8177412 3463332 4714080 0 343756 1571920 379840 765148 3180920 8386556 0 8386556 0 0 5692 0 0 986916 0 791 41 0 0 0 0 90304 498 193 0 0 255 146 0 0 0 0 185 164 76 33 0 0 0 0 0 0 120 120 0 942 942 0 43 43 335883 1920 0 200889 0 0 0 0 0 0 0 0 0 0 0 0 0 0 0 4 77 0 0 1534 431 49 67 46 34 7 9 14 30 1126
20150604 13:21:50 0 0 0 0 0 0 0 99 0 6861 873 0 870 0 1.82 2.77 2.28 8177412 3461804 4715608 0 343756 1571920 379172 765148 3180920 8386556 0 8386556 0 0 12 0 0 986912 0 813 28 0 0 0 0 89632 498 193 0 0 255 152 0 0 0 0 121 122 13 13 0 0 0 0 0 0 36 36 0 813 813 0 16 16 335883 1920 0 200889 0 0 0 0 0 0 0 0 0 0 0 0 0 0 0 4 62 0 0 1651 449 52 96 47 36 6 9 14 30 1126
20150604 13:22:00 0 0 0 0 0 0 0 100 0 6470 778 0 870 0 1.54 2.68 2.26 8177412 3461116 4716296 0 343756 1571924 379092 765152 3180920 8386556 0 8386556 0 0 28 0 0 986912 0 46 29 0 0 0 0 89552 498 193 0 0 255 146 0 0 0 0 105 105 11 11 0 0 0 0 0 0 5 5 0 46 46 0 1 1 335883 1920 0 200889 0 0 0 0 0 0 0 0 0 0 0 0 0 0 0 3 55 0 0 1697 464 56 92 49 36 7 9 14 30 1126
20150604 13:22:10 1 0 0 0 0 0 0 99 1 6578 919 6 870 0 1.30 2.59 2.23 8177412 3463508 4713904 0 343756 1571948 379176 765148 3180920 8386556 0 8386556 0 0 96 0 0 986932 0 36 2118 0 0 0 0 89556 498 193 0 0 255 152 0 0 0 0 115 115 12 12 0 0 0 0 0 0 5 5 0 36 36 0 2 2 335883 1920 0 200889 0 0 0 0 0 0 0 0 0 0 0 0 0 0 0 3 54 0 0 1556 523 78 51 47 36 9 10 14 29 1126
20150604 13:22:20 0 0 0 0 0 0 0 100 0 6103 765 0 870 0 1.10 2.50 2.21 8177412 3461896 4715516 0 343756 1571948 379176 765148 3180920 8386556 0 8386556 0 0 92 0 0 986932 0 0 29 0 0 0 0 89556 498 193 0 0 255 172 0 0 0 0 103 103 11 11 0 0 0 0 0 0 0 0 0 0 0 0 0 0 335883 1920 0 200889 0 0 0 0 0 0 0 0 0 0 0 0 0 0 0 3 53 0 0 1590 554 91 71 51 36 9 10 14 29 1126
20150604 13:22:30 0 0 0 0 0 0 0 99 1 6774 795 0 870 0 0.93 2.42 2.18 8177412 3461244 4716168 0 343756 1571948 379176 765148 3180920 8386556 0 8386556 0 0 56 0 0 986932 0 6 28 0 0 0 0 89556 498 193 0 0 255 172 0 0 0 0 108 109 12 12 0 0 0 0 0 0 1 1 0 6 6 0 0 0 335883 1920 0 200889 0 0 0 0 0 0 0 0 0 0 0 0 0 0 0 3 55 0 0 1562 538 83 83 51 38 10 10 14 29 1126
20150604 13:22:40 0 0 0 0 0 0 0 100 0 7116 841 0 870 0 0.79 2.34 2.16 8177412 3461212 4716200 0 343756 1571948 379176 765152 3180920 8386556 0 8386556 0 0 56 0 0 986932 0 2 28 0 0 0 0 89556 498 193 0 0 255 152 0 0 0 0 126 126 13 13 0 0 0 0 0 0 1 1 0 2 2 0 0 0 335883 1920 0 200889 0 0 0 0 0 0 0 0 0 0 0 0 0 0 0 4 68 0 0 1564 534 81 80 50 36 8 10 13 30 1126
20150604 13:22:50 0 0 0 0 0 0 0 100 0 6446 805 0 870 0 0.67 2.26 2.14 8177412 3461048 4716364 0 343756 1571948 379176 765152 3180920 8386556 0 8386556 0 0 4 0 0 986932 0 5 29 0 0 0 0 89556 498 193 0 0 255 152 0 0 0 0 118 119 13 13 0 0 0 0 0 0 1 1 0 5 5 0 0 0 335883 1920 0 200889 0 0 0 0 0 0 0 0 0 0 0 0 0 0 0 4 63 0 0 1575 532 85 82 50 36 8 10 13 30 1126
20150604 13:23:00 0 0 0 0 0 0 0 100 0 6697 806 0 870 0 0.57 2.19 2.12 8177412 3461016 4716396 0 343756 1571956 379176 765148 3180920 8386556 0 8386556 0 0 24 0 0 986932 0 1 29 0 0 0 0 89556 498 193 0 0 255 152 0 0 0 0 124 124 13 13 0 0 0 0 0 0 0 0 0 1 1 0 0 0 335883 1920 0 200889 0 0 0 0 0 0 0 0 0 0 0 0 0 0 0 4 63 0 0 1567 541 85 82 50 36 8 10 13 30 1126
20150604 13:23:10 0 0 0 0 0 0 0 99 1 6970 937 6 870 0 0.48 2.12 2.09 8177412 3463984 4713428 0 343756 1571980 379204 765152 3180920 8386556 0 8386556 0 0 100 0 0 986952 0 11 2110 0 0 0 0 89512 498 193 0 0 255 152 0 0 0 0 120 120 13 13 0 0 0 0 0 0 2 2 0 11 11 0 1 1 335883 1920 0 200889 0 0 0 0 0 0 0 0 0 0 0 0 0 0 0 3 58 0 0 1382 553 95 58 39 29 8 10 13 30 1126
20150604 13:23:20 0 0 0 0 0 0 0 100 0 6699 762 0 870 0 0.41 2.05 2.07 8177412 3462248 4715164 0 343756 1571980 379204 765148 3180920 8386556 0 8386556 0 0 100 0 0 986952 0 0 34 0 0 0 0 89512 498 193 0 0 255 152 0 0 0 0 114 115 12 12 0 0 0 0 0 0 0 0 0 0 0 0 0 0 335883 1920 0 200889 0 0 0 0 0 0 0 0 0 0 0 0 0 0 0 3 57 0 0 1579 567 91 82 43 29 8 10 13 30 1126
20150604 13:23:30 0 0 0 0 0 0 0 99 1 7125 755 0 870 0 0.34 1.98 2.05 8177412 3461532 4715880 0 343756 1571980 379204 765148 3180920 8386556 0 8386556 0 0 56 0 0 986952 0 5 28 0 0 0 0 89512 498 193 0 0 255 172 0 0 0 0 118 119 13 13 0 0 0 0 0 0 0 0 0 5 5 0 0 0 335883 1920 0 200889 0 0 0 0 0 0 0 0 0 0 0 0 0 0 0 3 56 0 0 1594 574 97 86 43 30 8 10 13 30 1126
20150604 13:23:40 0 0 0 0 0 0 0 100 0 7062 815 0 869 0 0.51 1.96 2.04 8177412 3461360 4716052 0 343756 1571980 379200 765148 3180920 8386556 0 8386556 0 0 56 0 0 986952 0 2 29 0 0 0 0 89508 498 193 0 0 255 172 0 0 0 0 128 128 14 14 0 0 0 0 0 0 1 1 0 2 2 0 0 0 335875 1920 0 200881 0 0 0 0 0 0 0 0 0 0 0 0 0 0 0 4 67 0 0 1621 574 99 87 43 30 8 10 13 30 1126
20150604 13:23:50 0 0 0 0 0 0 0 100 0 6934 807 0 869 0 0.43 1.90 2.02 8177412 3461328 4716084 0 343756 1571980 379200 765148 3180920 8386556 0 8386556 0 0 4 0 0 986952 0 5 28 0 0 0 0 89508 498 193 0 0 255 152 0 0 0 0 127 127 14 14 0 0 0 0 0 0 1 1 0 5 5 0 0 0 335875 1920 0 200881 0 0 0 0 0 0 0 0 0 0 0 0 0 0 0 3 60 0 0 1623 577 99 87 43 30 8 10 13 30 1126
20150604 13:24:00 0 0 0 0 0 0 0 100 0 6334 781 0 869 0 0.37 1.84 2.00 8177412 3461292 4716120 0 343756 1571980 379200 765144 3180920 8386556 0 8386556 0 0 12 0 0 986952 0 0 29 0 0 0 0 89508 498 193 0 0 255 152 0 0 0 0 119 120 13 13 0 0 0 0 0 0 0 0 0 0 0 0 0 0 335875 1888 0 200881 0 0 0 0 0 0 0 0 0 0 0 0 0 0 0 3 57 0 0 1628 577 98 88 43 30 8 10 13 30 1126
20150604 13:24:10 1 0 0 0 0 0 0 99 1 6835 937 6 869 0 0.31 1.78 1.98 8177412 3463516 4713896 0 343756 1572004 379220 765148 3180920 8386556 0 8386556 0 0 92 0 0 986964 0 11 2114 0 0 0 0 89508 498 193 0 0 255 172 0 0 0 0 129 130 14 14 0 0 0 0 0 0 1 1 0 11 11 0 1 1 335875 1888 0 200881 0 0 0 0 0 0 0 0 0 0 0 0 0 0 0 4 67 0 0 1587 554 104 56 36 29 8 10 13 30 1126
20150604 13:24:20 0 0 0 0 0 0 0 100 0 6836 871 0 869 0 0.26 1.72 1.96 8177412 3461780 4715632 0 343756 1572004 379220 765148 3180920 8386556 0 8386556 0 0 92 0 0 986964 0 0 29 0 0 0 0 89508 498 193 0 0 255 172 0 0 0 0 147 147 16 16 0 0 0 0 0 0 0 0 0 0 0 0 0 0 335875 1888 0 200881 0 0 0 0 0 0 0 0 0 0 0 0 0 0 0 4 77 0 0 1693 589 119 71 37 29 8 10 13 30 1126
20150604 13:24:30 0 0 0 0 0 0 0 99 1 6343 750 0 869 0 0.22 1.66 1.93 8177412 3461108 4716304 0 343756 1572004 379220 765152 3180920 8386556 0 8386556 0 0 56 0 0 986964 0 4 28 0 0 0 0 89508 498 193 0 0 255 152 0 0 0 0 113 113 12 12 0 0 0 0 0 0 0 0 0 4 4 0 0 0 335875 1888 0 200881 0 0 0 0 0 0 0 0 0 0 0 0 0 0 0 4 59 0 0 1684 596 112 83 41 29 8 10 13 30 1126
20150604 13:24:40 0 0 0 0 0 0 0 100 0 7152 842 0 869 0 0.19 1.61 1.91 8177412 3460928 4716484 0 343756 1572004 379220 765152 3180920 8386556 0 8386556 0 0 56 0 0 986964 0 2 29 0 0 0 0 89508 498 193 0 0 255 152 0 0 0 0 139 139 15 15 0 0 0 0 0 0 0 0 0 2 2 0 0 0 335875 1888 0 200881 0 0 0 0 0 0 0 0 0 0 0 0 0 0 0 5 75 0 0 1695 589 106 86 44 29 8 10 13 30 1126
20150604 13:24:50 0 0 0 0 0 0 0 100 0 6854 820 0 869 0 0.16 1.55 1.89 8177412 3460896 4716516 0 343756 1572004 379220 765148 3180920 8386556 0 8386556 0 0 4 0 0 986964 0 5 28 0 0 0 0 89508 498 193 0 0 255 152 0 0 0 0 130 131 14 14 0 0 0 0 0 0 1 1 0 5 5 0 0 0 335875 1888 0 200881 0 0 0 0 0 0 0 0 0 0 0 0 0 0 0 4 68 0 0 1685 588 105 85 44 30 8 10 13 30 1126
20150604 13:25:00 0 0 0 0 0 0 0 100 0 6858 757 0 869 0 0.13 1.50 1.87 8177412 3460856 4716556 0 343756 1572016 379220 765152 3180920 8386556 0 8386556 0 0 28 0 0 986964 0 0 29 0 0 0 0 89508 498 193 0 0 255 152 0 0 0 0 116 117 12 13 0 0 0 0 0 0 0 0 0 0 0 0 0 0 335875 1888 0 200881 0 0 0 0 0 0 0 0 0 0 0 0 0 0 0 4 63 0 0 1671 592 103 84 46 30 8 10 13 30 1126
20150604 13:25:10 1 0 0 0 0 0 0 99 1 7046 971 7 869 0 0.11 1.45 1.85 8177412 3463956 4713456 0 343756 1572040 379336 765152 3180920 8386556 0 8386556 0 0 100 0 0 986992 0 11 2210 0 0 0 0 89552 498 193 0 0 255 152 0 0 0 0 142 143 15 15 0 0 0 0 0 0 1 1 0 11 11 0 1 1 335875 1888 0 200881 0 0 0 0 0 0 0 0 0 0 0 0 0 0 0 4 72 0 0 1513 569 82 43 38 32 9 11 14 31 1125
20150604 13:25:20 0 0 0 0 0 0 0 99 1 6730 820 2 869 0 0.10 1.41 1.83 8177412 3462468 4714944 0 343756 1572100 379336 765152 3180920 8386556 0 8386556 0 0 180 0 0 987004 0 14 29 0 0 0 0 89552 498 203 0 0 255 140 0 0 0 0 131 123 16 45 0 0 0 0 0 0 2 2 0 14 14 0 0 0 335881 1888 0 200887 0 0 0 0 0 0 0 0 0 0 0 0 0 0 0 5 60 0 0 1595 598 114 56 38 32 9 11 14 31 1125
20150604 13:25:30 0 0 0 0 0 0 0 99 1 7183 828 0 869 0 0.23 1.39 1.82 8177412 3461688 4715724 0 343756 1572100 379336 765152 3180920 8386556 0 8386556 0 0 60 0 0 987044 0 20 28 0 0 0 0 89552 498 203 0 0 255 146 0 0 0 0 133 133 14 14 0 0 0 0 0 0 4 4 0 20 20 0 1 1 335881 1888 0 200887 0 0 0 0 0 0 0 0 0 0 0 0 0 0 0 4 71 0 0 1582 601 115 73 40 32 9 11 14 31 1125
20150604 13:25:40 0 0 0 0 0 0 0 100 0 6951 777 0 869 0 0.19 1.35 1.81 8177412 3461480 4715932 0 343756 1572100 379336 765148 3180920 8386556 0 8386556 0 0 60 0 0 987044 0 10 28 0 0 0 0 89552 498 203 0 0 255 146 0 0 0 0 110 110 12 12 0 0 0 0 0 0 2 2 0 10 10 0 0 0 335881 1888 0 200887 0 0 0 0 0 0 0 0 0 0 0 0 0 0 0 3 55 0 0 1581 604 119 75 41 32 9 11 14 31 1125
20150604 13:25:50 0 0 0 0 0 0 0 100 0 6638 809 0 869 0 0.16 1.30 1.79 8177412 3461300 4716112 0 343756 1572100 379336 765152 3180920 8386556 0 8386556 0 0 4 0 0 987044 0 6 29 0 0 0 0 89552 498 203 0 0 255 146 0 0 0 0 122 122 13 13 0 0 0 0 0 0 1 1 0 6 6 0 0 0 335881 1888 0 200887 0 0 0 0 0 0 0 0 0 0 0 0 0 0 0 4 62 0 0 1598 605 117 79 41 32 9 11 14 31 1125
20150604 13:26:00 0 0 0 0 0 0 0 100 0 6631 869 0 869 0 0.14 1.26 1.77 8177412 3461392 4716020 0 343756 1572100 379336 765152 3180920 8386556 0 8386556 0 0 12 0 0 987044 0 1 29 0 0 0 0 89552 498 203 0 0 255 146 0 0 0 0 129 130 14 14 0 0 0 0 0 0 0 0 0 1 1 0 0 0 335881 1888 0 200887 0 0 0 0 0 0 0 0 0 0 0 0 0 0 0 4 65 0 0 1555 596 115 79 42 33 9 11 14 31 1125
20150604 13:26:10 1 0 0 0 0 0 0 99 1 7119 972 6 869 0 0.12 1.22 1.75 8177412 3464360 4713052 0 343756 1572128 379440 765152 3180920 8386556 0 8386556 0 0 96 0 0 987056 0 11 2114 0 0 0 0 89576 498 203 0 0 255 146 0 0 0 0 126 127 13 14 0 0 0 0 0 0 2 2 0 11 11 0 1 1 335881 1952 0 200887 0 0 0 0 0 0 0 0 0 0 0 0 0 0 0 4 65 0 0 1380 561 88 58 46 27 10 12 13 31 1125
20150604 13:26:20 0 0 0 0 0 0 0 99 1 6997 811 0 868 0 0.10 1.18 1.73 8177412 3462740 4714672 0 343756 1572128 379440 765148 3180920 8386556 0 8386556 0 0 96 0 0 987056 0 0 29 0 0 0 0 89576 498 203 0 0 255 146 0 0 0 0 118 118 13 13 0 0 0 0 0 0 0 0 0 0 0 0 0 0 335873 1952 0 200879 0 0 0 0 0 0 0 0 0 0 0 0 0 0 0 4 66 0 0 1461 611 106 69 46 27 9 11 14 31 1125
20150604 13:26:30 0 0 0 0 0 0 0 100 0 7121 784 0 868 0 0.08 1.14 1.71 8177412 3461920 4715492 0 343756 1572128 379440 765152 3180920 8386556 0 8386556 0 0 60 0 0 987056 0 4 28 0 0 0 0 89576 498 203 0 0 255 166 0 0 0 0 119 119 13 13 0 0 0 0 0 0 0 0 0 4 4 0 0 0 335873 1952 0 200879 0 0 0 0 0 0 0 0 0 0 0 0 0 0 0 3 56 0 0 1463 599 115 83 45 29 9 11 14 31 1125
20150604 13:26:40 0 0 0 0 0 0 0 99 0 6882 755 0 869 0 0.07 1.10 1.69 8177412 3461888 4715524 0 343756 1572128 379440 765152 3180920 8386556 0 8386556 0 0 64 0 0 987052 0 6 29 0 0 0 0 89576 498 203 0 0 255 146 0 0 0 0 106 106 11 11 0 0 0 0 0 0 2 2 0 6 6 0 0 0 335873 1952 0 200879 0 0 0 0 0 0 0 0 0 0 0 0 0 0 0 2 49 0 0 1443 585 117 89 45 29 9 11 14 31 1125
20150604 13:26:50 0 0 0 0 0 0 0 99 1 7263 884 0 869 0 0.06 1.06 1.67 8177412 3461732 4715680 0 343756 1572128 379440 765152 3180920 8386556 0 8386556 0 0 4 0 0 987052 0 6 28 0 0 0 0 89576 498 203 0 0 255 146 0 0 0 0 134 134 14 14 0 0 0 0 0 0 1 1 0 6 6 0 0 0 335873 1952 0 200879 0 0 0 0 0 0 0 0 0 0 0 0 0 0 0 3 64 0 0 1460 582 112 85 48 30 9 11 14 31 1125
20150604 13:27:00 0 0 0 0 0 0 0 99 1 6864 838 0 869 0 0.05 1.03 1.66 8177412 3461700 4715712 0 343756 1572136 379440 765148 3180920 8386556 0 8386556 0 0 24 0 0 987052 0 0 29 0 0 0 0 89576 498 203 0 0 255 146 0 0 0 0 122 123 13 13 0 0 0 0 0 0 0 0 0 0 0 0 0 0 335873 1952 0 200879 0 0 0 0 0 0 0 0 0 0 0 0 0 0 0 5 69 0 0 1452 581 111 86 47 31 9 11 14 31 1125
20150604 13:27:10 0 0 0 0 0 0 0 99 1 7113 962 6 869 0 0.04 1.00 1.64 8177412 3463924 4713488 0 343756 1572160 379484 765152 3180920 8386556 0 8386556 0 0 100 0 0 987072 0 11 2118 0 0 0 0 89596 498 203 0 0 255 146 0 0 0 0 126 127 14 14 0 0 0 0 0 0 1 1 0 11 11 0 1 1 335881 1952 0 200887 0 0 0 0 0 0 0 0 0 0 0 0 0 0 0 3 61 0 0 1360 593 92 56 46 28 9 11 14 31 1125
20150604 13:27:20 0 0 0 0 0 0 0 100 0 6749 793 0 869 0 0.04 0.96 1.62 8177412 3462300 4715112 0 343756 1572160 379484 765152 3180920 8386556 0 8386556 0 0 100 0 0 987072 0 0 28 0 0 0 0 89596 498 203 0 0 255 166 0 0 0 0 117 117 13 13 0 0 0 0 0 0 0 0 0 0 0 0 0 0 335881 1952 0 200887 0 0 0 0 0 0 0 0 0 0 0 0 0 0 0 4 61 0 0 1530 604 102 70 46 28 9 11 14 31 1125
20150604 13:27:30 0 0 0 0 0 0 0 100 0 6905 896 0 869 0 0.03 0.93 1.60 8177412 3461632 4715780 0 343756 1572160 379484 765152 3180920 8386556 0 8386556 0 0 56 0 0 987072 0 4 29 0 0 0 0 89596 498 203 0 0 255 146 0 0 0 0 136 136 15 15 0 0 0 0 0 0 0 0 0 4 4 0 0 0 335881 1952 0 200887 0 0 0 0 0 0 0 0 0 0 0 0 0 0 0 4 72 0 0 1598 610 102 79 47 28 9 11 14 31 1125
20150604 13:27:40 0 0 0 0 0 0 0 100 0 6684 767 0 869 0 0.03 0.90 1.59 8177412 3461596 4715816 0 343756 1572160 379484 765152 3180920 8386556 0 8386556 0 0 56 0 0 987072 0 2 28 0 0 0 0 89596 498 203 0 0 255 146 0 0 0 0 109 109 12 12 0 0 0 0 0 0 0 0 0 2 2 0 0 0 335881 1952 0 200887 0 0 0 0 0 0 0 0 0 0 0 0 0 0 0 3 55 0 0 1584 607 103 80 48 28 9 11 14 31 1125
20150604 13:27:50 0 0 0 0 0 0 0 100 0 6938 809 0 869 0 0.02 0.87 1.57 8177412 3461432 4715980 0 343756 1572160 379484 765152 3180920 8386556 0 8386556 0 0 4 0 0 987072 0 6 28 0 0 0 0 89596 498 203 0 0 255 146 0 0 0 0 116 116 12 12 0 0 0 0 0 0 1 1 0 6 6 0 0 0 335881 1952 0 200887 0 0 0 0 0 0 0 0 0 0 0 0 0 0 0 3 55 0 0 1595 598 105 85 48 28 9 11 14 31 1125
20150604 13:28:00 0 0 0 0 0 0 0 100 0 7244 865 0 869 0 0.02 0.84 1.55 8177412 3461392 4716020 0 343756 1572160 379484 765152 3180920 8386556 0 8386556 0 0 16 0 0 987072 0 0 28 0 0 0 0 89596 498 203 0 0 255 146 0 0 0 0 136 136 15 15 0 0 0 0 0 0 0 0 0 0 0 0 0 0 335881 1952 0 200887 0 0 0 0 0 0 0 0 0 0 0 0 0 0 0 4 69 0 0 1590 596 106 85 49 28 9 11 14 31 1125
20150604 13:28:10 1 0 1 0 0 0 0 99 1 6991 981 6 869 0 0.02 0.81 1.54 8177412 3464108 4713304 0 343756 1572184 379448 765156 3180920 8386556 0 8386556 0 0 92 0 0 987084 0 11 2113 0 0 0 0 89576 498 203 0 0 255 166 0 0 0 0 133 133 14 14 0 0 0 0 0 0 1 1 0 11 11 0 1 1 335881 1888 0 200887 0 0 0 0 0 0 0 0 0 0 0 0 0 0 0 4 66 0 0 1564 576 92 51 35 28 9 11 14 31 1125
20150604 13:28:20 0 0 0 0 0 0 0 100 0 6468 815 0 869 0 0.01 0.79 1.52 8177412 3462496 4714916 0 343756 1572184 379448 765152 3180920 8386556 0 8386556 0 0 88 0 0 987084 0 0 29 0 0 0 0 89576 498 203 0 0 255 146 0 0 0 0 124 125 13 13 0 0 0 0 0 0 0 0 0 0 0 0 0 0 335881 1888 0 200887 0 0 0 0 0 0 0 0 0 0 0 0 0 0 0 2 57 0 0 1633 589 115 72 38 28 9 11 14 31 1125
20150604 13:28:30 0 0 0 0 0 0 0 100 0 6954 804 0 869 0 0.01 0.76 1.50 8177412 3461732 4715680 0 343756 1572184 379448 765152 3180920 8386556 0 8386556 0 0 56 0 0 987084 0 4 28 0 0 0 0 89576 498 203 0 0 255 146 0 0 0 0 117 118 13 13 0 0 0 0 0 0 0 0 0 4 4 0 0 0 335881 1888 0 200887 0 0 0 0 0 0 0 0 0 0 0 0 0 0 0 3 56 0 0 1635 578 125 82 40 28 9 11 14 31 1125
20150604 13:28:40 0 0 0 0 0 0 0 100 0 6522 790 0 869 0 0.01 0.74 1.49 8177412 3461652 4715760 0 343756 1572184 379388 765156 3180920 8386556 0 8386556 0 0 56 0 0 987084 0 2 34 0 0 0 0 89516 498 203 0 0 255 166 0 0 0 0 117 117 12 12 0 0 0 0 0 0 0 0 0 2 2 0 0 0 335881 1888 0 200887 0 0 0 0 0 0 0 0 0 0 0 0 0 0 0 3 58 0 0 1616 574 122 87 41 28 9 11 14 31 1125
20150604 13:28:50 0 0 0 0 0 0 0 100 0 6717 893 0 869 0 0.01 0.71 1.47 8177412 3461492 4715920 0 343756 1572184 379388 765152 3180920 8386556 0 8386556 0 0 4 0 0 987084 0 5 28 0 0 0 0 89516 498 203 0 0 255 146 0 0 0 0 142 142 15 15 0 0 0 0 0 0 1 1 0 5 5 0 0 0 335881 1888 0 200887 0 0 0 0 0 0 0 0 0 0 0 0 0 0 0 5 76 0 0 1624 579 120 89 42 28 9 11 14 31 1125
