# time nrequests latency average
11:43:31 0  0.0 0.0
11:43:32 262 0.171490022901 0.0
11:43:33 796 0.399389876884 0.0
11:43:34 919 0.247261598477 0.0
11:43:35 824 0.271278046117 0.0
11:43:36 557 0.149414601436 0.0
11:43:37 392 0.15395632398 0.0
11:43:38 498 0.145970279116 0.0
11:43:39 431 0.596346118329 0.0
11:43:40 484 0.344377270661 0.0
11:43:41 456 0.144576197368 0.0
11:43:42 485 0.151750781443 0.262406033527
11:43:43 426 0.542644769953 0.260432109381
11:43:44 479 0.145006346555 0.274757598688
11:43:45 508 0.14524811811 0.264532073496
11:43:46 452 0.389171630531 0.251929080695
11:43:47 406 0.176159539409 0.275904783605
11:43:48 454 0.375588488987 0.278125105148
11:43:49 466 0.359586922747 0.301086926135
11:43:50 460 0.353411041304 0.277411006576
11:43:51 467 0.144403357602 0.278314383641
11:43:52 405 0.156075582716 0.278297099664
11:43:53 427 0.512503229508 0.278729579791
11:43:54 492 0.143784426829 0.275715425747
11:43:55 485 0.138972035052 0.275593233774
11:43:56 442 0.542929054299 0.274965625468
11:43:57 405 0.148855883951 0.290341367845
11:43:58 465 0.376885230108 0.287611002299
11:43:59 478 0.356587322176 0.287740676411
11:44:00 473 0.362463399577 0.287440716354
11:44:01 448 0.146379109375 0.288345952182
11:44:02 384 0.152707236979 0.288543527359
11:44:03 428 0.520570778037 0.288206692785
11:44:04 499 0.142879206413 0.289013447638
11:44:05 492 0.183085022358 0.288922925597
11:44:06 408 0.614032338235 0.293334224327
11:44:07 408 0.154720495098 0.300444552721
11:44:08 456 0.403145096491 0.301031013836
11:44:09 468 0.362005307692 0.303657000474
11:44:10 466 0.355412229614 0.304198799026
11:44:11 439 0.141640911162 0.303493682029
11:44:12 408 0.149686009804 0.303019862208
11:44:13 458 0.142936657205 0.30271773949
11:44:14 483 0.507546360248 0.264954327407
11:44:15 513 0.140126208577 0.301421042791
11:44:16 399 0.710939112782 0.297125161413
11:44:17 419 0.150462634845 0.306815838867
11:44:18 465 0.383666563441 0.306390052842
11:44:19 475 0.350507694737 0.304442199537
11:44:20 461 0.361666041215 0.303292438241
11:44:21 449 0.142631812918 0.303917819402
11:44:22 411 0.151648610706 0.304016909577
11:44:23 454 0.141720559471 0.304213169667
11:44:24 486 0.146174617284 0.304091559894
11:44:25 483 0.415784772257 0.267954385597
11:44:26 443 0.391314489842 0.295520241965
11:44:27 420 0.15422147381 0.263557779671
11:44:28 449 0.393604224944 0.263933663568
11:44:29 479 0.342590306889 0.264927429718
11:44:30 464 0.359891756466 0.264135690934
11:44:31 469 0.141310328358 0.263958262459
11:44:32 397 0.151142680101 0.263826114003
11:44:33 461 0.141047841649 0.263775520942
11:44:34 449 0.139104734967 0.26370824916
11:44:35 502 0.463061233068 0.263001260928
11:44:36 418 0.404460669856 0.267728907009
11:44:37 409 0.168122652812 0.269043525011
11:44:38 462 0.380249794372 0.270433642911
11:44:39 467 0.367049089936 0.269098199854
11:44:40 460 0.362330173913 0.271544078158
11:44:41 448 0.237728332589 0.271787919903
11:44:42 408 0.15034057598 0.281429720326
11:44:43 473 0.146058448203 0.281349509914
11:44:44 467 0.142531625268 0.28185057057
11:44:45 475 0.494105096842 0.2821932596
11:44:46 435 0.3954292 0.285297645977
11:44:47 409 0.155820244499 0.284394498992
11:44:48 446 0.384326118834 0.28316425816
11:44:49 460 0.362490541304 0.283571890606
11:44:50 447 0.367559451902 0.283116035743
11:44:51 476 0.141484056723 0.283638963542
11:44:52 455 0.152892604396 0.274014535955
11:44:53 486 0.144364506173 0.274269738797
11:44:54 427 0.594123747073 0.274100344594
11:44:55 500 0.147125072 0.319259556774
11:44:56 455 0.36229843956 0.28456155429
11:44:57 403 0.153518074442 0.281248478246
11:44:58 462 0.36173154329 0.281018261241
11:44:59 459 0.360152030501 0.278758803686
11:45:00 469 0.327387219616 0.278524952606
11:45:01 435 0.146510050575 0.274507729377
11:45:02 387 0.154036881137 0.275010328763
11:45:03 449 0.379485449889 0.275124756437
11:45:04 494 0.147491540486 0.298636850808
11:45:05 488 0.337476413934 0.25397363015
11:45:06 426 0.400111802817 0.273008764343
11:45:07 410 0.153301439024 0.276790100669
11:45:08 450 0.395605631111 0.276768437127
11:45:09 470 0.347274108511 0.280155845909
11:45:10 483 0.148531871636 0.27886805371
11:45:11 459 0.14615091939 0.260982518912
11:45:12 375 0.152924632 0.260946605793
11:45:13 455 0.391226367033 0.26083538088
11:45:14 498 0.139696084337 0.262009472594
11:45:15 488 0.336453461066 0.261229926979
11:45:16 437 0.379545787185 0.261127631692
11:45:17 445 0.151169483146 0.259071030129
11:45:18 466 0.388126959227 0.258857834541
11:45:19 469 0.346287247335 0.258109967353
11:45:20 479 0.140394419624 0.258011281236
11:45:21 458 0.139921087336 0.257197536034
11:45:22 432 0.153282016204 0.256574552829
11:45:23 448 0.461602694196 0.256610291249
11:45:24 474 0.354879348101 0.263647923966
11:45:25 468 0.354655032051 0.285166250342
11:45:26 464 0.14681262069 0.286986407441
11:45:27 425 0.152534611765 0.263713090791
11:45:28 520 0.147497763462 0.263849603653
11:45:29 373 0.642389313673 0.239786684076
11:45:30 517 0.142945433269 0.26939689071
11:45:31 103 0.145176126214 0.269651992075
11:45:32 206 0.154893805825 0.270177495962
11:45:33 437 0.14509287643 0.270338674925
11:45:34 448 0.429653645089 0.238687693148
11:45:35 470 0.145346148936 0.246165122847
11:45:36 408 0.398623343137 0.225234234535
11:45:37 424 0.152807386792 0.25041530678
11:45:38 454 0.395322182819 0.250442584283
11:45:39 468 0.350639655983 0.275225026219
11:45:40 456 0.381568811404 0.24605006045
11:45:41 406 0.153335243842 0.269912398263
11:45:42 468 0.149800606838 0.270728310026
11:45:43 440 0.489750675 0.270218990127
11:45:44 489 0.143425171779 0.304684769984
11:45:45 494 0.334928119433 0.276061922653
11:45:46 374 0.458439446524 0.295020119703
11:45:47 431 0.14638812065 0.301001730041
11:45:48 447 0.451802442953 0.300359803427
11:45:49 463 0.356919926566 0.306007829441
11:45:50 457 0.383532295405 0.306635856499
11:45:51 390 0.14894324359 0.306832204899
11:45:52 417 0.152447038369 0.306393004874
11:45:53 452 0.146672699115 0.306657648027
11:45:54 516 0.147369447674 0.272349850438
11:45:55 376 0.753113869681 0.272744278028
11:45:56 388 0.1480205 0.314562853053
11:45:57 469 0.152979358209 0.2835209584
11:45:58 428 0.512111264019 0.284180082156
11:45:59 459 0.364170037037 0.290210964263
11:46:00 461 0.145894368764 0.29093597531
11:46:01 388 0.421186216495 0.267172182646
11:46:02 470 0.153726706383 0.294396479936
11:46:03 439 0.404061703872 0.294524446738
11:46:04 517 0.141239119923 0.320263347213
11:46:05 420 0.594819159524 0.319650314438
11:46:06 386 0.14814834456 0.303820843422
11:46:07 455 0.151839672527 0.303833627878
11:46:08 435 0.145987324138 0.30371965931
11:46:09 477 0.605052023061 0.267107265322
11:46:10 423 0.394988274232 0.291195463925
11:46:11 381 0.148458968504 0.316104854471
11:46:12 461 0.153766555315 0.288832129672
11:46:13 439 0.466000785877 0.288836114565
11:46:14 527 0.142180502846 0.295030022766
11:46:15 415 0.622560744578 0.295124161058
11:46:16 393 0.142834776081 0.297898319564
11:46:17 415 0.150337074699 0.297366962716
11:46:18 510 0.141898694118 0.297216702933
11:46:19 423 0.595776182033 0.296807839931
11:46:20 422 0.394903516588 0.295880255828
11:46:21 397 0.14504411335 0.295871780064
11:46:22 424 0.150104820755 0.295530294548
11:46:23 462 0.14318417316 0.295164121093
11:46:24 452 0.421152511062 0.262882459821
11:46:25 501 0.142822938124 0.290779660642
11:46:26 365 0.440915120548 0.242805879997
11:46:27 431 0.146579334107 0.272613914444
11:46:28 458 0.396493539301 0.272238140384
11:46:29 459 0.371929832244 0.297697624903
11:46:30 457 0.362825450766 0.275312989924
11:46:31 377 0.148275798408 0.272105183342
11:46:32 420 0.153762554762 0.272428351847
11:46:33 453 0.144673988962 0.272794125248
11:46:34 527 0.1423008463 0.272943106828
11:46:35 441 0.495293267574 0.245057940352
11:46:36 348 0.148994853448 0.280304973297
11:46:37 436 0.153326341743 0.251112946587
11:46:38 441 0.490267469388 0.251787647351
11:46:39 465 0.356335741935 0.26116504036
11:46:40 451 0.380171159645 0.259605631329
11:46:41 396 0.146869159091 0.261340202217
11:46:42 419 0.150874639618 0.261199538285
11:46:43 436 0.429315662844 0.26091074677
11:46:44 517 0.142633141199 0.289374914159
11:46:45 435 0.529518073563 0.289408143649
11:46:46 394 0.14916115736 0.292830624248
11:46:47 435 0.153817503448 0.292847254639
11:46:48 469 0.141758245203 0.292896370809
11:46:49 487 0.494295494867 0.258045448391
11:46:50 464 0.384380866379 0.271841423684
11:46:51 382 0.145934981675 0.272262394357
11:46:52 415 0.15238473012 0.272168976616
11:46:53 441 0.418552621315 0.272319985666
11:46:54 518 0.14168688417 0.271243681513
11:46:55 418 0.602817787081 0.27114905581
11:46:56 397 0.143821168766 0.278479027162
11:46:57 468 0.148961957265 0.277945028302
11:46:58 523 0.14325300956 0.277459473684
11:46:59 19 50.6005935789 0.27760895012
11:47:00 475 0.144403703158 5.28823875853
11:47:01 325 0.5129372 5.26424104221
11:47:02 414 0.152783161836 5.30094126404
11:47:03 429 0.438048370629 5.30098110721
11:47:04 443 0.392319632054 5.30293068214
11:47:05 503 0.145483449304 5.32799395693
11:47:06 377 0.142219689655 5.28226052315
11:47:07 408 0.154670534314 5.28210037524
11:47:08 515 0.141736594175 5.28267123295
11:47:09 405 0.57768708642 5.28251959141
11:47:10 429 0.433425062937 0.280228942154
11:47:11 334 0.155542092814 0.309131078132
11:47:12 407 0.16534258231 0.273391567414
11:47:13 503 0.158589075547 0.274647509461
11:47:14 384 0.649219385417 0.246701579953
11:47:15 351 0.458969430199 0.272391555289
