################################################################################
# Collectl:   V3.6.0-1  HiRes: 1  Options: -o z -D -P -i 10 -f /mnt/vol2/msevilla/ceph-logs/client/cpu/ 
# Host:       issdm-10  DaemonOpts: -f /var/log/collectl -r00:00,7 -m -F60 -s+YZ
# Distro:       Platform: H8DMR-82
# Date:       20150604-122927  Secs: 1433446167 TZ: -0700
# SubSys:     bcdfijmnstYZ Options: z Interval: 10:60 NumCPUs: 4  NumBud: 4 Flags: i
# Filters:    NfsFilt:  EnvFilt: 
# HZ:         100  Arch: x86_64-linux-gnu-thread-multi PageSize: 4096
# Cpu:        AuthenticAMD Speed(MHz): 2010.212 Cores: 2  Siblings: 2
# Kernel:     3.4.0-030400-generic  Memory: 8177412 kB  Swap: 6289404 kB
# NumDisks:   4 DiskNames: sda sdb sdc sdd
# NumNets:    4 NetNames: eth0:?? eth1:1000 eth2:1000 lo:
# NumSlabs:   133 Version: 2.1
# IConnect:   NumHCAs: 1 PortStates: 0 IBVersion:  PQVersion: 
# SCSI:       DA:0:00:00:00 DA:1:00:00:00 DA:2:00:00:00 DA:3:00:00:00 CD:6:00:01:00
################################################################################
#Date Time [CPU]User% [CPU]Nice% [CPU]Sys% [CPU]Wait% [CPU]Irq% [CPU]Soft% [CPU]Steal% [CPU]Idle% [CPU]Totl% [CPU]Intrpt/sec [CPU]Ctx/sec [CPU]Proc/sec [CPU]ProcQue [CPU]ProcRun [CPU]L-Avg1 [CPU]L-Avg5 [CPU]L-Avg15 [MEM]Tot [MEM]Used [MEM]Free [MEM]Shared [MEM]Buf [MEM]Cached [MEM]Slab [MEM]Map [MEM]Commit [MEM]SwapTot [MEM]SwapUsed [MEM]SwapFree [MEM]SwapIn [MEM]SwapOut [MEM]Dirty [MEM]Clean [MEM]Laundry [MEM]Inactive [MEM]PageIn [MEM]PageOut [MEM]PageFaults [MEM]PageMajFaults [MEM]HugeTotal [MEM]HugeFree [MEM]HugeRsvd [MEM]SUnreclaim [SOCK]Used [SOCK]Tcp [SOCK]Orph [SOCK]Tw [SOCK]Alloc [SOCK]Mem [SOCK]Udp [SOCK]Raw [SOCK]Frag [SOCK]FragMem [NET]RxPktTot [NET]TxPktTot [NET]RxKBTot [NET]TxKBTot [NET]RxCmpTot [NET]RxMltTot [NET]TxCmpTot [NET]RxErrsTot [NET]TxErrsTot [DSK]ReadTot [DSK]WriteTot [DSK]OpsTot [DSK]ReadKBTot [DSK]WriteKBTot [DSK]KbTot [DSK]ReadMrgTot [DSK]WriteMrgTot [DSK]MrgTot [INODE]NumDentry [INODE]openFiles [INODE]MaxFile% [INODE]used [NFS]ReadsS [NFS]WritesS [NFS]MetaS [NFS]CommitS [NFS]Udp [NFS]Tcp [NFS]TcpConn [NFS]BadAuth [NFS]BadClient [NFS]ReadsC [NFS]WritesC [NFS]MetaC [NFS]CommitC [NFS]Retrans [NFS]AuthRef [TCP]PureAcks [TCP]HPAcks [TCP]Loss [TCP]FTrans [BUD]1Page [BUD]2Pages [BUD]4Pages [BUD]8Pages [BUD]16Pages [BUD]32Pages [BUD]64Pages [BUD]128Pages [BUD]256Pages [BUD]512Pages [BUD]1024Pages
20150604 12:30:10 4 0 4 0 0 0 0 92 8 10666 22630 22 249 0 0.17 0.06 0.06 8177412 2272688 5904724 0 333264 1508476 204332 141840 543316 6289404 0 6289404 0 0 156 0 0 909624 0 11 7635 0 0 0 0 22224 284 27 0 0 41 0 0 0 0 0 1130 933 490 212 0 0 0 0 0 0 1 1 0 11 11 0 2 2 170682 1280 0 120556 0 0 0 0 0 0 0 0 0 0 0 0 0 0 1 0 638 0 0 969 211 837 793 381 403 113 62 34 20 1379
20150604 12:30:20 3 0 3 0 0 0 0 94 6 10893 22494 0 249 0 0.14 0.06 0.06 8177412 2271088 5906324 0 333264 1508476 204340 141892 543316 6289404 0 6289404 0 0 4 0 0 909624 0 25 36 0 0 0 0 22240 284 27 0 0 41 0 0 0 0 0 1119 923 489 212 0 0 0 0 0 0 4 4 0 25 25 0 2 2 170681 1280 0 120555 0 0 0 0 0 0 0 0 0 0 0 0 0 0 0 0 641 0 0 1081 238 862 795 382 403 113 62 34 20 1379
20150604 12:30:30 3 0 3 0 0 0 0 94 6 10947 22670 0 249 0 0.12 0.06 0.06 8177412 2269916 5907496 0 333264 1508476 204316 141904 543316 6289404 0 6289404 0 0 4 0 0 909624 0 0 28 0 0 0 0 22216 284 27 0 0 41 0 0 0 0 0 1096 907 491 212 0 0 0 0 0 0 0 0 0 0 0 0 0 0 170681 1280 0 120555 0 0 0 0 0 0 0 0 0 0 0 0 0 0 0 0 649 0 0 1156 263 872 804 385 404 113 62 34 20 1379
20150604 12:30:40 3 0 3 0 0 0 0 94 6 11209 23050 0 249 0 0.10 0.05 0.06 8177412 2270312 5907100 0 333264 1508480 204492 141948 543316 6289404 0 6289404 0 0 8 0 0 909628 0 0 30 0 0 0 0 22392 284 27 0 0 41 0 0 0 0 0 1138 942 501 216 0 0 0 0 0 0 0 0 0 0 0 0 0 0 170681 1280 0 120555 0 0 0 0 0 0 0 0 0 0 0 0 0 0 0 0 656 0 0 1107 258 867 802 386 404 113 62 34 20 1379
20150604 12:30:50 3 0 3 0 0 0 0 93 7 11272 23682 0 249 0 0.32 0.10 0.07 8177412 2270256 5907156 0 333264 1508480 204352 141948 543316 6289404 0 6289404 0 0 8 0 0 909628 0 2 28 0 0 0 0 22248 284 27 0 0 41 0 0 0 0 0 1160 976 519 225 0 0 0 0 0 0 0 0 0 2 2 0 0 0 170682 1280 0 120556 0 0 0 0 0 0 0 0 0 0 0 0 0 0 0 0 685 0 0 1115 259 854 798 387 405 113 62 34 20 1379
20150604 12:31:00 4 0 3 0 0 0 0 93 7 11644 24003 0 249 0 0.42 0.13 0.08 8177412 2270256 5907156 0 333264 1508480 204492 141960 543316 6289404 0 6289404 0 0 8 0 0 909628 0 0 29 0 0 0 0 22392 284 27 0 0 41 1 0 0 0 0 1144 961 518 225 0 0 0 0 0 0 0 0 0 0 0 0 0 0 170682 1280 0 120556 0 0 0 0 0 0 0 0 0 0 0 0 0 0 0 0 688 0 0 1144 264 850 802 387 405 113 62 34 20 1379
20150604 12:31:10 3 0 4 0 0 0 0 93 7 10864 22483 6 249 0 0.43 0.14 0.08 8177412 2272844 5904568 0 333264 1508504 204436 142060 543448 6289404 0 6289404 0 0 84 0 0 909652 0 9 1879 0 0 0 0 22316 284 27 0 0 41 0 0 0 0 0 1076 893 481 210 0 0 0 0 0 0 1 1 0 9 9 0 1 1 170680 1248 0 120554 0 0 0 0 0 0 0 0 0 0 0 0 0 0 0 0 640 0 0 1037 212 792 803 371 406 113 62 34 20 1379
20150604 12:31:20 3 0 3 0 0 0 0 94 6 11178 22855 0 250 0 0.44 0.16 0.09 8177412 2271688 5905724 0 333264 1508504 204624 142112 551780 6289404 0 6289404 0 0 84 0 0 909652 0 3 31 0 0 0 0 22524 284 27 0 0 41 1 0 0 0 0 1114 931 496 215 0 0 0 0 0 0 1 1 0 3 3 0 0 0 170681 1248 0 120555 0 0 0 0 0 0 0 0 0 0 0 0 0 0 0 0 652 0 0 1130 257 813 805 372 405 114 62 34 20 1379
20150604 12:31:30 3 0 3 0 0 0 0 93 7 11580 23353 0 250 0 0.67 0.22 0.11 8177412 2270788 5906624 0 333264 1508504 204500 142588 551780 6289404 0 6289404 0 0 84 0 0 909652 0 0 39 0 0 0 0 22400 284 27 0 0 41 0 0 0 0 0 1161 963 506 218 0 0 0 0 0 0 0 0 0 0 0 0 0 0 170682 1248 0 120556 0 0 0 0 0 0 0 0 0 0 0 0 0 0 0 0 654 0 0 1148 276 817 808 374 406 114 62 34 20 1379
20150604 12:31:40 3 0 3 0 0 0 0 94 6 9676 19705 0 250 0 0.64 0.22 0.11 8177412 2270748 5906664 0 333264 1508516 204596 142600 551780 6289404 0 6289404 0 0 68 0 0 909652 0 3 29 0 0 0 0 22496 284 27 0 0 41 0 0 0 0 0 982 800 426 183 0 0 0 0 0 0 0 0 0 3 3 0 0 0 170666 1248 0 120539 0 0 0 0 0 0 0 0 0 0 0 0 0 0 0 0 552 0 0 1152 271 820 809 374 406 114 62 34 20 1379
20150604 12:31:50 3 0 3 0 0 0 0 94 6 11261 23205 0 250 0 0.61 0.23 0.12 8177412 2270636 5906776 0 333264 1508516 204512 142596 551780 6289404 0 6289404 0 0 12 0 0 909660 0 8 29 0 0 0 0 22412 284 27 0 0 41 2 0 0 0 0 1136 940 504 218 0 0 0 0 0 0 2 2 0 8 8 0 0 0 170667 1248 0 120541 0 0 0 0 0 0 0 0 0 0 0 0 0 0 0 0 662 0 0 1158 272 826 806 375 406 114 62 34 20 1379
20150604 12:32:00 2 0 3 0 0 0 0 95 5 10053 20974 0 250 0 0.67 0.26 0.13 8177412 2270852 5906560 0 333264 1508516 204496 142628 551780 6289404 0 6289404 0 0 12 0 0 909660 0 0 29 0 0 0 0 22396 284 27 0 0 41 0 0 0 0 0 984 816 448 195 0 0 0 0 0 0 0 0 0 0 0 0 0 0 170670 1248 0 120544 0 0 0 0 0 0 0 0 0 0 0 0 0 0 0 0 603 0 0 1100 272 835 807 373 406 114 62 34 20 1379
20150604 12:32:10 3 0 3 0 0 0 0 93 6 9831 20182 6 250 0 0.64 0.27 0.13 8177412 2273524 5903888 0 333264 1508540 204420 142648 551780 6289404 0 6289404 0 0 96 0 0 909676 0 10 2172 0 0 0 0 22308 284 27 0 0 41 0 0 0 0 0 991 817 433 187 0 0 0 0 0 0 1 1 0 10 10 0 2 2 170667 1248 0 120541 0 0 0 0 0 0 0 0 0 0 0 0 0 0 0 0 565 0 0 980 192 753 812 366 406 114 62 34 20 1379
20150604 12:32:20 3 0 3 0 0 0 0 94 6 10415 21967 0 251 0 0.62 0.27 0.14 8177412 2272184 5905228 0 333264 1508540 204300 142632 551780 6289404 0 6289404 0 0 96 0 0 909676 0 2 29 0 0 0 0 22196 284 27 0 0 41 1 0 0 0 0 1157 957 496 213 0 0 0 0 0 0 0 0 0 2 2 0 0 0 170666 1248 0 120540 0 0 0 0 0 0 0 0 0 0 0 0 0 0 0 0 634 0 0 1122 240 790 811 364 405 115 62 34 20 1379
20150604 12:32:30 3 0 3 0 0 0 0 94 6 10565 21910 0 251 0 0.61 0.28 0.14 8177412 2271084 5906328 0 333264 1508540 204328 142640 551780 6289404 0 6289404 0 0 96 0 0 909676 0 0 29 0 0 0 0 22228 284 27 0 0 41 2 0 0 0 0 1123 936 489 211 0 0 0 0 0 0 0 0 0 0 0 0 0 0 170666 1248 0 120540 0 0 0 0 0 0 0 0 0 0 0 0 0 0 0 0 634 0 0 1214 282 796 813 364 405 115 62 34 20 1379
20150604 12:32:40 10 0 7 0 0 0 0 82 18 10609 22718 24 253 1 0.60 0.29 0.14 8177412 2281144 5896268 0 333264 1508544 204436 189324 609812 6289404 0 6289404 0 0 76 0 0 909648 0 16 18564 0 0 0 0 22268 285 28 0 0 42 0 0 0 0 0 1122 929 483 209 0 0 0 0 0 0 1 1 0 16 16 0 0 0 170674 1248 0 120543 0 0 0 0 0 0 0 0 0 0 0 0 0 0 0 2 617 0 0 1085 257 554 780 311 401 113 62 34 20 1379
20150604 12:32:50 6 0 3 0 0 0 0 91 9 9112 18597 1 252 0 0.58 0.30 0.15 8177412 2273272 5904140 0 333264 1508540 204332 142972 560104 6289404 0 6289404 0 0 96 0 0 909664 0 43 2324 0 0 0 0 22152 285 28 0 0 42 0 0 0 0 0 932 786 400 178 0 0 0 0 0 0 4 4 0 43 43 0 5 5 170678 1248 0 120541 0 0 0 0 0 0 0 0 0 0 0 0 0 0 0 1 509 0 0 1898 370 585 813 345 402 113 62 34 20 1379
20150604 12:33:00 3 0 3 0 0 0 0 94 6 11215 22962 0 252 0 0.57 0.30 0.15 8177412 2271692 5905720 0 333264 1508540 204300 143060 560104 6289404 0 6289404 0 0 96 0 0 909664 0 0 31 0 0 0 0 22184 285 28 0 0 42 0 0 0 0 0 1199 1006 515 220 0 0 0 0 0 0 0 0 0 0 0 0 0 0 170678 1248 0 120541 0 0 0 0 0 0 0 0 0 0 0 0 0 0 0 0 652 0 0 1934 389 649 819 348 402 113 62 34 20 1379
20150604 12:33:10 3 0 3 0 0 0 0 93 6 10508 21594 6 252 0 0.63 0.33 0.16 8177412 2274016 5903396 0 333264 1508564 204400 143060 560112 6289404 0 6289404 0 0 120 0 0 909688 0 13 1876 0 0 0 0 22284 285 28 0 0 42 0 0 0 0 0 1034 864 464 202 0 0 0 0 0 0 1 1 0 13 13 0 1 1 170685 1280 0 120548 0 0 0 0 0 0 0 0 0 0 0 0 0 0 0 0 616 0 0 1520 306 643 820 348 402 113 62 34 20 1379
20150604 12:33:20 2 0 2 0 0 0 0 96 4 8068 16561 0 252 0 0.54 0.32 0.16 8177412 2272492 5904920 0 333264 1508564 204520 143100 560112 6289404 0 6289404 0 0 4 0 0 909688 0 14 29 0 0 0 0 22404 285 28 0 0 42 0 0 0 0 0 842 701 364 155 0 0 0 0 0 0 3 3 0 14 14 0 0 0 170687 1280 0 120550 0 0 0 0 0 0 0 0 0 0 0 0 0 0 0 0 464 0 0 1676 355 651 823 348 403 113 62 34 20 1379
20150604 12:33:30 3 0 3 0 0 0 0 94 6 11045 22678 0 252 0 0.77 0.37 0.18 8177412 2271900 5905512 0 333264 1508564 204392 143100 560112 6289404 0 6289404 0 0 4 0 0 909688 0 0 28 0 0 0 0 22276 285 28 0 0 42 1 0 0 0 0 1168 975 503 216 0 0 0 0 0 0 0 0 0 0 0 0 0 0 170685 1280 0 120548 0 0 0 0 0 0 0 0 0 0 0 0 0 0 0 0 643 0 0 1702 384 663 823 349 403 113 62 34 20 1379
20150604 12:33:40 3 0 3 0 0 0 0 94 6 9618 19649 0 252 0 0.73 0.38 0.18 8177412 2271740 5905672 0 333264 1508568 204396 143080 560112 6289404 0 6289404 0 0 4 0 0 909684 0 2 29 0 0 0 0 22280 285 28 0 0 42 0 0 0 0 0 1003 821 429 184 0 0 0 0 0 0 0 0 0 2 2 0 0 0 170686 1280 0 120549 0 0 0 0 0 0 0 0 0 0 0 0 0 0 0 0 552 0 0 1720 385 662 822 349 404 113 62 34 20 1379
20150604 12:33:50 2 0 2 0 0 0 0 95 5 8028 16510 0 252 0 0.62 0.36 0.18 8177412 2271604 5905808 0 333264 1508568 204304 143088 560112 6289404 0 6289404 0 0 4 0 0 909684 0 2 28 0 0 0 0 22188 285 28 0 0 42 2 0 0 0 0 809 673 360 155 0 0 0 0 0 0 0 0 0 2 2 0 0 0 170710 1280 0 120572 0 0 0 0 0 0 0 0 0 0 0 0 0 0 0 0 471 0 0 1726 385 663 821 348 405 113 62 34 20 1379
20150604 12:34:00 3 0 3 0 0 0 0 93 7 11100 22794 0 252 0 0.68 0.38 0.19 8177412 2271664 5905748 0 333264 1508568 204388 143096 560112 6289404 0 6289404 0 0 4 0 0 909684 0 0 29 0 0 0 0 22268 285 28 0 0 42 1 0 0 0 0 1165 957 502 215 0 0 0 0 0 0 0 0 0 0 0 0 0 0 170685 1280 0 120548 0 0 0 0 0 0 0 0 0 0 0 0 0 0 0 0 643 0 0 1734 384 663 821 345 404 114 62 34 20 1379
20150604 12:34:10 3 0 3 0 0 0 0 93 7 10650 22134 6 252 0 0.57 0.37 0.19 8177412 2273764 5903648 0 333264 1508592 204232 142892 560112 6289404 0 6289404 0 0 60 0 0 909708 0 12 1868 0 0 0 0 22108 285 28 0 0 42 0 0 0 0 0 1099 911 484 209 0 0 0 0 0 0 1 1 0 12 12 0 1 1 170687 1216 0 120550 0 0 0 0 0 0 0 0 0 0 0 0 0 0 0 0 630 0 0 1638 306 619 816 347 404 114 62 34 20 1379
20150604 12:34:20 3 0 3 0 0 0 0 94 6 11395 22850 0 252 0 0.64 0.39 0.19 8177412 2272468 5904944 0 333264 1508592 204420 142888 560112 6289404 0 6289404 0 0 60 0 0 909708 0 3 28 0 0 0 0 22300 285 28 0 0 42 1 0 0 0 0 1147 955 498 214 0 0 0 0 0 0 1 1 0 3 3 0 0 0 170685 1216 0 120548 0 0 0 0 0 0 0 0 0 0 0 0 0 0 0 0 640 0 0 1774 353 626 815 347 405 114 62 34 20 1379
20150604 12:34:30 3 0 3 0 0 0 0 94 6 10384 21354 0 252 0 0.62 0.40 0.20 8177412 2271624 5905788 0 333264 1508592 204444 142896 560112 6289404 0 6289404 0 0 60 0 0 909708 0 0 30 0 0 0 0 22320 285 28 0 0 42 2 0 0 0 0 1054 871 464 201 0 0 0 0 0 0 0 0 0 0 0 0 0 0 170686 1216 0 120549 0 0 0 0 0 0 0 0 0 0 0 0 0 0 0 0 610 0 0 1868 373 644 815 346 406 114 62 34 20 1379
20150604 12:34:40 3 0 3 0 0 0 0 94 6 10610 22015 0 252 0 0.68 0.42 0.21 8177412 2271708 5905704 0 333264 1508596 204492 142932 560112 6289404 0 6289404 0 0 60 0 0 909700 0 2 28 0 0 0 0 22368 285 28 0 0 42 1 0 0 0 0 1059 878 475 206 0 0 0 0 0 0 0 0 0 2 2 0 0 0 170686 1216 0 120549 0 0 0 0 0 0 0 0 0 0 0 0 0 0 0 0 631 0 0 1854 372 647 810 346 406 114 62 34 20 1379
20150604 12:34:50 3 0 3 0 0 0 0 93 7 10609 21829 0 252 0 0.66 0.42 0.21 8177412 2271604 5905808 0 333264 1508596 204408 142932 560112 6289404 0 6289404 0 0 4 0 0 909700 0 8 34 0 0 0 0 22288 285 28 0 0 42 0 0 0 0 0 1108 910 479 206 0 0 0 0 0 0 2 2 0 8 8 0 0 0 170687 1216 0 120550 0 0 0 0 0 0 0 0 0 0 0 0 0 0 0 0 619 0 0 1826 371 655 813 346 406 114 62 34 20 1379
20150604 12:35:00 3 0 3 0 0 0 0 94 6 10225 21297 0 252 0 0.71 0.44 0.22 8177412 2271496 5905916 0 333264 1508596 204440 142932 560112 6289404 0 6289404 0 0 8 0 0 909700 0 2 29 0 0 0 0 22320 285 28 0 0 42 1 0 0 0 0 1086 895 470 203 0 0 0 0 0 0 0 0 0 2 2 0 0 0 170686 1216 0 120549 0 0 0 0 0 0 0 0 0 0 0 0 0 0 0 0 608 0 0 1847 370 657 816 346 406 114 62 34 20 1379
20150604 12:35:10 3 0 3 0 0 0 0 93 7 10570 21947 6 252 0 0.60 0.42 0.22 8177412 2273664 5903748 0 333264 1508620 204416 142924 560112 6289404 0 6289404 0 0 60 0 0 909716 0 12 1966 0 0 0 0 22284 285 28 0 0 42 1 0 0 0 0 1098 909 481 208 0 0 0 0 0 0 1 1 0 12 12 0 1 1 170691 1280 0 120554 0 0 0 0 0 0 0 0 0 0 0 0 0 0 0 0 627 0 0 1566 257 645 814 347 406 114 62 34 20 1379
20150604 12:35:20 3 0 3 0 0 0 0 94 6 10439 21644 0 252 0 0.51 0.41 0.22 8177412 2272184 5905228 0 333264 1508620 204364 142928 560112 6289404 0 6289404 0 0 60 0 0 909716 0 2 28 0 0 0 0 22244 285 28 0 0 42 2 0 0 0 0 1028 860 468 203 0 0 0 0 0 0 0 0 0 2 2 0 0 0 170686 1248 0 120549 0 0 0 0 0 0 0 0 0 0 0 0 0 0 0 0 622 0 0 1728 323 657 817 348 406 114 62 34 20 1379
20150604 12:35:30 3 0 3 0 0 0 0 93 7 10787 22148 0 252 0 0.67 0.45 0.23 8177412 2271640 5905772 0 333264 1508620 204384 142924 560112 6289404 0 6289404 0 0 4 0 0 909716 0 6 28 0 0 0 0 22264 285 28 0 0 42 2 0 0 0 0 1156 951 492 210 0 0 0 0 0 0 1 1 0 6 6 0 0 0 170686 1248 0 120549 0 0 0 0 0 0 0 0 0 0 0 0 0 0 0 0 625 0 0 1781 337 654 819 348 406 114 62 34 20 1379
20150604 12:35:40 3 0 3 0 0 0 0 95 5 9443 19256 0 252 0 0.56 0.43 0.23 8177412 2271636 5905776 0 333264 1508628 204368 142900 560112 6289404 0 6289404 0 0 4 0 0 909716 0 2 29 0 0 0 0 22248 285 28 0 0 42 0 0 0 0 0 974 801 421 181 0 0 0 0 0 0 0 0 0 2 2 0 0 0 170687 1248 0 120550 0 0 0 0 0 0 0 0 0 0 0 0 0 0 0 0 543 0 0 1758 337 659 820 348 406 114 62 34 20 1379
20150604 12:35:50 3 0 3 0 0 0 0 94 6 10932 22268 0 252 0 0.55 0.43 0.23 8177412 2271864 5905548 0 333264 1508628 204496 142900 560112 6289404 0 6289404 0 0 4 0 0 909716 0 2 28 0 0 0 0 22376 285 28 0 0 42 0 0 0 0 0 1122 931 488 209 0 0 0 0 0 0 0 0 0 2 2 0 0 0 170686 1248 0 120549 0 0 0 0 0 0 0 0 0 0 0 0 0 0 0 0 627 0 0 1733 337 662 820 348 406 114 62 34 20 1379
20150604 12:36:00 3 0 3 0 0 0 0 94 6 10299 21443 0 252 0 0.47 0.42 0.23 8177412 2271460 5905952 0 333264 1508628 204452 142796 560112 6289404 0 6289404 0 0 4 0 0 909716 0 0 29 0 0 0 0 22332 285 28 0 0 42 0 0 0 0 0 1049 878 467 203 0 0 0 0 0 0 0 0 0 0 0 0 0 0 170686 1248 0 120549 0 0 0 0 0 0 0 0 0 0 0 0 0 0 0 1 616 0 0 1778 345 671 817 348 406 114 62 34 20 1379
20150604 12:36:10 4 0 3 0 0 0 0 93 7 10833 22242 6 252 0 0.47 0.42 0.23 8177412 2273812 5903600 0 333264 1508656 204432 142796 560112 6289404 0 6289404 0 0 64 0 0 909736 0 12 1866 0 0 0 0 22308 285 28 0 0 42 1 0 0 0 0 1111 928 486 208 0 0 0 0 0 0 1 1 0 12 12 0 1 1 170686 1312 0 120548 0 0 0 0 0 0 0 0 0 0 0 0 0 0 0 0 624 0 0 1575 280 610 820 347 406 114 62 34 20 1379
20150604 12:36:20 3 0 3 0 0 0 0 94 6 10885 22390 0 252 0 0.55 0.44 0.24 8177412 2272284 5905128 0 333264 1508656 204388 142792 560112 6289404 0 6289404 0 0 64 0 0 909736 0 2 28 0 0 0 0 22268 285 28 0 0 42 1 0 0 0 0 1143 952 492 211 0 0 0 0 0 0 0 0 0 2 2 0 0 0 170685 1312 0 120548 0 0 0 0 0 0 0 0 0 0 0 0 0 0 0 0 629 0 0 1782 314 630 820 347 406 114 62 34 20 1379
20150604 12:36:30 2 0 3 0 0 0 0 95 5 8664 17990 0 252 0 0.47 0.43 0.23 8177412 2271740 5905672 0 333264 1508656 204536 142724 560112 6289404 0 6289404 0 0 64 0 0 909736 0 0 30 0 0 0 0 22416 285 28 0 0 42 0 0 0 0 0 890 744 394 169 0 0 0 0 0 0 0 0 0 0 0 0 0 0 170685 1312 0 120548 0 0 0 0 0 0 0 0 0 0 0 0 0 0 0 0 510 0 0 1812 337 660 822 345 405 114 62 34 20 1379
20150604 12:36:40 3 0 3 0 0 0 0 95 5 9545 19547 0 252 0 0.47 0.43 0.24 8177412 2271620 5905792 0 333264 1508660 204508 142772 560112 6289404 0 6289404 0 0 60 0 0 909728 0 2 28 0 0 0 0 22388 285 28 0 0 42 1 0 0 0 0 959 798 425 185 0 0 0 0 0 0 0 0 0 2 2 0 0 0 170685 1312 0 120548 0 0 0 0 0 0 0 0 0 0 0 0 0 0 0 0 562 0 0 1828 338 653 822 347 405 114 62 34 20 1379
20150604 12:36:50 3 0 3 0 0 0 0 94 6 10958 22161 0 252 0 0.62 0.46 0.25 8177412 2271712 5905700 0 333264 1508660 204504 142768 560112 6289404 0 6289404 0 0 20 0 0 909728 0 10 28 0 0 0 0 22384 285 28 0 0 42 1 0 0 0 0 1056 878 472 205 0 0 0 0 0 0 2 2 0 10 10 0 1 1 170686 1312 0 120549 0 0 0 0 0 0 0 0 0 0 0 0 0 0 0 0 624 0 0 1771 345 660 822 348 405 114 62 34 20 1379
20150604 12:37:00 3 0 3 0 0 0 0 94 6 10549 21327 0 252 0 0.60 0.46 0.25 8177412 2271640 5905772 0 333264 1508660 204328 142772 560112 6289404 0 6289404 0 0 20 0 0 909728 0 0 28 0 0 0 0 22208 285 28 0 0 42 1 0 0 0 0 1010 834 453 197 0 0 0 0 0 0 0 0 0 0 0 0 0 0 170686 1312 0 120549 0 0 0 0 0 0 0 0 0 0 0 0 0 0 0 0 603 0 0 1773 345 656 823 348 405 114 62 34 20 1379
20150604 12:37:10 4 0 4 0 0 0 0 93 7 10781 22096 6 252 0 0.58 0.47 0.25 8177412 2273892 5903520 0 333264 1508684 204520 142768 560112 6289404 0 6289404 0 0 72 0 0 909752 0 12 1873 0 0 0 0 22380 285 28 0 0 42 1 0 0 0 0 1105 915 480 207 0 0 0 0 0 0 1 1 0 12 12 0 1 1 170685 1248 0 120548 0 0 0 0 0 0 0 0 0 0 0 0 0 0 0 0 624 0 0 1543 308 602 820 347 406 114 62 34 20 1379
20150604 12:37:20 3 0 3 0 0 0 0 94 6 9766 20007 0 251 0 0.57 0.47 0.26 8177412 2272456 5904956 0 333264 1508684 204532 142784 560112 6289404 0 6289404 0 0 4 0 0 909752 0 9 29 0 0 0 0 22412 285 28 0 0 42 1 0 0 0 0 957 800 429 186 0 0 0 0 0 0 2 2 0 9 9 0 0 0 170678 1248 0 120541 0 0 0 0 0 0 0 0 0 0 0 0 0 0 0 0 568 0 0 1733 349 619 819 347 406 114 62 34 20 1379
20150604 12:37:30 3 0 3 0 0 0 0 94 6 10413 21260 0 251 0 0.48 0.45 0.25 8177412 2271792 5905620 0 333264 1508684 204452 142784 560112 6289404 0 6289404 0 0 4 0 0 909752 0 0 29 0 0 0 0 22332 285 28 0 0 42 1 0 0 0 0 1052 871 463 199 0 0 0 0 0 0 0 0 0 0 0 0 0 0 170678 1248 0 120541 0 0 0 0 0 0 0 0 0 0 0 0 0 0 0 0 600 0 0 1831 355 628 820 347 406 114 62 34 20 1379
20150604 12:37:40 2 0 3 0 0 0 0 95 5 9411 18875 0 251 0 0.41 0.44 0.25 8177412 2271588 5905824 0 333264 1508684 204436 142780 560112 6289404 0 6289404 0 0 4 0 0 909740 0 2 29 0 0 0 0 22316 283 26 0 2 40 1 0 0 0 0 901 748 401 173 0 0 0 0 0 0 0 0 0 2 2 0 0 0 170679 1248 0 120540 0 0 0 0 0 0 0 0 0 0 0 0 0 0 0 0 524 0 0 1842 365 627 821 347 406 114 62 34 20 1379
20150604 12:37:50 3 0 3 0 0 0 0 94 6 10896 22152 0 251 0 0.42 0.44 0.25 8177412 2271648 5905764 0 333264 1508684 204516 142780 560112 6289404 0 6289404 0 0 4 0 0 909740 0 2 28 0 0 0 0 22396 283 26 0 2 40 0 0 0 0 0 1085 892 476 205 0 0 0 0 0 0 0 0 0 2 2 0 0 0 170678 1248 0 120539 0 0 0 0 0 0 0 0 0 0 0 0 0 0 0 0 622 0 0 1847 369 626 819 347 406 114 62 34 20 1379
20150604 12:38:00 2 0 3 0 0 0 0 95 5 8441 17253 0 251 0 0.43 0.44 0.26 8177412 2271644 5905768 0 333264 1508684 204532 142780 560112 6289404 0 6289404 0 0 4 0 0 909740 0 0 29 0 0 0 0 22412 283 26 0 2 40 2 0 0 0 0 851 703 374 160 0 0 0 0 0 0 0 0 0 0 0 0 0 0 170678 1248 0 120539 0 0 0 0 0 0 0 0 0 0 0 0 0 0 0 0 484 0 0 1846 368 626 820 347 406 114 62 34 20 1379
20150604 12:38:10 3 0 3 0 0 0 0 93 7 10311 21213 6 251 0 0.37 0.43 0.25 8177412 2274500 5902912 0 333264 1508712 204588 142780 560112 6289404 0 6289404 0 0 64 0 0 909768 0 12 1874 0 0 0 0 22464 283 26 0 2 40 1 0 0 0 0 1074 885 464 199 0 0 0 0 0 0 1 1 0 12 12 0 1 1 170678 1280 0 120539 0 0 0 0 0 0 0 0 0 0 0 0 0 0 0 0 596 0 0 1449 305 626 824 337 406 114 62 34 20 1379
20150604 12:38:20 3 0 3 0 0 0 0 94 6 10015 20538 0 251 0 0.38 0.43 0.26 8177412 2273184 5904228 0 333264 1508712 204636 142824 560112 6289404 0 6289404 0 0 64 0 0 909764 0 3 29 0 0 0 0 22512 283 26 0 2 40 2 0 0 0 0 1038 858 450 193 0 0 0 0 0 0 1 1 0 3 3 0 0 0 170678 1280 0 120539 0 0 0 0 0 0 0 0 0 0 0 0 0 0 0 0 579 0 0 1647 327 634 826 338 406 114 62 34 20 1379
20150604 12:38:30 3 0 3 0 0 0 0 94 6 10470 21776 0 251 0 0.33 0.41 0.25 8177412 2272256 5905156 0 333264 1508712 204552 142816 560112 6289404 0 6289404 0 0 64 0 0 909764 0 0 28 0 0 0 0 22432 283 26 0 2 40 2 0 0 0 0 1085 910 478 207 0 0 0 0 0 0 0 0 0 0 0 0 0 0 170678 1280 0 120539 0 0 0 0 0 0 0 0 0 0 0 0 0 0 0 0 622 0 0 1707 365 661 821 338 406 114 62 34 20 1379
20150604 12:38:40 3 0 3 0 0 0 0 94 6 10996 22722 0 251 0 0.28 0.40 0.25 8177412 2272104 5905308 0 333264 1508720 204520 142816 560112 6289404 0 6289404 0 0 60 0 0 909764 0 3 28 0 0 0 0 22400 283 26 0 0 40 1 0 0 0 0 1162 969 502 216 0 0 0 0 0 0 0 0 0 3 3 0 0 0 170678 1280 0 120539 0 0 0 0 0 0 0 0 0 0 0 0 0 0 0 0 642 0 0 1723 360 661 823 339 406 114 62 34 20 1379
20150604 12:38:50 3 0 3 0 0 0 0 94 6 9697 19585 0 251 0 0.23 0.39 0.25 8177412 2271880 5905532 0 333264 1508720 204512 142820 560112 6289404 0 6289404 0 0 20 0 0 909764 0 10 28 0 0 0 0 22392 283 26 0 0 40 1 0 0 0 0 985 819 428 183 0 0 0 0 0 0 2 2 0 10 10 0 1 1 170678 1280 0 120539 0 0 0 0 0 0 0 0 0 0 0 0 0 0 0 0 548 0 0 1753 363 658 825 339 406 114 62 34 20 1379
20150604 12:39:00 3 0 3 0 0 0 0 94 6 10914 22314 0 251 0 0.27 0.39 0.25 8177412 2271804 5905608 0 333264 1508720 204480 142796 560112 6289404 0 6289404 0 0 20 0 0 909764 0 0 29 0 0 0 0 22360 283 26 0 0 40 0 0 0 0 0 1081 892 480 208 0 0 0 0 0 0 0 0 0 0 0 0 0 0 170677 1280 0 120538 0 0 0 0 0 0 0 0 0 0 0 0 0 0 0 0 635 0 0 1784 365 651 827 339 406 114 62 34 20 1379
20150604 12:39:10 3 0 3 0 0 0 0 95 5 8458 17360 6 251 0 0.30 0.39 0.25 8177412 2273996 5903416 0 333264 1508744 204460 142800 560112 6289404 0 6289404 0 0 72 0 0 909780 0 12 2231 0 0 0 0 22340 283 26 0 0 40 0 0 0 0 0 831 694 369 161 0 0 0 0 0 0 1 1 0 12 12 0 1 1 170678 1248 0 120539 0 0 0 0 0 0 0 0 0 0 0 0 0 0 0 0 488 0 0 1600 330 613 829 333 406 114 62 34 20 1379
20150604 12:39:20 3 0 3 0 0 0 0 94 6 10124 21133 0 251 0 0.40 0.41 0.26 8177412 2273056 5904356 0 333264 1508744 204644 142796 560112 6289404 0 6289404 0 0 4 0 0 909780 0 9 28 0 0 0 0 22516 283 26 0 0 40 1 0 0 0 0 1013 842 457 199 0 0 0 0 0 0 2 2 0 9 9 0 0 0 170678 1248 0 120539 0 0 0 0 0 0 0 0 0 0 0 0 0 0 0 0 611 0 0 1720 356 616 829 335 406 114 62 34 20 1379
20150604 12:39:30 3 0 3 0 0 0 0 94 6 11052 22865 0 251 0 0.42 0.42 0.26 8177412 2272056 5905356 0 333264 1508744 204544 142796 560112 6289404 0 6289404 0 0 4 0 0 909780 0 0 28 0 0 0 0 22420 283 26 0 0 40 2 0 0 0 0 1155 964 504 217 0 0 0 0 0 0 0 0 0 0 0 0 0 0 170678 1248 0 120539 0 0 0 0 0 0 0 0 0 0 0 0 0 0 0 0 650 0 0 1809 387 627 833 335 405 114 62 34 20 1379
20150604 12:39:40 3 0 3 0 0 0 0 94 6 10218 21013 0 251 0 0.43 0.42 0.26 8177412 2271648 5905764 0 333264 1508744 204492 142796 560112 6289404 0 6289404 0 0 12 0 0 909780 0 0 29 0 0 0 0 22372 283 26 0 0 40 2 0 0 0 0 1055 880 465 200 0 0 0 0 0 0 0 0 0 0 0 0 0 0 170678 1248 0 120539 0 0 0 0 0 0 0 0 0 0 0 0 0 0 0 0 604 0 0 1871 391 631 835 334 405 114 62 34 20 1379
20150604 12:39:50 2 0 2 0 0 0 0 95 5 8149 16278 0 251 0 0.51 0.44 0.27 8177412 2271628 5905784 0 333264 1508744 204508 142792 560112 6289404 0 6289404 0 0 16 0 0 909780 0 2 28 0 0 0 0 22388 283 26 0 0 40 0 0 0 0 0 814 667 354 151 0 0 0 0 0 0 0 0 0 2 2 0 0 0 170677 1248 0 120538 0 0 0 0 0 0 0 0 0 0 0 0 0 0 0 1 456 0 0 1872 393 634 834 336 405 114 62 34 20 1379
20150604 12:40:00 3 0 3 0 0 0 0 94 6 10852 22384 1 251 0 0.59 0.46 0.28 8177412 2271768 5905644 0 333264 1508744 204420 142796 560112 6289404 0 6289404 0 0 28 0 0 909768 0 1 332 0 0 0 0 22260 283 26 0 0 40 0 0 0 0 0 1124 939 495 212 0 0 0 0 0 0 0 0 0 1 1 0 0 0 170678 1216 0 120539 0 0 0 0 0 0 0 0 0 0 0 0 0 0 0 0 636 0 0 1773 393 632 832 338 406 114 62 34 20 1379
20150604 12:40:10 4 0 3 0 0 0 0 93 7 10574 22146 6 251 0 0.50 0.44 0.28 8177412 2274188 5903224 0 333264 1508768 204488 142788 560112 6289404 0 6289404 0 0 64 0 0 909792 0 15 1873 0 0 0 0 22360 283 26 0 0 40 0 0 0 0 0 1073 902 477 207 0 0 0 0 0 0 2 2 0 15 15 0 2 2 170678 1280 0 120539 0 0 0 0 0 0 0 0 0 0 0 0 0 0 0 0 628 0 0 1531 299 597 827 342 406 114 62 34 20 1379
20150604 12:40:20 3 0 3 0 0 0 0 94 6 10163 21120 0 252 0 0.57 0.46 0.29 8177412 2272944 5904468 0 333264 1508768 204596 142788 560112 6289404 0 6289404 0 0 60 0 0 909792 0 2 28 0 0 0 0 22472 283 26 0 0 40 0 0 0 0 0 1046 863 463 200 0 0 0 0 0 0 0 0 0 2 2 0 0 0 170678 1280 0 120539 0 0 0 0 0 0 0 0 0 0 0 0 0 0 0 0 608 0 0 1646 361 609 828 342 406 114 62 34 20 1379
20150604 12:40:30 3 0 3 0 0 0 0 94 6 10956 22791 0 252 0 0.64 0.48 0.29 8177412 2272240 5905172 0 333264 1508768 204584 142788 560112 6289404 0 6289404 0 0 4 0 0 909792 0 6 28 0 0 0 0 22456 283 26 0 0 40 1 0 0 0 0 1102 919 494 213 0 0 0 0 0 0 1 1 0 6 6 0 0 0 170678 1280 0 120539 0 0 0 0 0 0 0 0 0 0 0 0 0 0 0 0 650 0 0 1731 387 619 827 343 406 114 62 34 20 1379
20150604 12:40:40 3 0 3 0 0 0 0 94 6 10717 22116 0 252 0 0.54 0.46 0.29 8177412 2271964 5905448 0 333264 1508772 204504 142792 560112 6289404 0 6289404 0 0 20 0 0 909788 0 0 29 0 0 0 0 22380 283 26 0 0 40 2 0 0 0 0 1088 895 479 206 0 0 0 0 0 0 0 0 0 0 0 0 0 0 170678 1280 0 120539 0 0 0 0 0 0 0 0 0 0 0 0 0 0 0 0 625 0 0 1752 399 625 824 343 406 114 62 34 20 1379
20150604 12:40:50 1 0 1 0 0 0 0 98 2 3547 7348 0 250 0 0.46 0.45 0.29 8177412 2269160 5908252 0 333264 1508772 204536 139012 546668 6289404 0 6289404 0 0 48 0 0 909220 0 6 42 0 0 0 0 22412 268 18 0 4 29 0 0 0 0 0 367 304 161 70 0 0 0 0 0 0 1 1 0 6 6 0 1 1 170632 1184 0 120492 0 0 0 0 0 0 0 0 0 0 0 0 0 0 0 0 214 0 0 2089 419 652 831 351 406 114 62 34 20 1379
20150604 12:41:00 0 0 0 0 0 0 0 100 0 87 171 0 250 0 0.39 0.43 0.28 8177412 2269200 5908212 0 333264 1508772 204536 139008 546668 6289404 0 6289404 0 0 48 0 0 909220 0 0 28 0 0 0 0 22412 268 18 0 4 29 0 0 0 0 0 0 0 0 0 0 0 0 0 0 0 0 0 0 0 0 0 0 0 170632 1184 0 120492 0 0 0 0 0 0 0 0 0 0 0 0 0 0 0 0 0 0 0 2041 416 661 832 351 406 114 62 34 20 1379
20150604 12:41:10 0 0 0 0 0 0 0 99 1 124 267 6 250 0 0.33 0.42 0.28 8177412 2271100 5906312 0 333264 1508796 204596 138992 546548 6289404 0 6289404 0 0 60 0 0 909244 0 12 1868 0 0 0 0 22472 268 18 0 4 29 0 0 0 0 0 2 2 0 0 0 0 0 0 0 0 1 1 0 12 12 0 1 1 170640 1152 0 120500 0 0 0 0 0 0 0 0 0 0 0 0 0 0 0 0 0 0 0 1764 341 679 813 353 406 114 62 34 20 1379
20150604 12:41:20 0 0 0 0 0 0 0 100 0 92 172 0 250 0 0.28 0.41 0.28 8177412 2269820 5907592 0 333264 1508796 204596 138992 546548 6289404 0 6289404 0 0 60 0 0 909244 0 7 28 0 0 0 0 22472 268 18 0 4 29 0 0 0 0 0 1 1 0 0 0 0 0 0 0 0 2 2 0 7 7 0 0 0 170640 1152 0 120500 0 0 0 0 0 0 0 0 0 0 0 0 0 0 0 0 0 0 0 1878 386 700 817 353 406 114 62 34 20 1379
20150604 12:41:30 0 0 0 0 0 0 0 100 0 84 168 0 250 0 0.23 0.39 0.28 8177412 2269316 5908096 0 333264 1508796 204596 139012 546548 6289404 0 6289404 0 0 4 0 0 909244 0 0 28 0 0 0 0 22472 268 18 0 4 29 0 0 0 0 0 0 0 0 0 0 0 0 0 0 0 0 0 0 0 0 0 0 0 170640 1152 0 120500 0 0 0 0 0 0 0 0 0 0 0 0 0 0 0 0 0 0 0 1943 410 707 819 353 406 114 62 34 20 1379
