# time nrequests latency average
13:02:53 0  0.0 0.0
13:02:54 682 0.163986753666 0.0
13:02:55 817 0.177015428397 0.0
13:02:56 938 0.151094078891 0.0
13:02:57 561 0.150193242424 0.0
13:02:58 1006 0.154989520875 0.0
13:02:59 820 0.170387121951 0.0
13:03:00 897 0.155647799331 0.0
13:03:01 820 0.161083712195 0.0
13:03:02 935 0.148730679144 0.0
13:03:03 303 0.299595610561 0.0
13:03:04 712 0.14834155618 0.173272394744
13:03:05 824 0.157443697816 0.171707874995
13:03:06 701 0.164179920114 0.169750701937
13:03:07 968 0.152191457645 0.171059286059
13:03:08 203 0.106656093596 0.171259107581
13:03:09 332 0.114700674699 0.166425764853
13:03:10 0  0.114700674699 0.166425764853
13:03:11 0  0.114700674699 0.166425764853
13:03:12 0  0.114700674699 0.166425764853
13:03:13 0  0.114700674699 0.166425764853
13:03:14 0  0.114700674699 0.166425764853
13:03:15 0  0.114700674699 0.166425764853
13:03:16 0  0.114700674699 0.166425764853
13:03:17 0  0.114700674699 0.166425764853
13:03:18 0  0.114700674699 0.166425764853
13:03:19 0  0.114700674699 0.166425764853
13:03:20 0  0.114700674699 0.166425764853
13:03:21 0  0.114700674699 0.166425764853
13:03:22 0  0.114700674699 0.166425764853
13:03:23 0  0.114700674699 0.166425764853
13:03:24 0  0.114700674699 0.166425764853
13:03:25 0  0.114700674699 0.166425764853
13:03:26 0  0.114700674699 0.166425764853
13:03:27 0  0.114700674699 0.166425764853
13:03:28 0  0.114700674699 0.166425764853
13:03:29 0  0.114700674699 0.166425764853
13:03:30 0  0.114700674699 0.166425764853
13:03:31 0  0.114700674699 0.166425764853
13:03:32 0  0.114700674699 0.166425764853
13:03:33 0  0.114700674699 0.166425764853
13:03:34 0  0.114700674699 0.166425764853
13:03:35 0  0.114700674699 0.166425764853
13:03:36 0  0.114700674699 0.166425764853
13:03:37 0  0.114700674699 0.166425764853
13:03:38 363 0.109563534435 0.160857120128
13:03:39 138 0.102949021739 0.156248693638
13:03:40 0  0.102949021739 0.156248693638
13:03:41 0  0.102949021739 0.156248693638
13:03:42 0  0.102949021739 0.156248693638
13:03:43 0  0.102949021739 0.156248693638
13:03:44 0  0.102949021739 0.156248693638
13:03:45 0  0.102949021739 0.156248693638
13:03:46 0  0.102949021739 0.156248693638
13:03:47 0  0.102949021739 0.156248693638
13:03:48 0  0.102949021739 0.156248693638
13:03:49 0  0.102949021739 0.156248693638
13:03:50 0  0.102949021739 0.156248693638
13:03:51 0  0.102949021739 0.156248693638
13:03:52 0  0.102949021739 0.156248693638
13:03:53 0  0.102949021739 0.156248693638
13:03:54 0  0.102949021739 0.156248693638
13:03:55 0  0.102949021739 0.156248693638
13:03:56 0  0.102949021739 0.156248693638
13:03:57 0  0.102949021739 0.156248693638
13:03:58 0  0.102949021739 0.156248693638
13:03:59 0  0.102949021739 0.156248693638
13:04:00 0  0.102949021739 0.156248693638
13:04:01 0  0.102949021739 0.156248693638
13:04:02 0  0.102949021739 0.156248693638
13:04:03 0  0.102949021739 0.156248693638
13:04:04 0  0.102949021739 0.156248693638
13:04:05 0  0.102949021739 0.156248693638
13:04:06 0  0.102949021739 0.156248693638
13:04:07 0  0.102949021739 0.156248693638
13:04:08 737 0.112521472185 0.150435224593
13:04:09 766 0.110498267624 0.146814303897
13:04:10 0  0.110498267624 0.146814303897
13:04:11 0  0.110498267624 0.146814303897
13:04:12 0  0.110498267624 0.146814303897
13:04:13 0  0.110498267624 0.146814303897
13:04:14 0  0.110498267624 0.146814303897
13:04:15 0  0.110498267624 0.146814303897
13:04:16 501 0.107863912176 0.127904569603
13:04:17 501 0.106628037924 0.123856805203
13:04:18 501 0.121294850299 0.118775239214
13:04:19 6 0.187288 0.114486732232
13:04:20 996 0.109922849398 0.117996386468
13:04:21 729 0.146117824417 0.118323062048
13:04:22 774 0.106880125323 0.12146477702
13:04:23 574 0.10048761324 0.121196436108
13:04:24 478 0.101049305439 0.120950295259
13:04:25 762 0.113094156168 0.119803078584
13:04:26 568 0.109948625 0.120062667438
13:04:27 547 0.11430185192 0.120271138721
13:04:28 680 0.103786573529 0.12103852012
13:04:29 399 0.100194360902 0.119287692443
13:04:30 0  0.100194360902 0.119287692443
13:04:31 0  0.100194360902 0.119287692443
13:04:32 0  0.100194360902 0.119287692443
13:04:33 440 0.102293077273 0.110578328534
13:04:34 61 0.102948786885 0.109815351321
13:04:35 0  0.102948786885 0.109815351321
13:04:36 0  0.102948786885 0.109815351321
13:04:37 0  0.102948786885 0.109815351321
13:04:38 0  0.102948786885 0.109815351321
13:04:39 0  0.102948786885 0.109815351321
13:04:40 0  0.102948786885 0.109815351321
13:04:41 0  0.102948786885 0.109815351321
13:04:42 0  0.102948786885 0.109815351321
13:04:43 0  0.102948786885 0.109815351321
13:04:44 0  0.102948786885 0.109815351321
13:04:45 0  0.102948786885 0.109815351321
13:04:46 0  0.102948786885 0.109815351321
13:04:47 0  0.102948786885 0.109815351321
13:04:48 0  0.102948786885 0.109815351321
13:04:49 536 0.112569641791 0.105498447568
13:04:50 499 0.139531334669 0.106067399215
13:04:51 517 0.146870589942 0.109971771358
13:04:52 483 0.152999855072 0.114553899808
13:04:53 466 0.13107505794 0.118544469698
13:04:54 481 0.103320195426 0.120657112992
13:04:55 24 0.08958525 0.119558947343
13:04:56 606 0.108152042904 0.11813881499
13:04:57 771 0.11125360441 0.11893458319
13:04:58 316 0.108595632911 0.119830635904
13:04:59 311 0.102785257235 0.120395320507
13:05:00 0  0.102785257235 0.120395320507
13:05:01 0  0.102785257235 0.120395320507
13:05:02 0  0.102785257235 0.120395320507
13:05:03 0  0.102785257235 0.120395320507
13:05:04 0  0.102785257235 0.120395320507
13:05:05 376 0.101649484043 0.119416882051
13:05:06 529 0.111650277883 0.115628696988
13:05:07 598 0.112237040134 0.112106665782
13:05:08 671 0.108198295082 0.108030384289
13:05:09 331 0.101764854985 0.105742708003
13:05:10 501 0.102337173653 0.105587173959
13:05:11 501 0.109381145709 0.106862366324
13:05:12 501 0.114654391218 0.106985276604
13:05:13 501 0.107840506986 0.107325355285
13:05:14 0  0.107840506986 0.107325355285
13:05:15 0  0.107840506986 0.107325355285
13:05:16 0  0.107840506986 0.107325355285
13:05:17 0  0.107840506986 0.107325355285
13:05:18 0  0.107840506986 0.107325355285
13:05:19 0  0.107840506986 0.107325355285
13:05:20 0  0.107840506986 0.107325355285
13:05:21 0  0.107840506986 0.107325355285
13:05:22 465 0.112774475269 0.107249842693
13:05:23 179 0.106452363128 0.108248764496
13:05:24 233 0.098369888412 0.108729052405
13:05:25 536 0.125625309701 0.107401013457
13:05:26 591 0.112068664975 0.108739840414
13:05:27 490 0.157062595918 0.109126877404
13:05:28 392 0.132001058673 0.114656651497
13:05:29 621 0.103781708535 0.117623039999
13:05:30 454 0.135491486784 0.117063096282
13:05:31 548 0.112789822993 0.119146805838
13:05:32 414 0.152407751208 0.119641737439
13:05:33 363 0.125401509642 0.123605065033
13:05:34 225 0.10558464 0.125499979684
13:05:35 0  0.10558464 0.125499979684
13:05:36 0  0.10558464 0.125499979684
13:05:37 85 0.0982261882353 0.126221454843
13:05:38 408 0.100776267157 0.123481542696
13:05:39 8 0.103956375 0.122352302915
13:05:40 0  0.103956375 0.122352302915
13:05:41 501 0.105485768463 0.117041680823
13:05:42 590 0.109871508475 0.114390151802
13:05:43 412 0.0972713228155 0.114999131796
13:05:44 0  0.0972713228155 0.114999131796
13:05:45 28 0.100912964286 0.111177115399
13:05:46 644 0.112150434783 0.109989429528
13:05:47 790 0.110455797468 0.105963697886
13:05:48 442 0.102427687783 0.104469126668
13:05:49 100 0.09741636 0.104153431446
13:05:50 0  0.09741636 0.104153431446
13:05:51 0  0.09741636 0.104153431446
13:05:52 0  0.09741636 0.104153431446
13:05:53 0  0.09741636 0.104153431446
13:05:54 0  0.09741636 0.104153431446
13:05:55 0  0.09741636 0.104153431446
13:05:56 38 0.117397526316 0.104072448623
13:05:57 421 0.46174460095 0.105734574539
13:05:58 42 0.151633357143 0.141513397134
13:05:59 0  0.151633357143 0.141513397134
13:06:00 0  0.151633357143 0.141513397134
13:06:01 51 1.40775617647 0.146128156002
13:06:02 400 0.1053440225 0.275916622801
13:06:03 50 0.10137584 0.27672389277
13:06:04 328 0.100297256098 0.276770180341
13:06:05 641 0.114226204368 0.275584862473
13:06:06 608 0.110284728618 0.275961903163
13:06:07 659 0.111459902883 0.276747607246
13:06:08 548 0.112928941606 0.278151961535
13:06:09 222 0.101641833333 0.277705103064
13:06:10 0  0.101641833333 0.277705103064
13:06:11 463 0.104575056156 0.241694826302
13:06:12 539 0.110017222635 0.236988996203
13:06:13 0  0.110017222635 0.236988996203
13:06:14 0  0.110017222635 0.236988996203
13:06:15 121 0.113453347107 0.10721510082
13:06:16 380 0.0992630236842 0.10802603328
13:06:17 0  0.0992630236842 0.10802603328
13:06:18 1 0.165205 0.107814751649
13:06:19 684 0.106374944444 0.114305526039
13:06:20 317 0.101415293375 0.113520400047
13:06:21 0  0.101415293375 0.113520400047
13:06:22 0  0.101415293375 0.113520400047
13:06:23 0  0.101415293375 0.113520400047
13:06:24 182 0.114435445055 0.112633456522
13:06:25 552 0.129955101449 0.11293101074
13:06:26 528 0.135965755682 0.114633626724
13:06:27 564 0.156803682624 0.118066018959
13:06:28 178 0.155747882022 0.123288881606
13:06:29 0  0.155747882022 0.123288881606
13:06:30 501 0.103211618762 0.127861947544
13:06:31 0  0.103211618762 0.127861947544
13:06:32 0  0.103211618762 0.127861947544
13:06:33 0  0.103211618762 0.127861947544
13:06:34 0  0.103211618762 0.127861947544
13:06:35 0  0.103211618762 0.127861947544
13:06:36 0  0.103211618762 0.127861947544
13:06:37 501 0.10682657485 0.12683777471
13:06:38 204 0.097764622549 0.127594129827
13:06:39 688 0.108007034884 0.120850092081
13:06:40 611 0.11129306383 0.121013301125
13:06:41 676 0.110634483728 0.122001078171
13:06:42 815 0.108026633129 0.121620982038
13:06:43 422 0.1084132891 0.119428135206
13:06:44 303 0.103369290429 0.116672888548
13:06:45 248 0.104092810484 0.111329449328
13:06:46 567 0.11155510582 0.106163942174
13:06:47 719 0.109876059805 0.10699829088
13:06:48 258 0.105332197674 0.107303239376
13:06:49 219 0.10301686758 0.108059996888
13:06:50 282 0.105502989362 0.107560980158
13:06:51 0  0.105502989362 0.107560980158
13:06:52 0  0.105502989362 0.107560980158
13:06:53 0  0.105502989362 0.107560980158
13:06:54 0  0.105502989362 0.107560980158
13:06:55 0  0.105502989362 0.107560980158
13:06:56 0  0.105502989362 0.107560980158
13:06:57 0  0.105502989362 0.107560980158
13:06:58 0  0.105502989362 0.107560980158
13:06:59 0  0.105502989362 0.107560980158
13:07:00 0  0.105502989362 0.107560980158
13:07:01 0  0.105502989362 0.107560980158
13:07:02 0  0.105502989362 0.107560980158
13:07:03 0  0.105502989362 0.107560980158
13:07:04 271 0.0973955498155 0.106981972711
13:07:05 230 0.101979595652 0.10565807932
13:07:06 0  0.101979595652 0.10565807932
13:07:07 0  0.101979595652 0.10565807932
13:07:08 0  0.101979595652 0.10565807932
13:07:09 0  0.101979595652 0.10565807932
13:07:10 0  0.101979595652 0.10565807932
13:07:11 0  0.101979595652 0.10565807932
13:07:12 0  0.101979595652 0.10565807932
13:07:13 0  0.101979595652 0.10565807932
13:07:14 0  0.101979595652 0.10565807932
13:07:15 302 0.102475245033 0.105053375572
13:07:16 415 0.102624551807 0.104459571166
13:07:17 786 0.112383071247 0.104385097303
13:07:18 577 0.104723275563 0.10521412338
13:07:19 425 0.106624435294 0.104530940354
13:07:20 501 0.112907091816 0.104205777903
13:07:21 0  0.112907091816 0.104205777903
13:07:22 327 0.134502443425 0.104963267317
13:07:23 408 0.136423818627 0.108111824902
13:07:24 654 0.11096966055 0.111203907828
13:07:25 114 0.131014666667 0.112561318902
13:07:26 0  0.131014666667 0.112561318902
13:07:27 0  0.131014666667 0.112561318902
13:07:28 0  0.131014666667 0.112561318902
13:07:29 52 0.112007519231 0.115464826003
13:07:30 543 0.130799508287 0.116418053423
13:07:31 466 0.116896345494 0.119235549071
13:07:32 486 0.154813002058 0.119686876496
13:07:33 643 0.121036152411 0.124695849145
13:07:34 480 0.102385270833 0.126137020857
13:07:35 336 0.10341360119 0.125084838758
13:07:36 501 0.108466407186 0.121975954535
13:07:37 498 0.31014346988 0.119180213391
13:07:38 439 0.121218856492 0.139097594324
13:07:39 547 0.126194073126 0.138118013306
13:07:40 19 0.140912578947 0.139536668696
13:07:41 0  0.140912578947 0.139536668696
13:07:42 0  0.140912578947 0.139536668696
13:07:43 0  0.140912578947 0.139536668696
13:07:44 0  0.140912578947 0.139536668696
13:07:45 0  0.140912578947 0.139536668696
13:07:46 0  0.140912578947 0.139536668696
13:07:47 0  0.140912578947 0.139536668696
13:07:48 0  0.140912578947 0.139536668696
13:07:49 409 0.102389085575 0.140547975762
13:07:50 92 0.0972125217391 0.13909724977
13:07:51 18 0.100674166667 0.133337201738
13:07:52 586 0.108022078498 0.131301003163
13:07:53 636 0.118738308176 0.13186468393
13:07:54 263 0.124488319392 0.133397154629
13:07:55 280 0.113402335714 0.134999345849
13:07:56 554 0.118807377256 0.115325232433
13:07:57 669 0.115233016442 0.115084084509
13:07:58 458 0.127670104803 0.113987978841
13:07:59 537 0.132316527002 0.112663731426
13:08:00 7 0.156712285714 0.115656475569
13:08:01 0  0.156712285714 0.115656475569
13:08:02 0  0.156712285714 0.115656475569
13:08:03 0  0.156712285714 0.115656475569
13:08:04 0  0.156712285714 0.115656475569
13:08:05 0  0.156712285714 0.115656475569
13:08:06 0  0.156712285714 0.115656475569
13:08:07 0  0.156712285714 0.115656475569
13:08:08 0  0.156712285714 0.115656475569
13:08:09 0  0.156712285714 0.115656475569
13:08:10 0  0.156712285714 0.115656475569
13:08:11 0  0.156712285714 0.115656475569
13:08:12 160 0.106245425 0.121606451967
13:08:13 341 0.107681612903 0.1221635778
13:08:14 601 0.107945732113 0.12212953124
13:08:15 745 0.117017126174 0.121050273634
13:08:16 557 0.121799815081 0.120303154312
13:08:17 619 0.118159256866 0.121142902249
13:08:18 484 0.114546055785 0.12107809021
13:08:19 0  0.114546055785 0.12107809021
13:08:20 0  0.114546055785 0.12107809021
13:08:21 0  0.114546055785 0.12107809021
13:08:22 0  0.114546055785 0.12107809021
13:08:23 7 0.0951265714286 0.121009394144
13:08:24 494 0.107971289474 0.117755040807
13:08:25 0  0.107971289474 0.117755040807
13:08:26 0  0.107971289474 0.117755040807
13:08:27 0  0.107971289474 0.117755040807
13:08:28 343 0.10023677551 0.115320517054
13:08:29 158 0.100687677215 0.109672966034
13:08:30 0  0.100687677215 0.109672966034
13:08:31 0  0.100687677215 0.109672966034
13:08:32 0  0.100687677215 0.109672966034
13:08:33 0  0.100687677215 0.109672966034
13:08:34 0  0.100687677215 0.109672966034
13:08:35 525 0.134970379048 0.109117191255
13:08:36 691 0.122816693198 0.111846067869
13:08:37 287 0.113981501742 0.113333163978
13:08:38 657 0.10758447793 0.113029601535
13:08:39 345 0.115147255072 0.11160806782
13:08:40 0  0.115147255072 0.11160806782
13:08:41 153 0.142983633987 0.11130686764
13:08:42 599 0.139404252087 0.114150625461
13:08:43 250 0.1236567 0.118578393526
13:08:44 0  0.1236567 0.118578393526
13:08:45 0  0.1236567 0.118578393526
13:08:46 0  0.1236567 0.118578393526
13:08:47 0  0.1236567 0.118578393526
13:08:48 0  0.1236567 0.118578393526
13:08:49 0  0.1236567 0.118578393526
13:08:50 0  0.1236567 0.118578393526
13:08:51 0  0.1236567 0.118578393526
13:08:52 0  0.1236567 0.118578393526
13:08:53 215 0.105206934884 0.120146934579
13:08:54 286 0.114816293706 0.120643950516
13:08:55 0  0.114816293706 0.120643950516
13:08:56 0  0.114816293706 0.120643950516
13:08:57 0  0.114816293706 0.120643950516
13:08:58 0  0.114816293706 0.120643950516
13:08:59 0  0.114816293706 0.120643950516
13:09:00 0  0.114816293706 0.120643950516
13:09:01 0  0.114816293706 0.120643950516
13:09:02 0  0.114816293706 0.120643950516
13:09:03 0  0.114816293706 0.120643950516
13:09:04 0  0.114816293706 0.120643950516
13:09:05 0  0.114816293706 0.120643950516
13:09:06 0  0.114816293706 0.120643950516
13:09:07 0  0.114816293706 0.120643950516
13:09:08 0  0.114816293706 0.120643950516
13:09:09 0  0.114816293706 0.120643950516
13:09:10 0  0.114816293706 0.120643950516
13:09:11 0  0.114816293706 0.120643950516
13:09:12 0  0.114816293706 0.120643950516
13:09:13 0  0.114816293706 0.120643950516
13:09:14 0  0.114816293706 0.120643950516
13:09:15 0  0.114816293706 0.120643950516
13:09:16 293 0.150805051195 0.122056812165
13:09:17 208 0.1597593125 0.12364027938
13:09:18 483 0.108207335404 0.12733454131
13:09:19 503 0.148850332008 0.126757124676
13:09:20 517 0.161133733075 0.130883710084
13:09:21 501 0.106387391218 0.135482357885
13:09:22 485 0.153003134021 0.131822733608
13:09:23 474 0.118079734177 0.133182621801
13:09:24 43 0.0955061860465 0.132624925219
13:09:25 0  0.0955061860465 0.132624925219
13:09:26 0  0.0955061860465 0.132624925219
13:09:27 0  0.0955061860465 0.132624925219
13:09:28 0  0.0955061860465 0.132624925219
13:09:29 0  0.0955061860465 0.132624925219
13:09:30 0  0.0955061860465 0.132624925219
13:09:31 0  0.0955061860465 0.132624925219
13:09:32 0  0.0955061860465 0.132624925219
13:09:33 0  0.0955061860465 0.132624925219
13:09:34 0  0.0955061860465 0.132624925219
13:09:35 0  0.0955061860465 0.132624925219
13:09:36 0  0.0955061860465 0.132624925219
13:09:37 0  0.0955061860465 0.132624925219
13:09:38 0  0.0955061860465 0.132624925219
13:09:39 0  0.0955061860465 0.132624925219
13:09:40 0  0.0955061860465 0.132624925219
13:09:41 0  0.0955061860465 0.132624925219
13:09:42 0  0.0955061860465 0.132624925219
13:09:43 124 0.104928298387 0.131654850335
13:09:44 377 0.11710233687 0.130666050803
13:09:45 0  0.11710233687 0.130666050803
13:09:46 0  0.11710233687 0.130666050803
13:09:47 0  0.11710233687 0.130666050803
13:09:48 0  0.11710233687 0.130666050803
13:09:49 0  0.11710233687 0.130666050803
13:09:50 0  0.11710233687 0.130666050803
13:09:51 0  0.11710233687 0.130666050803
13:09:52 0  0.11710233687 0.130666050803
13:09:53 0  0.11710233687 0.130666050803
13:09:54 0  0.11710233687 0.130666050803
13:09:55 0  0.11710233687 0.130666050803
13:09:56 0  0.11710233687 0.130666050803
13:09:57 0  0.11710233687 0.130666050803
13:09:58 0  0.11710233687 0.130666050803
13:09:59 0  0.11710233687 0.130666050803
13:10:00 0  0.11710233687 0.130666050803
13:10:01 0  0.11710233687 0.130666050803
13:10:02 0  0.11710233687 0.130666050803
13:10:03 0  0.11710233687 0.130666050803
13:10:04 0  0.11710233687 0.130666050803
13:10:05 0  0.11710233687 0.130666050803
13:10:06 0  0.11710233687 0.130666050803
13:10:07 0  0.11710233687 0.130666050803
13:10:08 501 0.106907562874 0.127295779371
13:10:09 0  0.106907562874 0.127295779371
13:10:10 0  0.106907562874 0.127295779371
13:10:11 0  0.106907562874 0.127295779371
13:10:12 0  0.106907562874 0.127295779371
13:10:13 0  0.106907562874 0.127295779371
13:10:14 0  0.106907562874 0.127295779371
13:10:15 0  0.106907562874 0.127295779371
13:10:16 0  0.106907562874 0.127295779371
13:10:17 0  0.106907562874 0.127295779371
13:10:18 0  0.106907562874 0.127295779371
13:10:19 0  0.106907562874 0.127295779371
13:10:20 0  0.106907562874 0.127295779371
13:10:21 0  0.106907562874 0.127295779371
13:10:22 0  0.106907562874 0.127295779371
13:10:23 0  0.106907562874 0.127295779371
13:10:24 0  0.106907562874 0.127295779371
13:10:25 0  0.106907562874 0.127295779371
13:10:26 0  0.106907562874 0.127295779371
13:10:27 0  0.106907562874 0.127295779371
13:10:28 0  0.106907562874 0.127295779371
13:10:29 0  0.106907562874 0.127295779371
13:10:30 0  0.106907562874 0.127295779371
13:10:31 0  0.106907562874 0.127295779371
13:10:32 0  0.106907562874 0.127295779371
13:10:33 0  0.106907562874 0.127295779371
13:10:34 0  0.106907562874 0.127295779371
13:10:35 0  0.106907562874 0.127295779371
13:10:36 0  0.106907562874 0.127295779371
13:10:37 0  0.106907562874 0.127295779371
13:10:38 0  0.106907562874 0.127295779371
13:10:39 0  0.106907562874 0.127295779371
13:10:40 0  0.106907562874 0.127295779371
13:10:41 0  0.106907562874 0.127295779371
13:10:42 0  0.106907562874 0.127295779371
13:10:43 0  0.106907562874 0.127295779371
13:10:44 0  0.106907562874 0.127295779371
13:10:45 0  0.106907562874 0.127295779371
13:10:46 0  0.106907562874 0.127295779371
13:10:47 0  0.106907562874 0.127295779371
13:10:48 0  0.106907562874 0.127295779371
13:10:49 0  0.106907562874 0.127295779371
13:10:50 0  0.106907562874 0.127295779371
13:10:51 0  0.106907562874 0.127295779371
13:10:52 0  0.106907562874 0.127295779371
13:10:53 0  0.106907562874 0.127295779371
13:10:54 0  0.106907562874 0.127295779371
13:10:55 0  0.106907562874 0.127295779371
13:10:56 0  0.106907562874 0.127295779371
13:10:57 0  0.106907562874 0.127295779371
13:10:58 0  0.106907562874 0.127295779371
13:10:59 0  0.106907562874 0.127295779371
13:11:00 0  0.106907562874 0.127295779371
13:11:01 0  0.106907562874 0.127295779371
13:11:02 0  0.106907562874 0.127295779371
13:11:03 0  0.106907562874 0.127295779371
13:11:04 0  0.106907562874 0.127295779371
13:11:05 0  0.106907562874 0.127295779371
13:11:06 0  0.106907562874 0.127295779371
13:11:07 0  0.106907562874 0.127295779371
13:11:08 0  0.106907562874 0.127295779371
13:11:09 0  0.106907562874 0.127295779371
13:11:10 0  0.106907562874 0.127295779371
13:11:11 0  0.106907562874 0.127295779371
13:11:12 0  0.106907562874 0.127295779371
13:11:13 0  0.106907562874 0.127295779371
13:11:14 0  0.106907562874 0.127295779371
13:11:15 0  0.106907562874 0.127295779371
13:11:16 0  0.106907562874 0.127295779371
13:11:17 0  0.106907562874 0.127295779371
13:11:18 0  0.106907562874 0.127295779371
13:11:19 0  0.106907562874 0.127295779371
13:11:20 0  0.106907562874 0.127295779371
13:11:21 0  0.106907562874 0.127295779371
13:11:22 0  0.106907562874 0.127295779371
13:11:23 0  0.106907562874 0.127295779371
13:11:24 0  0.106907562874 0.127295779371
13:11:25 0  0.106907562874 0.127295779371
13:11:26 0  0.106907562874 0.127295779371
13:11:27 0  0.106907562874 0.127295779371
13:11:28 0  0.106907562874 0.127295779371
13:11:29 0  0.106907562874 0.127295779371
13:11:30 0  0.106907562874 0.127295779371
13:11:31 0  0.106907562874 0.127295779371
13:11:32 0  0.106907562874 0.127295779371
13:11:33 0  0.106907562874 0.127295779371
13:11:34 0  0.106907562874 0.127295779371
13:11:35 0  0.106907562874 0.127295779371
13:11:36 0  0.106907562874 0.127295779371
13:11:37 0  0.106907562874 0.127295779371
13:11:38 0  0.106907562874 0.127295779371
13:11:39 0  0.106907562874 0.127295779371
13:11:40 0  0.106907562874 0.127295779371
13:11:41 0  0.106907562874 0.127295779371
13:11:42 0  0.106907562874 0.127295779371
13:11:43 0  0.106907562874 0.127295779371
13:11:44 0  0.106907562874 0.127295779371
13:11:45 0  0.106907562874 0.127295779371
13:11:46 0  0.106907562874 0.127295779371
13:11:47 0  0.106907562874 0.127295779371
13:11:48 0  0.106907562874 0.127295779371
13:11:49 0  0.106907562874 0.127295779371
13:11:50 0  0.106907562874 0.127295779371
13:11:51 0  0.106907562874 0.127295779371
13:11:52 0  0.106907562874 0.127295779371
13:11:53 0  0.106907562874 0.127295779371
13:11:54 0  0.106907562874 0.127295779371
13:11:55 323 0.0982464520124 0.122010604408
13:11:56 679 0.11036175405 0.121014516069
13:11:57 0  0.11036175405 0.121014516069
13:11:58 604 0.104136925497 0.117165658273
13:11:59 654 0.0987134587156 0.111465977515
13:12:00 746 0.105386703753 0.110698584265
13:12:01 176 0.129183721591 0.105936941238
13:12:02 653 0.129187168453 0.10704733998
13:12:03 132 0.145923704545 0.11041543822
13:12:04 41 0.0980585853659 0.114514978836
13:12:05 0  0.0980585853659 0.114514978836
13:12:06 0  0.0980585853659 0.114514978836
13:12:07 0  0.0980585853659 0.114514978836
13:12:08 0  0.0980585853659 0.114514978836
13:12:09 0  0.0980585853659 0.114514978836
13:12:10 0  0.0980585853659 0.114514978836
13:12:11 0  0.0980585853659 0.114514978836
13:12:12 0  0.0980585853659 0.114514978836
13:12:13 0  0.0980585853659 0.114514978836
13:12:14 0  0.0980585853659 0.114514978836
13:12:15 0  0.0980585853659 0.114514978836
13:12:16 0  0.0980585853659 0.114514978836
13:12:17 0  0.0980585853659 0.114514978836
13:12:18 0  0.0980585853659 0.114514978836
13:12:19 0  0.0980585853659 0.114514978836
13:12:20 0  0.0980585853659 0.114514978836
13:12:21 0  0.0980585853659 0.114514978836
13:12:22 0  0.0980585853659 0.114514978836
13:12:23 0  0.0980585853659 0.114514978836
13:12:24 0  0.0980585853659 0.114514978836
13:12:25 0  0.0980585853659 0.114514978836
13:12:26 0  0.0980585853659 0.114514978836
13:12:27 0  0.0980585853659 0.114514978836
13:12:28 0  0.0980585853659 0.114514978836
13:12:29 0  0.0980585853659 0.114514978836
13:12:30 0  0.0980585853659 0.114514978836
13:12:31 0  0.0980585853659 0.114514978836
13:12:32 0  0.0980585853659 0.114514978836
13:12:33 0  0.0980585853659 0.114514978836
13:12:34 0  0.0980585853659 0.114514978836
13:12:35 0  0.0980585853659 0.114514978836
13:12:36 0  0.0980585853659 0.114514978836
13:12:37 0  0.0980585853659 0.114514978836
13:12:38 0  0.0980585853659 0.114514978836
13:12:39 0  0.0980585853659 0.114514978836
13:12:40 0  0.0980585853659 0.114514978836
13:12:41 0  0.0980585853659 0.114514978836
13:12:42 0  0.0980585853659 0.114514978836
13:12:43 0  0.0980585853659 0.114514978836
13:12:44 0  0.0980585853659 0.114514978836
13:12:45 0  0.0980585853659 0.114514978836
13:12:46 0  0.0980585853659 0.114514978836
13:12:47 0  0.0980585853659 0.114514978836
13:12:48 0  0.0980585853659 0.114514978836
13:12:49 0  0.0980585853659 0.114514978836
13:12:50 0  0.0980585853659 0.114514978836
13:12:51 0  0.0980585853659 0.114514978836
13:12:52 0  0.0980585853659 0.114514978836
13:12:53 0  0.0980585853659 0.114514978836
13:12:54 0  0.0980585853659 0.114514978836
13:12:55 0  0.0980585853659 0.114514978836
13:12:56 0  0.0980585853659 0.114514978836
13:12:57 0  0.0980585853659 0.114514978836
13:12:58 0  0.0980585853659 0.114514978836
13:12:59 0  0.0980585853659 0.114514978836
13:13:00 0  0.0980585853659 0.114514978836
13:13:01 0  0.0980585853659 0.114514978836
13:13:02 0  0.0980585853659 0.114514978836
13:13:03 0  0.0980585853659 0.114514978836
13:13:04 0  0.0980585853659 0.114514978836
13:13:05 0  0.0980585853659 0.114514978836
13:13:06 0  0.0980585853659 0.114514978836
13:13:07 0  0.0980585853659 0.114514978836
13:13:08 0  0.0980585853659 0.114514978836
13:13:09 0  0.0980585853659 0.114514978836
13:13:10 0  0.0980585853659 0.114514978836
13:13:11 0  0.0980585853659 0.114514978836
13:13:12 0  0.0980585853659 0.114514978836
13:13:13 0  0.0980585853659 0.114514978836
13:13:14 0  0.0980585853659 0.114514978836
13:13:15 0  0.0980585853659 0.114514978836
13:13:16 0  0.0980585853659 0.114514978836
13:13:17 0  0.0980585853659 0.114514978836
13:13:18 0  0.0980585853659 0.114514978836
13:13:19 0  0.0980585853659 0.114514978836
13:13:20 0  0.0980585853659 0.114514978836
13:13:21 0  0.0980585853659 0.114514978836
13:13:22 0  0.0980585853659 0.114514978836
13:13:23 0  0.0980585853659 0.114514978836
13:13:24 0  0.0980585853659 0.114514978836
13:13:25 0  0.0980585853659 0.114514978836
13:13:26 0  0.0980585853659 0.114514978836
13:13:27 0  0.0980585853659 0.114514978836
13:13:28 0  0.0980585853659 0.114514978836
13:13:29 0  0.0980585853659 0.114514978836
13:13:30 0  0.0980585853659 0.114514978836
13:13:31 0  0.0980585853659 0.114514978836
13:13:32 0  0.0980585853659 0.114514978836
13:13:33 0  0.0980585853659 0.114514978836
13:13:34 0  0.0980585853659 0.114514978836
13:13:35 0  0.0980585853659 0.114514978836
13:13:36 0  0.0980585853659 0.114514978836
13:13:37 0  0.0980585853659 0.114514978836
13:13:38 0  0.0980585853659 0.114514978836
13:13:39 0  0.0980585853659 0.114514978836
13:13:40 0  0.0980585853659 0.114514978836
13:13:41 0  0.0980585853659 0.114514978836
13:13:42 0  0.0980585853659 0.114514978836
13:13:43 0  0.0980585853659 0.114514978836
13:13:44 0  0.0980585853659 0.114514978836
13:13:45 0  0.0980585853659 0.114514978836
13:13:46 0  0.0980585853659 0.114514978836
13:13:47 0  0.0980585853659 0.114514978836
13:13:48 0  0.0980585853659 0.114514978836
13:13:49 0  0.0980585853659 0.114514978836
13:13:50 0  0.0980585853659 0.114514978836
13:13:51 0  0.0980585853659 0.114514978836
13:13:52 0  0.0980585853659 0.114514978836
13:13:53 0  0.0980585853659 0.114514978836
13:13:54 0  0.0980585853659 0.114514978836
13:13:55 0  0.0980585853659 0.114514978836
13:13:56 0  0.0980585853659 0.114514978836
13:13:57 0  0.0980585853659 0.114514978836
13:13:58 0  0.0980585853659 0.114514978836
13:13:59 0  0.0980585853659 0.114514978836
13:14:00 0  0.0980585853659 0.114514978836
13:14:01 0  0.0980585853659 0.114514978836
13:14:02 0  0.0980585853659 0.114514978836
13:14:03 0  0.0980585853659 0.114514978836
13:14:04 0  0.0980585853659 0.114514978836
13:14:05 0  0.0980585853659 0.114514978836
13:14:06 0  0.0980585853659 0.114514978836
13:14:07 0  0.0980585853659 0.114514978836
13:14:08 0  0.0980585853659 0.114514978836
13:14:09 0  0.0980585853659 0.114514978836
13:14:10 0  0.0980585853659 0.114514978836
13:14:11 0  0.0980585853659 0.114514978836
13:14:12 0  0.0980585853659 0.114514978836
13:14:13 0  0.0980585853659 0.114514978836
13:14:14 0  0.0980585853659 0.114514978836
13:14:15 0  0.0980585853659 0.114514978836
13:14:16 0  0.0980585853659 0.114514978836
13:14:17 0  0.0980585853659 0.114514978836
13:14:18 0  0.0980585853659 0.114514978836
13:14:19 0  0.0980585853659 0.114514978836
13:14:20 0  0.0980585853659 0.114514978836
13:14:21 0  0.0980585853659 0.114514978836
13:14:22 0  0.0980585853659 0.114514978836
13:14:23 0  0.0980585853659 0.114514978836
13:14:24 0  0.0980585853659 0.114514978836
13:14:25 0  0.0980585853659 0.114514978836
13:14:26 0  0.0980585853659 0.114514978836
13:14:27 0  0.0980585853659 0.114514978836
13:14:28 0  0.0980585853659 0.114514978836
13:14:29 0  0.0980585853659 0.114514978836
13:14:30 0  0.0980585853659 0.114514978836
13:14:31 0  0.0980585853659 0.114514978836
13:14:32 0  0.0980585853659 0.114514978836
13:14:33 0  0.0980585853659 0.114514978836
13:14:34 0  0.0980585853659 0.114514978836
13:14:35 0  0.0980585853659 0.114514978836
13:14:36 0  0.0980585853659 0.114514978836
13:14:37 0  0.0980585853659 0.114514978836
13:14:38 0  0.0980585853659 0.114514978836
13:14:39 0  0.0980585853659 0.114514978836
13:14:40 0  0.0980585853659 0.114514978836
13:14:41 0  0.0980585853659 0.114514978836
13:14:42 0  0.0980585853659 0.114514978836
13:14:43 0  0.0980585853659 0.114514978836
13:14:44 0  0.0980585853659 0.114514978836
13:14:45 0  0.0980585853659 0.114514978836
13:14:46 0  0.0980585853659 0.114514978836
13:14:47 0  0.0980585853659 0.114514978836
13:14:48 0  0.0980585853659 0.114514978836
13:14:49 0  0.0980585853659 0.114514978836
13:14:50 0  0.0980585853659 0.114514978836
13:14:51 0  0.0980585853659 0.114514978836
13:14:52 0  0.0980585853659 0.114514978836
13:14:53 0  0.0980585853659 0.114514978836
13:14:54 0  0.0980585853659 0.114514978836
13:14:55 0  0.0980585853659 0.114514978836
13:14:56 0  0.0980585853659 0.114514978836
13:14:57 0  0.0980585853659 0.114514978836
13:14:58 0  0.0980585853659 0.114514978836
13:14:59 0  0.0980585853659 0.114514978836
13:15:00 0  0.0980585853659 0.114514978836
13:15:01 0  0.0980585853659 0.114514978836
13:15:02 0  0.0980585853659 0.114514978836
13:15:03 0  0.0980585853659 0.114514978836
13:15:04 0  0.0980585853659 0.114514978836
13:15:05 0  0.0980585853659 0.114514978836
13:15:06 0  0.0980585853659 0.114514978836
13:15:07 0  0.0980585853659 0.114514978836
13:15:08 0  0.0980585853659 0.114514978836
13:15:09 0  0.0980585853659 0.114514978836
13:15:10 0  0.0980585853659 0.114514978836
13:15:11 0  0.0980585853659 0.114514978836
13:15:12 0  0.0980585853659 0.114514978836
13:15:13 0  0.0980585853659 0.114514978836
13:15:14 0  0.0980585853659 0.114514978836
13:15:15 0  0.0980585853659 0.114514978836
13:15:16 0  0.0980585853659 0.114514978836
13:15:17 0  0.0980585853659 0.114514978836
13:15:18 0  0.0980585853659 0.114514978836
13:15:19 0  0.0980585853659 0.114514978836
13:15:20 0  0.0980585853659 0.114514978836
13:15:21 0  0.0980585853659 0.114514978836
13:15:22 0  0.0980585853659 0.114514978836
13:15:23 0  0.0980585853659 0.114514978836
13:15:24 501 0.104820361277 0.112610603686
13:15:25 0  0.104820361277 0.112610603686
13:15:26 501 0.116983261477 0.112401883526
13:15:27 0  0.116983261477 0.112401883526
13:15:28 0  0.116983261477 0.112401883526
13:15:29 0  0.116983261477 0.112401883526
13:15:30 0  0.116983261477 0.112401883526
13:15:31 0  0.116983261477 0.112401883526
13:15:32 0  0.116983261477 0.112401883526
13:15:33 501 0.108190826347 0.114275564473
13:15:34 0  0.108190826347 0.114275564473
13:15:35 0  0.108190826347 0.114275564473
13:15:36 0  0.108190826347 0.114275564473
13:15:37 0  0.108190826347 0.114275564473
13:15:38 0  0.108190826347 0.114275564473
13:15:39 0  0.108190826347 0.114275564473
13:15:40 0  0.108190826347 0.114275564473
13:15:41 0  0.108190826347 0.114275564473
13:15:42 0  0.108190826347 0.114275564473
13:15:43 0  0.108190826347 0.114275564473
13:15:44 0  0.108190826347 0.114275564473
13:15:45 0  0.108190826347 0.114275564473
13:15:46 0  0.108190826347 0.114275564473
13:15:47 0  0.108190826347 0.114275564473
13:15:48 0  0.108190826347 0.114275564473
13:15:49 0  0.108190826347 0.114275564473
13:15:50 0  0.108190826347 0.114275564473
13:15:51 0  0.108190826347 0.114275564473
13:15:52 0  0.108190826347 0.114275564473
13:15:53 501 0.0994316806387 0.114058471702
13:15:54 0  0.0994316806387 0.114058471702
13:15:55 0  0.0994316806387 0.114058471702
13:15:56 0  0.0994316806387 0.114058471702
13:15:57 0  0.0994316806387 0.114058471702
13:15:58 0  0.0994316806387 0.114058471702
13:15:59 0  0.0994316806387 0.114058471702
13:16:00 0  0.0994316806387 0.114058471702
13:16:01 0  0.0994316806387 0.114058471702
13:16:02 0  0.0994316806387 0.114058471702
13:16:03 0  0.0994316806387 0.114058471702
13:16:04 0  0.0994316806387 0.114058471702
13:16:05 0  0.0994316806387 0.114058471702
13:16:06 0  0.0994316806387 0.114058471702
13:16:07 0  0.0994316806387 0.114058471702
13:16:08 0  0.0994316806387 0.114058471702
13:16:09 0  0.0994316806387 0.114058471702
13:16:10 0  0.0994316806387 0.114058471702
13:16:11 0  0.0994316806387 0.114058471702
13:16:12 0  0.0994316806387 0.114058471702
13:16:13 0  0.0994316806387 0.114058471702
13:16:14 0  0.0994316806387 0.114058471702
13:16:15 0  0.0994316806387 0.114058471702
13:16:16 0  0.0994316806387 0.114058471702
13:16:17 0  0.0994316806387 0.114058471702
13:16:18 0  0.0994316806387 0.114058471702
13:16:19 0  0.0994316806387 0.114058471702
13:16:20 0  0.0994316806387 0.114058471702
13:16:21 0  0.0994316806387 0.114058471702
13:16:22 0  0.0994316806387 0.114058471702
13:16:23 0  0.0994316806387 0.114058471702
13:16:24 0  0.0994316806387 0.114058471702
13:16:25 0  0.0994316806387 0.114058471702
13:16:26 0  0.0994316806387 0.114058471702
13:16:27 0  0.0994316806387 0.114058471702
13:16:28 0  0.0994316806387 0.114058471702
13:16:29 0  0.0994316806387 0.114058471702
13:16:30 0  0.0994316806387 0.114058471702
13:16:31 0  0.0994316806387 0.114058471702
13:16:32 0  0.0994316806387 0.114058471702
13:16:33 0  0.0994316806387 0.114058471702
13:16:34 0  0.0994316806387 0.114058471702
13:16:35 0  0.0994316806387 0.114058471702
13:16:36 0  0.0994316806387 0.114058471702
13:16:37 0  0.0994316806387 0.114058471702
13:16:38 0  0.0994316806387 0.114058471702
13:16:39 0  0.0994316806387 0.114058471702
13:16:40 0  0.0994316806387 0.114058471702
13:16:41 0  0.0994316806387 0.114058471702
13:16:42 0  0.0994316806387 0.114058471702
13:16:43 0  0.0994316806387 0.114058471702
13:16:44 0  0.0994316806387 0.114058471702
13:16:45 0  0.0994316806387 0.114058471702
13:16:46 0  0.0994316806387 0.114058471702
13:16:47 0  0.0994316806387 0.114058471702
13:16:48 0  0.0994316806387 0.114058471702
13:16:49 0  0.0994316806387 0.114058471702
13:16:50 501 0.110873229541 0.113587947216
13:16:51 0  0.110873229541 0.113587947216
13:16:52 0  0.110873229541 0.113587947216
13:16:53 0  0.110873229541 0.113587947216
13:16:54 0  0.110873229541 0.113587947216
13:16:55 0  0.110873229541 0.113587947216
13:16:56 0  0.110873229541 0.113587947216
13:16:57 0  0.110873229541 0.113587947216
13:16:58 0  0.110873229541 0.113587947216
13:16:59 95 0.0980125473684 0.114803924299
13:17:00 406 0.115730152709 0.114066508661
13:17:01 0  0.115730152709 0.114066508661
13:17:02 0  0.115730152709 0.114066508661
13:17:03 0  0.115730152709 0.114066508661
13:17:04 0  0.115730152709 0.114066508661
13:17:05 0  0.115730152709 0.114066508661
13:17:06 0  0.115730152709 0.114066508661
13:17:07 0  0.115730152709 0.114066508661
13:17:08 0  0.115730152709 0.114066508661
13:17:09 0  0.115730152709 0.114066508661
13:17:10 0  0.115730152709 0.114066508661
13:17:11 0  0.115730152709 0.114066508661
13:17:12 0  0.115730152709 0.114066508661
13:17:13 0  0.115730152709 0.114066508661
13:17:14 0  0.115730152709 0.114066508661
13:17:15 0  0.115730152709 0.114066508661
13:17:16 0  0.115730152709 0.114066508661
13:17:17 0  0.115730152709 0.114066508661
13:17:18 0  0.115730152709 0.114066508661
13:17:19 0  0.115730152709 0.114066508661
13:17:20 0  0.115730152709 0.114066508661
13:17:21 0  0.115730152709 0.114066508661
13:17:22 0  0.115730152709 0.114066508661
13:17:23 0  0.115730152709 0.114066508661
13:17:24 0  0.115730152709 0.114066508661
13:17:25 0  0.115730152709 0.114066508661
13:17:26 0  0.115730152709 0.114066508661
13:17:27 0  0.115730152709 0.114066508661
13:17:28 0  0.115730152709 0.114066508661
13:17:29 0  0.115730152709 0.114066508661
13:17:30 0  0.115730152709 0.114066508661
13:17:31 0  0.115730152709 0.114066508661
13:17:32 0  0.115730152709 0.114066508661
13:17:33 0  0.115730152709 0.114066508661
13:17:34 0  0.115730152709 0.114066508661
13:17:35 0  0.115730152709 0.114066508661
13:17:36 0  0.115730152709 0.114066508661
13:17:37 0  0.115730152709 0.114066508661
13:17:38 0  0.115730152709 0.114066508661
13:17:39 0  0.115730152709 0.114066508661
13:17:40 0  0.115730152709 0.114066508661
13:17:41 0  0.115730152709 0.114066508661
13:17:42 0  0.115730152709 0.114066508661
13:17:43 0  0.115730152709 0.114066508661
13:17:44 0  0.115730152709 0.114066508661
13:17:45 0  0.115730152709 0.114066508661
13:17:46 0  0.115730152709 0.114066508661
13:17:47 0  0.115730152709 0.114066508661
13:17:48 0  0.115730152709 0.114066508661
13:17:49 0  0.115730152709 0.114066508661
13:17:50 0  0.115730152709 0.114066508661
13:17:51 0  0.115730152709 0.114066508661
13:17:52 0  0.115730152709 0.114066508661
13:17:53 0  0.115730152709 0.114066508661
13:17:54 0  0.115730152709 0.114066508661
13:17:55 0  0.115730152709 0.114066508661
13:17:56 0  0.115730152709 0.114066508661
13:17:57 0  0.115730152709 0.114066508661
13:17:58 0  0.115730152709 0.114066508661
13:17:59 0  0.115730152709 0.114066508661
13:18:00 0  0.115730152709 0.114066508661
13:18:01 393 0.0977030178117 0.112721151772
13:18:02 108 0.0983096759259 0.109572736708
13:18:03 0  0.0983096759259 0.109572736708
13:18:04 0  0.0983096759259 0.109572736708
13:18:05 0  0.0983096759259 0.109572736708
13:18:06 0  0.0983096759259 0.109572736708
13:18:07 0  0.0983096759259 0.109572736708
13:18:08 0  0.0983096759259 0.109572736708
13:18:09 0  0.0983096759259 0.109572736708
13:18:10 0  0.0983096759259 0.109572736708
13:18:11 0  0.0983096759259 0.109572736708
13:18:12 0  0.0983096759259 0.109572736708
13:18:13 0  0.0983096759259 0.109572736708
13:18:14 0  0.0983096759259 0.109572736708
13:18:15 0  0.0983096759259 0.109572736708
13:18:16 0  0.0983096759259 0.109572736708
13:18:17 0  0.0983096759259 0.109572736708
13:18:18 0  0.0983096759259 0.109572736708
13:18:19 0  0.0983096759259 0.109572736708
13:18:20 0  0.0983096759259 0.109572736708
13:18:21 0  0.0983096759259 0.109572736708
13:18:22 0  0.0983096759259 0.109572736708
13:18:23 0  0.0983096759259 0.109572736708
13:18:24 0  0.0983096759259 0.109572736708
13:18:25 0  0.0983096759259 0.109572736708
13:18:26 0  0.0983096759259 0.109572736708
13:18:27 0  0.0983096759259 0.109572736708
13:18:28 0  0.0983096759259 0.109572736708
13:18:29 0  0.0983096759259 0.109572736708
13:18:30 0  0.0983096759259 0.109572736708
13:18:31 0  0.0983096759259 0.109572736708
13:18:32 0  0.0983096759259 0.109572736708
13:18:33 0  0.0983096759259 0.109572736708
13:18:34 448 0.103667073661 0.104811333846
13:18:35 53 0.0975685849057 0.105372182676
13:18:36 0  0.0975685849057 0.105372182676
13:18:37 0  0.0975685849057 0.105372182676
13:18:38 0  0.0975685849057 0.105372182676
13:18:39 0  0.0975685849057 0.105372182676
13:18:40 0  0.0975685849057 0.105372182676
13:18:41 0  0.0975685849057 0.105372182676
13:18:42 41 0.0932153414634 0.104647005039
13:18:43 460 0.101782402174 0.102270213037
13:18:44 0  0.101782402174 0.102270213037
13:18:45 0  0.101782402174 0.102270213037
13:18:46 0  0.101782402174 0.102270213037
13:18:47 0  0.101782402174 0.102270213037
13:18:48 0  0.101782402174 0.102270213037
13:18:49 0  0.101782402174 0.102270213037
13:18:50 0  0.101782402174 0.102270213037
13:18:51 0  0.101782402174 0.102270213037
13:18:52 0  0.101782402174 0.102270213037
13:18:53 0  0.101782402174 0.102270213037
13:18:54 0  0.101782402174 0.102270213037
13:18:55 0  0.101782402174 0.102270213037
13:18:56 0  0.101782402174 0.102270213037
13:18:57 0  0.101782402174 0.102270213037
13:18:58 0  0.101782402174 0.102270213037
13:18:59 0  0.101782402174 0.102270213037
13:19:00 0  0.101782402174 0.102270213037
13:19:01 0  0.101782402174 0.102270213037
13:19:02 0  0.101782402174 0.102270213037
13:19:03 0  0.101782402174 0.102270213037
13:19:04 0  0.101782402174 0.102270213037
13:19:05 0  0.101782402174 0.102270213037
13:19:06 0  0.101782402174 0.102270213037
13:19:07 0  0.101782402174 0.102270213037
13:19:08 0  0.101782402174 0.102270213037
13:19:09 0  0.101782402174 0.102270213037
13:19:10 0  0.101782402174 0.102270213037
13:19:11 0  0.101782402174 0.102270213037
13:19:12 0  0.101782402174 0.102270213037
13:19:13 0  0.101782402174 0.102270213037
13:19:14 0  0.101782402174 0.102270213037
13:19:15 0  0.101782402174 0.102270213037
13:19:16 0  0.101782402174 0.102270213037
13:19:17 0  0.101782402174 0.102270213037
13:19:18 0  0.101782402174 0.102270213037
13:19:19 0  0.101782402174 0.102270213037
13:19:20 0  0.101782402174 0.102270213037
13:19:21 0  0.101782402174 0.102270213037
13:19:22 0  0.101782402174 0.102270213037
13:19:23 0  0.101782402174 0.102270213037
13:19:24 0  0.101782402174 0.102270213037
13:19:25 0  0.101782402174 0.102270213037
13:19:26 0  0.101782402174 0.102270213037
13:19:27 0  0.101782402174 0.102270213037
13:19:28 0  0.101782402174 0.102270213037
13:19:29 0  0.101782402174 0.102270213037
13:19:30 0  0.101782402174 0.102270213037
13:19:31 0  0.101782402174 0.102270213037
13:19:32 0  0.101782402174 0.102270213037
13:19:33 0  0.101782402174 0.102270213037
13:19:34 0  0.101782402174 0.102270213037
13:19:35 0  0.101782402174 0.102270213037
13:19:36 0  0.101782402174 0.102270213037
13:19:37 0  0.101782402174 0.102270213037
13:19:38 0  0.101782402174 0.102270213037
13:19:39 0  0.101782402174 0.102270213037
13:19:40 0  0.101782402174 0.102270213037
13:19:41 0  0.101782402174 0.102270213037
13:19:42 0  0.101782402174 0.102270213037
13:19:43 189 0.0991212116402 0.10162937062
13:19:44 245 0.10249764898 0.10159832372
13:19:45 0  0.10249764898 0.10159832372
13:19:46 67 0.105679731343 0.100760765664
13:19:47 0  0.105679731343 0.100760765664
13:19:48 0  0.105679731343 0.100760765664
13:19:49 0  0.105679731343 0.100760765664
13:19:50 415 0.110496703614 0.101527484061
13:19:51 587 0.115311439523 0.101004139152
13:19:52 815 0.107255976687 0.102764981323
13:19:53 488 0.105864614754 0.103659611399
13:19:54 200 0.11157622 0.103879365508
13:19:55 0  0.11157622 0.103879365508
13:19:56 0  0.11157622 0.103879365508
13:19:57 0  0.11157622 0.103879365508
13:19:58 0  0.11157622 0.103879365508
13:19:59 0  0.11157622 0.103879365508
13:20:00 0  0.11157622 0.103879365508
13:20:01 0  0.11157622 0.103879365508
13:20:02 0  0.11157622 0.103879365508
13:20:03 0  0.11157622 0.103879365508
13:20:04 0  0.11157622 0.103879365508
13:20:05 0  0.11157622 0.103879365508
13:20:06 0  0.11157622 0.103879365508
13:20:07 0  0.11157622 0.103879365508
13:20:08 0  0.11157622 0.103879365508
13:20:09 0  0.11157622 0.103879365508
13:20:10 0  0.11157622 0.103879365508
13:20:11 0  0.11157622 0.103879365508
13:20:12 0  0.11157622 0.103879365508
13:20:13 0  0.11157622 0.103879365508
13:20:14 0  0.11157622 0.103879365508
13:20:15 0  0.11157622 0.103879365508
13:20:16 0  0.11157622 0.103879365508
13:20:17 0  0.11157622 0.103879365508
13:20:18 0  0.11157622 0.103879365508
13:20:19 0  0.11157622 0.103879365508
13:20:20 0  0.11157622 0.103879365508
13:20:21 0  0.11157622 0.103879365508
13:20:22 245 0.0994431061224 0.105280129018
13:20:23 256 0.09860078125 0.105902905484
13:20:24 0  0.09860078125 0.105902905484
13:20:25 0  0.09860078125 0.105902905484
13:20:26 0  0.09860078125 0.105902905484
13:20:27 0  0.09860078125 0.105902905484
13:20:28 0  0.09860078125 0.105902905484
13:20:29 0  0.09860078125 0.105902905484
13:20:30 0  0.09860078125 0.105902905484
13:20:31 0  0.09860078125 0.105902905484
13:20:32 0  0.09860078125 0.105902905484
13:20:33 0  0.09860078125 0.105902905484
13:20:34 0  0.09860078125 0.105902905484
13:20:35 0  0.09860078125 0.105902905484
13:20:36 0  0.09860078125 0.105902905484
13:20:37 0  0.09860078125 0.105902905484
13:20:38 0  0.09860078125 0.105902905484
13:20:39 0  0.09860078125 0.105902905484
13:20:40 254 0.103429685039 0.105584743391
13:20:41 390 0.121541125641 0.106015590731
13:20:42 0  0.121541125641 0.106015590731
13:20:43 0  0.121541125641 0.106015590731
13:20:44 358 0.0983131703911 0.107919938397
13:20:45 0  0.0983131703911 0.107919938397
13:20:46 0  0.0983131703911 0.107919938397
13:20:47 0  0.0983131703911 0.107919938397
13:20:48 0  0.0983131703911 0.107919938397
13:20:49 0  0.0983131703911 0.107919938397
13:20:50 123 0.107820796748 0.107183282302
13:20:51 378 0.10576384127 0.106915691616
13:20:52 0  0.10576384127 0.106915691616
13:20:53 0  0.10576384127 0.106915691616
13:20:54 0  0.10576384127 0.106915691616
13:20:55 0  0.10576384127 0.106915691616
13:20:56 0  0.10576384127 0.106915691616
13:20:57 0  0.10576384127 0.106915691616
13:20:58 0  0.10576384127 0.106915691616
13:20:59 0  0.10576384127 0.106915691616
13:21:00 0  0.10576384127 0.106915691616
13:21:01 0  0.10576384127 0.106915691616
13:21:02 501 0.110661281437 0.10596093179
13:21:03 0  0.110661281437 0.10596093179
13:21:04 0  0.110661281437 0.10596093179
13:21:05 0  0.110661281437 0.10596093179
13:21:06 0  0.110661281437 0.10596093179
13:21:07 31 0.100384419355 0.106301462265
13:21:08 754 0.10596227321 0.105753442725
13:21:09 125 0.10306928 0.105192048046
13:21:10 118 0.0981892627119 0.105554665434
13:21:11 552 0.0991805452899 0.10551351358
13:21:12 457 0.159926374179 0.105088599605
13:21:13 338 0.146360680473 0.108927124459
13:21:14 465 0.108742847312 0.113731875467
13:21:15 667 0.103129977511 0.113824080524
13:21:16 0  0.103129977511 0.113824080524
13:21:17 0  0.103129977511 0.113824080524
13:21:18 0  0.103129977511 0.113824080524
13:21:19 0  0.103129977511 0.113824080524
13:21:20 0  0.103129977511 0.113824080524
13:21:21 0  0.103129977511 0.113824080524
13:21:22 112 0.105028276786 0.113560694148
13:21:23 389 0.104450169666 0.112997393683
13:21:24 0  0.104450169666 0.112997393683
13:21:25 0  0.104450169666 0.112997393683
13:21:26 0  0.104450169666 0.112997393683
13:21:27 552 0.101872201087 0.113403968714
13:21:28 741 0.107496619433 0.112994961502
13:21:29 711 0.113601623066 0.113437695445
13:21:30 508 0.109093423228 0.11497893148
13:21:31 655 0.115393825954 0.115970219274
13:21:32 828 0.111803307971 0.111516964452
13:21:33 249 0.110566297189 0.108061227201
13:21:34 317 0.103586003155 0.108243572189
13:21:35 77 0.0931210519481 0.108289174753
13:21:36 0  0.0931210519481 0.108289174753
13:21:37 0  0.0931210519481 0.108289174753
13:21:38 209 0.103715583732 0.10709845227
13:21:39 163 0.109353177914 0.107024993676
13:21:40 0  0.109353177914 0.107024993676
13:21:41 0  0.109353177914 0.107024993676
13:21:42 0  0.109353177914 0.107024993676
13:21:43 0  0.109353177914 0.107024993676
13:21:44 0  0.109353177914 0.107024993676
13:21:45 0  0.109353177914 0.107024993676
13:21:46 0  0.109353177914 0.107024993676
13:21:47 0  0.109353177914 0.107024993676
13:21:48 0  0.109353177914 0.107024993676
13:21:49 0  0.109353177914 0.107024993676
13:21:50 0  0.109353177914 0.107024993676
13:21:51 0  0.109353177914 0.107024993676
13:21:52 0  0.109353177914 0.107024993676
13:21:53 0  0.109353177914 0.107024993676
13:21:54 0  0.109353177914 0.107024993676
13:21:55 0  0.109353177914 0.107024993676
13:21:56 0  0.109353177914 0.107024993676
13:21:57 0  0.109353177914 0.107024993676
13:21:58 0  0.109353177914 0.107024993676
13:21:59 0  0.109353177914 0.107024993676
13:22:00 0  0.109353177914 0.107024993676
13:22:01 0  0.109353177914 0.107024993676
13:22:02 0  0.109353177914 0.107024993676
13:22:03 0  0.109353177914 0.107024993676
13:22:04 0  0.109353177914 0.107024993676
13:22:05 0  0.109353177914 0.107024993676
13:22:06 0  0.109353177914 0.107024993676
13:22:07 0  0.109353177914 0.107024993676
13:22:08 0  0.109353177914 0.107024993676
13:22:09 0  0.109353177914 0.107024993676
13:22:10 0  0.109353177914 0.107024993676
13:22:11 225 0.102391768889 0.107773091359
13:22:12 554 0.11172631769 0.107262606305
13:22:13 562 0.110531120996 0.107075075767
13:22:14 198 0.101872429293 0.107218845544
13:22:15 766 0.117219077023 0.105866705878
13:22:16 450 0.112127422222 0.106408282783
13:22:17 517 0.114335205029 0.106564395286
13:22:18 289 0.103354370242 0.107639315474
13:22:19 77 0.104189038961 0.108662647303
13:22:20 96 0.102269489583 0.108709992826
13:22:21 55 0.0950272909091 0.108001623993
13:22:22 139 0.101143352518 0.107265176195
13:22:23 73 0.119263780822 0.106206879678
13:22:24 7 0.0858278571429 0.10708014566
13:22:25 0  0.0858278571429 0.10708014566
13:22:26 0  0.0858278571429 0.10708014566
13:22:27 0  0.0858278571429 0.10708014566
13:22:28 0  0.0858278571429 0.10708014566
13:22:29 0  0.0858278571429 0.10708014566
13:22:30 0  0.0858278571429 0.10708014566
13:22:31 0  0.0858278571429 0.10708014566
13:22:32 0  0.0858278571429 0.10708014566
13:22:33 0  0.0858278571429 0.10708014566
13:22:34 0  0.0858278571429 0.10708014566
13:22:35 0  0.0858278571429 0.10708014566
13:22:36 0  0.0858278571429 0.10708014566
13:22:37 0  0.0858278571429 0.10708014566
13:22:38 0  0.0858278571429 0.10708014566
13:22:39 0  0.0858278571429 0.10708014566
13:22:40 0  0.0858278571429 0.10708014566
13:22:41 0  0.0858278571429 0.10708014566
13:22:42 0  0.0858278571429 0.10708014566
13:22:43 0  0.0858278571429 0.10708014566
13:22:44 0  0.0858278571429 0.10708014566
13:22:45 0  0.0858278571429 0.10708014566
13:22:46 0  0.0858278571429 0.10708014566
13:22:47 86 0.114841232558 0.105475688445
13:22:48 548 0.110763177007 0.105237903999
13:22:49 368 0.1140495625 0.105101479477
13:22:50 0  0.1140495625 0.105101479477
13:22:51 0  0.1140495625 0.105101479477
13:22:52 501 0.111851690619 0.105072915224
13:22:53 678 0.105489674041 0.105922647262
13:22:54 324 0.0977340246914 0.10605271077
13:22:55 0  0.0977340246914 0.10605271077
13:22:56 482 0.107612371369 0.105599164281
13:22:57 585 0.109165618803 0.106857672327
13:22:58 567 0.122286631393 0.107659898955
13:22:59 370 0.102296678378 0.107962184013
13:23:00 0  0.102296678378 0.107962184013
13:23:01 0  0.102296678378 0.107962184013
13:23:02 0  0.102296678378 0.107962184013
13:23:03 0  0.102296678378 0.107962184013
13:23:04 0  0.102296678378 0.107962184013
13:23:05 0  0.102296678378 0.107962184013
13:23:06 0  0.102296678378 0.107962184013
13:23:07 0  0.102296678378 0.107962184013
13:23:08 0  0.102296678378 0.107962184013
13:23:09 275 0.10384848 0.109609066136
13:23:10 226 0.0991164469027 0.10850979088
13:23:11 0  0.0991164469027 0.10850979088
13:23:12 0  0.0991164469027 0.10850979088
13:23:13 0  0.0991164469027 0.10850979088
13:23:14 0  0.0991164469027 0.10850979088
13:23:15 0  0.0991164469027 0.10850979088
13:23:16 0  0.0991164469027 0.10850979088
13:23:17 0  0.0991164469027 0.10850979088
13:23:18 0  0.0991164469027 0.10850979088
13:23:19 0  0.0991164469027 0.10850979088
13:23:20 0  0.0991164469027 0.10850979088
13:23:21 0  0.0991164469027 0.10850979088
13:23:22 0  0.0991164469027 0.10850979088
13:23:23 641 0.0995329141966 0.10734511787
13:23:24 632 0.119081596519 0.10589345304
13:23:25 666 0.115169153153 0.10661644363
13:23:26 669 0.1154367429 0.107584391541
13:23:27 548 0.119143326642 0.109354663362
13:23:28 706 0.107594991501 0.110507758889
13:23:29 146 0.103661760274 0.110350696159
13:23:30 0  0.103661760274 0.110350696159
13:23:31 784 0.107440598214 0.108488209047
13:23:32 638 0.113885101881 0.10900260103
13:23:33 405 0.108750567901 0.110006263218
13:23:34 678 0.100981985251 0.110969675318
13:23:35 0  0.100981985251 0.110969675318
13:23:36 0  0.100981985251 0.110969675318
13:23:37 0  0.100981985251 0.110969675318
13:23:38 0  0.100981985251 0.110969675318
13:23:39 0  0.100981985251 0.110969675318
13:23:40 0  0.100981985251 0.110969675318
13:23:41 0  0.100981985251 0.110969675318
13:23:42 0  0.100981985251 0.110969675318
13:23:43 0  0.100981985251 0.110969675318
13:23:44 0  0.100981985251 0.110969675318
13:23:45 0  0.100981985251 0.110969675318
13:23:46 0  0.100981985251 0.110969675318
13:23:47 0  0.100981985251 0.110969675318
13:23:48 0  0.100981985251 0.110969675318
13:23:49 0  0.100981985251 0.110969675318
13:23:50 0  0.100981985251 0.110969675318
13:23:51 0  0.100981985251 0.110969675318
13:23:52 0  0.100981985251 0.110969675318
13:23:53 0  0.100981985251 0.110969675318
13:23:54 0  0.100981985251 0.110969675318
13:23:55 0  0.100981985251 0.110969675318
13:23:56 0  0.100981985251 0.110969675318
13:23:57 0  0.100981985251 0.110969675318
13:23:58 0  0.100981985251 0.110969675318
13:23:59 0  0.100981985251 0.110969675318
13:24:00 0  0.100981985251 0.110969675318
13:24:01 0  0.100981985251 0.110969675318
13:24:02 0  0.100981985251 0.110969675318
13:24:03 0  0.100981985251 0.110969675318
13:24:04 0  0.100981985251 0.110969675318
13:24:05 0  0.100981985251 0.110969675318
13:24:06 0  0.100981985251 0.110969675318
13:24:07 0  0.100981985251 0.110969675318
13:24:08 0  0.100981985251 0.110969675318
13:24:09 0  0.100981985251 0.110969675318
13:24:10 501 0.0993683672655 0.111114582424
13:24:11 0  0.0993683672655 0.111114582424
13:24:12 0  0.0993683672655 0.111114582424
13:24:13 101 0.09935 0.109143259498
13:24:14 400 0.1081726825 0.107561344183
13:24:15 676 0.102314248521 0.106834938143
13:24:16 326 0.100698300613 0.105152030331
13:24:17 0  0.100698300613 0.105152030331
13:24:18 0  0.100698300613 0.105152030331
13:24:19 397 0.0996418816121 0.104462361242
13:24:20 104 0.108570182692 0.104060373376
13:24:21 0  0.108570182692 0.104060373376
13:24:22 0  0.108570182692 0.104060373376
13:24:23 0  0.108570182692 0.104060373376
13:24:24 0  0.108570182692 0.104060373376
13:24:25 57 0.0998119473684 0.104173331824
13:24:26 461 0.101066958785 0.102766016372
13:24:27 539 0.103581168831 0.101997655461
13:24:28 446 0.107931950673 0.102257573819
13:24:29 0  0.107931950673 0.102257573819
13:24:30 0  0.107931950673 0.102257573819
13:24:31 112 0.0964043482143 0.10311393216
13:24:32 0  0.0964043482143 0.10311393216
13:24:33 85 0.103978105882 0.102819366981
13:24:34 41 0.103045219512 0.102399909319
13:24:35 102 0.101788911765 0.102473006418
13:24:36 32 0.09586665625 0.102582067534
13:24:37 0  0.09586665625 0.102582067534
13:24:38 0  0.09586665625 0.102582067534
13:24:39 630 0.098665752381 0.102204544997
13:24:40 0  0.098665752381 0.102204544997
13:24:41 202 0.103010589109 0.101214101966
13:24:42 299 0.10600193311 0.10153396614
13:24:43 0  0.10600193311 0.10153396614
13:24:44 210 0.111535338095 0.102027463573
13:24:45 594 0.114848117845 0.102822880499
13:24:46 642 0.119931397196 0.103514497216
13:24:47 624 0.11102194391 0.105867202115
13:24:48 536 0.117623296642 0.106571585917
13:24:49 730 0.104482882192 0.10802939363
13:24:50 171 0.102560374269 0.108298790673
13:24:51 0  0.102560374269 0.108298790673
13:24:52 0  0.102560374269 0.108298790673
13:24:53 0  0.102560374269 0.108298790673
13:24:54 0  0.102560374269 0.108298790673
13:24:55 0  0.102560374269 0.108298790673
13:24:56 0  0.102560374269 0.108298790673
13:24:57 0  0.102560374269 0.108298790673
13:24:58 0  0.102560374269 0.108298790673
13:24:59 0  0.102560374269 0.108298790673
13:25:00 0  0.102560374269 0.108298790673
13:25:01 0  0.102560374269 0.108298790673
13:25:02 0  0.102560374269 0.108298790673
13:25:03 0  0.102560374269 0.108298790673
13:25:04 0  0.102560374269 0.108298790673
13:25:05 0  0.102560374269 0.108298790673
13:25:06 0  0.102560374269 0.108298790673
13:25:07 0  0.102560374269 0.108298790673
13:25:08 359 0.104229869081 0.108968162475
13:25:09 142 0.100287661972 0.109524574145
13:25:10 0  0.100287661972 0.109524574145
13:25:11 0  0.100287661972 0.109524574145
13:25:12 0  0.100287661972 0.109524574145
13:25:13 0  0.100287661972 0.109524574145
13:25:14 0  0.100287661972 0.109524574145
13:25:15 0  0.100287661972 0.109524574145
13:25:16 0  0.100287661972 0.109524574145
13:25:17 26 0.1002305 0.109252281431
13:25:18 648 0.102963029321 0.10867513812
13:25:19 818 0.103447491443 0.107817907243
13:25:20 349 0.107889240688 0.106677844603
13:25:21 0  0.107889240688 0.106677844603
13:25:22 163 0.099755993865 0.105473628952
13:25:23 501 0.108117135729 0.104347033947
13:25:24 501 0.1031400499 0.103396417856
13:25:25 0  0.1031400499 0.103396417856
13:25:26 0  0.1031400499 0.103396417856
13:25:27 82 0.102858231707 0.103262134627
13:25:28 419 0.099761673031 0.10329192037
13:25:29 0  0.099761673031 0.10329192037
13:25:30 0  0.099761673031 0.10329192037
13:25:31 0  0.099761673031 0.10329192037
13:25:32 315 0.0987980031746 0.102845100766
13:25:33 186 0.105320204301 0.102696134886
13:25:34 0  0.105320204301 0.102696134886
13:25:35 0  0.105320204301 0.102696134886
13:25:36 0  0.105320204301 0.102696134886
13:25:37 0  0.105320204301 0.102696134886
13:25:38 0  0.105320204301 0.102696134886
13:25:39 0  0.105320204301 0.102696134886
13:25:40 0  0.105320204301 0.102696134886
13:25:41 0  0.105320204301 0.102696134886
13:25:42 0  0.105320204301 0.102696134886
13:25:43 0  0.105320204301 0.102696134886
13:25:44 0  0.105320204301 0.102696134886
13:25:45 0  0.105320204301 0.102696134886
13:25:46 0  0.105320204301 0.102696134886
13:25:47 0  0.105320204301 0.102696134886
13:25:48 0  0.105320204301 0.102696134886
13:25:49 0  0.105320204301 0.102696134886
13:25:50 0  0.105320204301 0.102696134886
13:25:51 0  0.105320204301 0.102696134886
13:25:52 0  0.105320204301 0.102696134886
13:25:53 0  0.105320204301 0.102696134886
13:25:54 110 0.0984204363636 0.103205105316
13:25:55 465 0.101445526882 0.10275084602
13:25:56 427 0.103821850117 0.102550649564
13:25:57 501 0.101669163673 0.102143910507
13:25:58 0  0.101669163673 0.102143910507
13:25:59 0  0.101669163673 0.102143910507
13:26:00 501 0.103012808383 0.102335227488
13:26:01 103 0.103350475728 0.101824794753
13:26:02 585 0.118133418803 0.101845837336
13:26:03 748 0.11141834893 0.103373356046
13:26:04 460 0.106964541304 0.104539023636
13:26:05 108 0.0987298425926 0.105355677449
13:26:06 0  0.0987298425926 0.105355677449
13:26:07 0  0.0987298425926 0.105355677449
13:26:08 0  0.0987298425926 0.105355677449
13:26:09 0  0.0987298425926 0.105355677449
13:26:10 0  0.0987298425926 0.105355677449
13:26:11 316 0.101210136076 0.104696641278
13:26:12 185 0.100868491892 0.104975611249
13:26:13 0  0.100868491892 0.104975611249
13:26:14 38 0.0919156052632 0.10491790775
13:26:15 189 4.53355014815 0.103727283265
13:26:16 17 0.117277294118 0.546915381712
13:26:17 257 0.0975674357977 0.548341830286
13:26:18 0  0.0975674357977 0.548341830286
13:26:19 0  0.0975674357977 0.548341830286
13:26:20 0  0.0975674357977 0.548341830286
13:26:21 0  0.0975674357977 0.548341830286
13:26:22 441 0.110200222222 0.547763526293
13:26:23 500 0.108804732 0.546970206634
13:26:24 61 0.103259983607 0.546708844941
13:26:25 0  0.103259983607 0.546708844941
13:26:26 501 0.102375812375 0.546338389172
13:26:27 575 0.116596436522 0.54670298615
13:26:28 781 0.107292051216 0.548241616194
13:26:29 147 0.101092863946 0.548883972127
13:26:30 0  0.101092863946 0.548883972127
13:26:31 0  0.101092863946 0.548883972127
13:26:32 0  0.101092863946 0.548883972127
13:26:33 0  0.101092863946 0.548883972127
13:26:34 0  0.101092863946 0.548883972127
13:26:35 0  0.101092863946 0.548883972127
13:26:36 0  0.101092863946 0.548883972127
13:26:37 0  0.101092863946 0.548883972127
13:26:38 372 0.102738147849 0.549801697995
13:26:39 32 0.09392253125 0.106720497965
13:26:40 97 0.104994082474 0.104385021678
13:26:41 0  0.104994082474 0.104385021678
13:26:42 0  0.104994082474 0.104385021678
13:26:43 0  0.104994082474 0.104385021678
13:26:44 0  0.104994082474 0.104385021678
13:26:45 0  0.104994082474 0.104385021678
13:26:46 0  0.104994082474 0.104385021678
13:26:47 0  0.104994082474 0.104385021678
13:26:48 0  0.104994082474 0.104385021678
13:26:49 0  0.104994082474 0.104385021678
13:26:50 0  0.104994082474 0.104385021678
13:26:51 0  0.104994082474 0.104385021678
13:26:52 0  0.104994082474 0.104385021678
13:26:53 501 0.0981538562874 0.105127686346
13:26:54 0  0.0981538562874 0.105127686346
13:26:55 0  0.0981538562874 0.105127686346
13:26:56 0  0.0981538562874 0.105127686346
13:26:57 270 0.102944992593 0.103923049753
13:26:58 0  0.102944992593 0.103923049753
13:26:59 0  0.102944992593 0.103923049753
13:27:00 635 0.0986131511811 0.103337075812
13:27:01 497 0.110723961771 0.102872392569
13:27:02 602 0.108043134551 0.103707207509
13:27:03 501 0.109579620758 0.102851877312
13:27:04 501 0.100247319361 0.103080634266
13:27:05 312 0.159549455128 0.102996079808
13:27:06 83 0.139303975904 0.108677210536
13:27:07 106 0.100619839623 0.113215355001
13:27:08 256 0.099736671875 0.112777930716
13:27:09 0  0.099736671875 0.112777930716
13:27:10 245 0.097967722449 0.112936212275
13:27:11 0  0.097967722449 0.112936212275
13:27:12 0  0.097967722449 0.112936212275
13:27:13 0  0.097967722449 0.112936212275
13:27:14 0  0.097967722449 0.112936212275
13:27:15 0  0.097967722449 0.112936212275
13:27:16 0  0.097967722449 0.112936212275
13:27:17 0  0.097967722449 0.112936212275
13:27:18 0  0.097967722449 0.112936212275
13:27:19 501 0.100097922156 0.11243848526
13:27:20 0  0.100097922156 0.11243848526
13:27:21 0  0.100097922156 0.11243848526
13:27:22 0  0.100097922156 0.11243848526
13:27:23 0  0.100097922156 0.11243848526
13:27:24 0  0.100097922156 0.11243848526
13:27:25 0  0.100097922156 0.11243848526
13:27:26 0  0.100097922156 0.11243848526
13:27:27 0  0.100097922156 0.11243848526
13:27:28 0  0.100097922156 0.11243848526
13:27:29 0  0.100097922156 0.11243848526
13:27:30 0  0.100097922156 0.11243848526
13:27:31 0  0.100097922156 0.11243848526
13:27:32 501 0.0981010778443 0.112586962358
13:27:33 0  0.0981010778443 0.112586962358
13:27:34 0  0.0981010778443 0.112586962358
13:27:35 737 0.105134189959 0.111324673965
13:27:36 451 0.155571121951 0.111033779506
13:27:37 504 0.149639472222 0.115632929625
13:27:38 553 0.150553470163 0.120572144911
13:27:39 442 0.115229733032 0.119672546415
13:27:40 249 0.0987992289157 0.117265122127
13:27:41 70 0.0973913285714 0.117083061057
13:27:42 0  0.0973913285714 0.117083061057
13:27:43 0  0.0973913285714 0.117083061057
13:27:44 0  0.0973913285714 0.117083061057
13:27:45 0  0.0973913285714 0.117083061057
13:27:46 0  0.0973913285714 0.117083061057
13:27:47 0  0.0973913285714 0.117083061057
13:27:48 127 0.100246244094 0.116848526726
13:27:49 374 0.0998858449198 0.117076378891
13:27:50 0  0.0998858449198 0.117076378891
13:27:51 0  0.0998858449198 0.117076378891
13:27:52 0  0.0998858449198 0.117076378891
13:27:53 0  0.0998858449198 0.117076378891
13:27:54 0  0.0998858449198 0.117076378891
13:27:55 0  0.0998858449198 0.117076378891
13:27:56 0  0.0998858449198 0.117076378891
13:27:57 0  0.0998858449198 0.117076378891
13:27:58 0  0.0998858449198 0.117076378891
13:27:59 0  0.0998858449198 0.117076378891
13:28:00 761 0.111591187911 0.117055171167
13:28:01 564 0.119179390071 0.118404182174
13:28:02 679 0.116845125184 0.119808702185
13:28:03 529 0.116403035917 0.115936102508
13:28:04 776 0.106671847938 0.112612458878
13:28:05 547 0.110885087751 0.108224296655
13:28:06 635 0.113053085039 0.107789832127
13:28:07 655 0.108029456489 0.10921521774
13:28:08 511 0.118397636008 0.110279030531
13:28:09 117 0.106930358974 0.112094169723
13:28:10 114 6.35942076316 0.112798621128
13:28:11 111 0.0979345495495 0.737581578653
13:28:12 167 0.0973863473054 0.735457094601
13:28:13 347 0.0983663688761 0.733511216813
13:28:14 0  0.0983663688761 0.733511216813
13:28:15 0  0.0983663688761 0.733511216813
13:28:16 0  0.0983663688761 0.733511216813
13:28:17 0  0.0983663688761 0.733511216813
13:28:18 0  0.0983663688761 0.733511216813
13:28:19 0  0.0983663688761 0.733511216813
13:28:20 0  0.0983663688761 0.733511216813
13:28:21 0  0.0983663688761 0.733511216813
13:28:22 0  0.0983663688761 0.733511216813
13:28:23 0  0.0983663688761 0.733511216813
13:28:24 0  0.0983663688761 0.733511216813
13:28:25 0  0.0983663688761 0.733511216813
13:28:26 0  0.0983663688761 0.733511216813
13:28:27 0  0.0983663688761 0.733511216813
13:28:28 0  0.0983663688761 0.733511216813
13:28:29 0  0.0983663688761 0.733511216813
13:28:30 0  0.0983663688761 0.733511216813
13:28:31 0  0.0983663688761 0.733511216813
13:28:32 0  0.0983663688761 0.733511216813
13:28:33 0  0.0983663688761 0.733511216813
13:28:34 0  0.0983663688761 0.733511216813
13:28:35 0  0.0983663688761 0.733511216813
13:28:36 334 0.0993128143713 0.731707550109
13:28:37 157 0.104447796178 0.730971646752
13:28:38 10 0.1202429 0.730327917595
13:28:39 0  0.1202429 0.730327917595
13:28:40 0  0.1202429 0.730327917595
13:28:41 0  0.1202429 0.730327917595
13:28:42 0  0.1202429 0.730327917595
13:28:43 0  0.1202429 0.730327917595
13:28:44 0  0.1202429 0.730327917595
13:28:45 0  0.1202429 0.730327917595
13:28:46 0  0.1202429 0.730327917595
13:28:47 0  0.1202429 0.730327917595
13:28:48 0  0.1202429 0.730327917595
13:28:49 0  0.1202429 0.730327917595
13:28:50 0  0.1202429 0.730327917595
13:28:51 0  0.1202429 0.730327917595
13:28:52 0  0.1202429 0.730327917595
13:28:53 0  0.1202429 0.730327917595
13:28:54 0  0.1202429 0.730327917595
13:28:55 493 0.120890259635 0.731046899091
13:28:56 521 0.115482028791 0.732332979406
13:28:57 588 0.117175028912 0.732041418684
13:28:58 693 0.111827077922 0.733065885678
13:28:59 657 0.106095474886 0.108306517154
13:29:00 54 0.109334518519 0.109122609688
13:29:01 0  0.109334518519 0.109122609688
13:29:02 42 0.104881547619 0.110317426809
13:29:03 131 0.100417198473 0.110968944683
13:29:04 0  0.100417198473 0.110968944683
13:29:05 0  0.100417198473 0.110968944683
13:29:06 0  0.100417198473 0.110968944683
13:29:07 0  0.100417198473 0.110968944683
13:29:08 328 0.0990663445122 0.111079383093
13:29:09 0  0.0990663445122 0.111079383093
13:29:10 0  0.0990663445122 0.111079383093
13:29:11 0  0.0990663445122 0.111079383093
13:29:12 0  0.0990663445122 0.111079383093
13:29:13 0  0.0990663445122 0.111079383093
13:29:14 0  0.0990663445122 0.111079383093
13:29:15 0  0.0990663445122 0.111079383093
13:29:16 0  0.0990663445122 0.111079383093
13:29:17 501 0.101254301397 0.110541237927
13:29:18 567 0.115511167549 0.108642378067
13:29:19 614 0.104225807818 0.108104468858
13:29:20 121 0.0995194958678 0.106978846761
13:29:21 540 0.114034675926 0.105213293456
13:29:22 552 0.109232141304 0.105434053257
13:29:23 599 0.109714078464 0.105747719898
13:29:24 213 0.106800755869 0.105785675893
13:29:25 42 0.104492642857 0.105977596718
13:29:26 106 5.8036969717 0.106385141156
13:29:27 277 0.102441440433 0.676848203875
13:29:28 20 0.11545685 0.676966917779
13:29:29 0  0.11545685 0.676966917779
13:29:30 0  0.11545685 0.676966917779
13:29:31 0  0.11545685 0.676966917779
13:29:32 211 19.8295384976 0.676961486024
13:29:33 146 0.0975292945205 2.649492755
13:29:34 0  0.0975292945205 2.649492755
13:29:35 0  0.0975292945205 2.649492755
13:29:36 0  0.0975292945205 2.649492755
13:29:37 0  0.0975292945205 2.649492755
13:29:38 0  0.0975292945205 2.649492755
13:29:39 0  0.0975292945205 2.649492755
13:29:40 0  0.0975292945205 2.649492755
13:29:41 0  0.0975292945205 2.649492755
13:29:42 0  0.0975292945205 2.649492755
13:29:43 0  0.0975292945205 2.649492755
13:29:44 0  0.0975292945205 2.649492755
13:29:45 0  0.0975292945205 2.649492755
13:29:46 0  0.0975292945205 2.649492755
13:29:47 0  0.0975292945205 2.649492755
13:29:48 0  0.0975292945205 2.649492755
13:29:49 0  0.0975292945205 2.649492755
13:29:50 0  0.0975292945205 2.649492755
13:29:51 0  0.0975292945205 2.649492755
13:29:52 0  0.0975292945205 2.649492755
13:29:53 0  0.0975292945205 2.649492755
13:29:54 501 0.107624684631 2.64929373487
13:29:55 318 0.100978742138 2.64865273574
13:29:56 676 0.106479823964 2.64782739582
13:29:57 499 0.110494583166 2.64750397037
13:29:58 550 0.108524490909 2.6478733531
13:29:59 213 0.0969031314554 2.64827653791
13:30:00 249 0.0996613453815 2.07759715388
13:30:01 0  0.0996613453815 2.07759715388
13:30:02 500 0.099088086 2.07731914438
13:30:03 502 0.100095549801 2.07568226798
13:30:04 0  0.100095549801 2.07568226798
13:30:05 0  0.100095549801 2.07568226798
13:30:06 0  0.100095549801 2.07568226798
13:30:07 0  0.100095549801 2.07568226798
13:30:08 0  0.100095549801 2.07568226798
13:30:09 0  0.100095549801 2.07568226798
13:30:10 0  0.100095549801 2.07568226798
13:30:11 0  0.100095549801 2.07568226798
13:30:12 0  0.100095549801 2.07568226798
13:30:13 0  0.100095549801 2.07568226798
13:30:14 0  0.100095549801 2.07568226798
13:30:15 0  0.100095549801 2.07568226798
13:30:16 0  0.100095549801 2.07568226798
13:30:17 0  0.100095549801 2.07568226798
13:30:18 0  0.100095549801 2.07568226798
13:30:19 0  0.100095549801 2.07568226798
13:30:20 0  0.100095549801 2.07568226798
13:30:21 0  0.100095549801 2.07568226798
13:30:22 0  0.100095549801 2.07568226798
13:30:23 0  0.100095549801 2.07568226798
13:30:24 0  0.100095549801 2.07568226798
13:30:25 66 0.0976100606061 0.102737973197
13:30:26 100 0.09877921 0.102746049805
13:30:27 0  0.09877921 0.102746049805
13:30:28 41 0.0908441219512 0.101861502342
13:30:29 0  0.0908441219512 0.101861502342
13:30:30 0  0.0908441219512 0.101861502342
13:30:31 294 0.0990843231293 0.100848040323
13:30:32 0  0.0990843231293 0.100848040323
13:30:33 0  0.0990843231293 0.100848040323
13:30:34 0  0.0990843231293 0.100848040323
13:30:35 237 0.111332396624 0.10010849024
13:30:36 264 0.100954753788 0.100192271586
13:30:37 344 0.100712517442 0.0994352978737
13:30:38 157 0.100788490446 0.0998162364723
13:30:39 469 0.101942091684 0.0999289509787
13:30:40 32 0.1016310625 0.100214351547
13:30:41 0  0.1016310625 0.100214351547
13:30:42 501 0.100599650699 0.100367902817
13:30:43 745 0.0980429973154 0.100666861826
13:30:44 257 0.100481525292 0.100593240558
13:30:45 0  0.100481525292 0.100593240558
13:30:46 0  0.100481525292 0.100593240558
13:30:47 0  0.100481525292 0.100593240558
13:30:48 0  0.100481525292 0.100593240558
13:30:49 0  0.100481525292 0.100593240558
13:30:50 0  0.100481525292 0.100593240558
13:30:51 0  0.100481525292 0.100593240558
13:30:52 0  0.100481525292 0.100593240558
13:30:53 0  0.100481525292 0.100593240558
13:30:54 0  0.100481525292 0.100593240558
13:30:55 0  0.100481525292 0.100593240558
13:30:56 0  0.100481525292 0.100593240558
13:30:57 0  0.100481525292 0.100593240558
13:30:58 0  0.100481525292 0.100593240558
13:30:59 0  0.100481525292 0.100593240558
13:31:00 0  0.100481525292 0.100593240558
13:31:01 0  0.100481525292 0.100593240558
13:31:02 0  0.100481525292 0.100593240558
13:31:03 0  0.100481525292 0.100593240558
13:31:04 0  0.100481525292 0.100593240558
13:31:05 0  0.100481525292 0.100593240558
13:31:06 0  0.100481525292 0.100593240558
13:31:07 0  0.100481525292 0.100593240558
13:31:08 0  0.100481525292 0.100593240558
13:31:09 0  0.100481525292 0.100593240558
13:31:10 0  0.100481525292 0.100593240558
13:31:11 0  0.100481525292 0.100593240558
13:31:12 0  0.100481525292 0.100593240558
13:31:13 0  0.100481525292 0.100593240558
13:31:14 0  0.100481525292 0.100593240558
13:31:15 0  0.100481525292 0.100593240558
13:31:16 0  0.100481525292 0.100593240558
13:31:17 0  0.100481525292 0.100593240558
13:31:18 0  0.100481525292 0.100593240558
13:31:19 0  0.100481525292 0.100593240558
13:31:20 0  0.100481525292 0.100593240558
13:31:21 0  0.100481525292 0.100593240558
13:31:22 0  0.100481525292 0.100593240558
13:31:23 0  0.100481525292 0.100593240558
13:31:24 0  0.100481525292 0.100593240558
13:31:25 0  0.100481525292 0.100593240558
13:31:26 0  0.100481525292 0.100593240558
13:31:27 0  0.100481525292 0.100593240558
13:31:28 0  0.100481525292 0.100593240558
13:31:29 0  0.100481525292 0.100593240558
13:31:30 0  0.100481525292 0.100593240558
13:31:31 0  0.100481525292 0.100593240558
13:31:32 0  0.100481525292 0.100593240558
13:31:33 0  0.100481525292 0.100593240558
13:31:34 0  0.100481525292 0.100593240558
13:31:35 0  0.100481525292 0.100593240558
13:31:36 0  0.100481525292 0.100593240558
13:31:37 0  0.100481525292 0.100593240558
13:31:38 0  0.100481525292 0.100593240558
13:31:39 0  0.100481525292 0.100593240558
13:31:40 0  0.100481525292 0.100593240558
13:31:41 0  0.100481525292 0.100593240558
13:31:42 0  0.100481525292 0.100593240558
13:31:43 0  0.100481525292 0.100593240558
13:31:44 0  0.100481525292 0.100593240558
13:31:45 0  0.100481525292 0.100593240558
13:31:46 0  0.100481525292 0.100593240558
13:31:47 0  0.100481525292 0.100593240558
13:31:48 0  0.100481525292 0.100593240558
13:31:49 501 0.097522742515 0.101556980892
13:31:50 0  0.097522742515 0.101556980892
13:31:51 0  0.097522742515 0.101556980892
13:31:52 0  0.097522742515 0.101556980892
13:31:53 0  0.097522742515 0.101556980892
13:31:54 668 0.0970481541916 0.101400822831
13:31:55 835 0.10143971497 0.0999723985872
13:31:56 501 0.0986118243513 0.100020894705
13:31:57 794 0.0989292670025 0.0998108253964
13:31:58 630 0.0984146761905 0.0996249030521
13:31:59 580 0.101218675862 0.0992721615027
13:32:00 501 0.10257194012 0.0992309228389
13:32:01 501 0.10509808982 0.099428151781
13:32:02 671 0.100634947839 0.100133661031
13:32:03 331 0.0983175619335 0.100149003286
13:32:04 0  0.0983175619335 0.100149003286
13:32:05 0  0.0983175619335 0.100149003286
13:32:06 0  0.0983175619335 0.100149003286
13:32:07 77 0.0974623506494 0.100228485228
13:32:08 424 0.0996075990566 0.100269904874
13:32:09 0  0.0996075990566 0.100269904874
13:32:10 0  0.0996075990566 0.100269904874
13:32:11 0  0.0996075990566 0.100269904874
13:32:12 0  0.0996075990566 0.100269904874
13:32:13 0  0.0996075990566 0.100269904874
13:32:14 0  0.0996075990566 0.100269904874
13:32:15 0  0.0996075990566 0.100269904874
13:32:16 0  0.0996075990566 0.100269904874
13:32:17 0  0.0996075990566 0.100269904874
13:32:18 0  0.0996075990566 0.100269904874
13:32:19 0  0.0996075990566 0.100269904874
13:32:20 0  0.0996075990566 0.100269904874
13:32:21 0  0.0996075990566 0.100269904874
13:32:22 0  0.0996075990566 0.100269904874
13:32:23 0  0.0996075990566 0.100269904874
13:32:24 0  0.0996075990566 0.100269904874
13:32:25 0  0.0996075990566 0.100269904874
13:32:26 0  0.0996075990566 0.100269904874
13:32:27 0  0.0996075990566 0.100269904874
13:32:28 0  0.0996075990566 0.100269904874
13:32:29 0  0.0996075990566 0.100269904874
13:32:30 0  0.0996075990566 0.100269904874
13:32:31 0  0.0996075990566 0.100269904874
13:32:32 0  0.0996075990566 0.100269904874
13:32:33 0  0.0996075990566 0.100269904874
13:32:34 0  0.0996075990566 0.100269904874
13:32:35 0  0.0996075990566 0.100269904874
13:32:36 0  0.0996075990566 0.100269904874
13:32:37 0  0.0996075990566 0.100269904874
13:32:38 501 0.100620706587 0.100086693283
13:32:39 0  0.100620706587 0.100086693283
13:32:40 501 0.101019798403 0.100287581506
13:32:41 261 0.0972570114943 0.100496634646
13:32:42 490 0.102554961224 0.100380868176
13:32:43 251 0.101422091633 0.100514496713
13:32:44 150 0.101446793333 0.100399511864
13:32:45 351 0.0999864843305 0.100034382215
13:32:46 0  0.0999864843305 0.100034382215
13:32:47 0  0.0999864843305 0.100034382215
13:32:48 0  0.0999864843305 0.100034382215
13:32:49 0  0.0999864843305 0.100034382215
13:32:50 0  0.0999864843305 0.100034382215
13:32:51 0  0.0999864843305 0.100034382215
13:32:52 0  0.0999864843305 0.100034382215
13:32:53 0  0.0999864843305 0.100034382215
13:32:54 501 0.101244656687 0.0999695358646
13:32:55 0  0.101244656687 0.0999695358646
13:32:56 0  0.101244656687 0.0999695358646
13:32:57 0  0.101244656687 0.0999695358646
13:32:58 0  0.101244656687 0.0999695358646
13:32:59 0  0.101244656687 0.0999695358646
13:33:00 0  0.101244656687 0.0999695358646
13:33:01 0  0.101244656687 0.0999695358646
13:33:02 0  0.101244656687 0.0999695358646
13:33:03 0  0.101244656687 0.0999695358646
13:33:04 0  0.101244656687 0.0999695358646
13:33:05 0  0.101244656687 0.0999695358646
13:33:06 0  0.101244656687 0.0999695358646
13:33:07 0  0.101244656687 0.0999695358646
13:33:08 0  0.101244656687 0.0999695358646
13:33:09 0  0.101244656687 0.0999695358646
13:33:10 0  0.101244656687 0.0999695358646
13:33:11 230 0.102834769565 0.10026224534
13:33:12 772 0.102677049223 0.100799487231
13:33:13 0  0.102677049223 0.100799487231
13:33:14 0  0.102677049223 0.100799487231
13:33:15 0  0.102677049223 0.100799487231
13:33:16 0  0.102677049223 0.100799487231
13:33:17 215 0.0975295116279 0.101106432248
13:33:18 138 0.101146304348 0.100797312752
13:33:19 83 0.106802024096 0.100809963347
13:33:20 65 0.0977156769231 0.101764464607
13:33:21 0  0.0977156769231 0.101764464607
13:33:22 0  0.0977156769231 0.101764464607
13:33:23 0  0.0977156769231 0.101764464607
13:33:24 0  0.0977156769231 0.101764464607
13:33:25 0  0.0977156769231 0.101764464607
13:33:26 0  0.0977156769231 0.101764464607
13:33:27 0  0.0977156769231 0.101764464607
13:33:28 0  0.0977156769231 0.101764464607
13:33:29 0  0.0977156769231 0.101764464607
13:33:30 0  0.0977156769231 0.101764464607
13:33:31 0  0.0977156769231 0.101764464607
13:33:32 0  0.0977156769231 0.101764464607
13:33:33 0  0.0977156769231 0.101764464607
13:33:34 0  0.0977156769231 0.101764464607
13:33:35 0  0.0977156769231 0.101764464607
13:33:36 0  0.0977156769231 0.101764464607
13:33:37 0  0.0977156769231 0.101764464607
13:33:38 0  0.0977156769231 0.101764464607
13:33:39 0  0.0977156769231 0.101764464607
13:33:40 0  0.0977156769231 0.101764464607
13:33:41 0  0.0977156769231 0.101764464607
13:33:42 0  0.0977156769231 0.101764464607
13:33:43 0  0.0977156769231 0.101764464607
13:33:44 0  0.0977156769231 0.101764464607
13:33:45 0  0.0977156769231 0.101764464607
13:33:46 0  0.0977156769231 0.101764464607
13:33:47 0  0.0977156769231 0.101764464607
13:33:48 0  0.0977156769231 0.101764464607
13:33:49 0  0.0977156769231 0.101764464607
13:33:50 0  0.0977156769231 0.101764464607
13:33:51 0  0.0977156769231 0.101764464607
13:33:52 0  0.0977156769231 0.101764464607
13:33:53 0  0.0977156769231 0.101764464607
13:33:54 0  0.0977156769231 0.101764464607
13:33:55 0  0.0977156769231 0.101764464607
13:33:56 0  0.0977156769231 0.101764464607
13:33:57 0  0.0977156769231 0.101764464607
13:33:58 0  0.0977156769231 0.101764464607
13:33:59 0  0.0977156769231 0.101764464607
13:34:00 0  0.0977156769231 0.101764464607
13:34:01 0  0.0977156769231 0.101764464607
13:34:02 0  0.0977156769231 0.101764464607
13:34:03 0  0.0977156769231 0.101764464607
13:34:04 0  0.0977156769231 0.101764464607
13:34:05 0  0.0977156769231 0.101764464607
13:34:06 0  0.0977156769231 0.101764464607
13:34:07 0  0.0977156769231 0.101764464607
13:34:08 0  0.0977156769231 0.101764464607
13:34:09 0  0.0977156769231 0.101764464607
13:34:10 0  0.0977156769231 0.101764464607
13:34:11 0  0.0977156769231 0.101764464607
13:34:12 0  0.0977156769231 0.101764464607
13:34:13 0  0.0977156769231 0.101764464607
13:34:14 60 0.0982406166667 0.101280536177
13:34:15 375 0.100542570667 0.10096238868
13:34:16 376 0.0985338244681 0.100871966413
13:34:17 530 0.0998343716981 0.100726700427
13:34:18 266 0.0962766578947 0.100585671928
13:34:19 92 0.113305521739 0.0999298607612
13:34:20 0  0.113305521739 0.0999298607612
13:34:21 0  0.113305521739 0.0999298607612
13:34:22 0  0.113305521739 0.0999298607612
13:34:23 305 0.142236586885 0.100992708013
13:34:24 0  0.142236586885 0.100992708013
13:34:25 0  0.142236586885 0.100992708013
13:34:26 0  0.142236586885 0.100992708013
13:34:27 0  0.142236586885 0.100992708013
13:34:28 0  0.142236586885 0.100992708013
13:34:29 0  0.142236586885 0.100992708013
13:34:30 0  0.142236586885 0.100992708013
13:34:31 0  0.142236586885 0.100992708013
13:34:32 0  0.142236586885 0.100992708013
13:34:33 201 0.0960595223881 0.105463415539
13:34:34 300 0.0970806633333 0.104954737343
13:34:35 0  0.0970806633333 0.104954737343
13:34:36 0  0.0970806633333 0.104954737343
13:34:37 0  0.0970806633333 0.104954737343
13:34:38 501 0.0994794111776 0.103982601266
13:34:39 0  0.0994794111776 0.103982601266
13:34:40 232 0.101388448276 0.104158974692
13:34:41 770 0.0984425350649 0.104473757853
13:34:42 501 0.0990222914172 0.104263754293
13:34:43 723 0.0989331742739 0.104312600987
13:34:44 66 0.0992156969697 0.104222481245
13:34:45 126 0.0995773571429 0.104516385152
13:34:46 0  0.0995773571429 0.104516385152
13:34:47 87 0.101630264368 0.103143568693
13:34:48 0  0.101630264368 0.103143568693
13:34:49 0  0.101630264368 0.103143568693
13:34:50 0  0.101630264368 0.103143568693
13:34:51 0  0.101630264368 0.103143568693
13:34:52 0  0.101630264368 0.103143568693
13:34:53 0  0.101630264368 0.103143568693
13:34:54 0  0.101630264368 0.103143568693
13:34:55 0  0.101630264368 0.103143568693
13:34:56 281 0.0995266654804 0.0990829364411
13:34:57 220 0.100957759091 0.0994296507504
13:34:58 0  0.100957759091 0.0994296507504
13:34:59 0  0.100957759091 0.0994296507504
13:35:00 0  0.100957759091 0.0994296507504
13:35:01 0  0.100957759091 0.0994296507504
13:35:02 0  0.100957759091 0.0994296507504
13:35:03 0  0.100957759091 0.0994296507504
13:35:04 0  0.100957759091 0.0994296507504
13:35:05 0  0.100957759091 0.0994296507504
13:35:06 0  0.100957759091 0.0994296507504
13:35:07 0  0.100957759091 0.0994296507504
13:35:08 0  0.100957759091 0.0994296507504
13:35:09 0  0.100957759091 0.0994296507504
13:35:10 0  0.100957759091 0.0994296507504
13:35:11 0  0.100957759091 0.0994296507504
13:35:12 0  0.100957759091 0.0994296507504
13:35:13 0  0.100957759091 0.0994296507504
13:35:14 0  0.100957759091 0.0994296507504
13:35:15 0  0.100957759091 0.0994296507504
13:35:16 0  0.100957759091 0.0994296507504
13:35:17 0  0.100957759091 0.0994296507504
13:35:18 0  0.100957759091 0.0994296507504
13:35:19 501 0.0991321696607 0.0998173603261
13:35:20 263 0.0973889391635 0.0997826361744
13:35:21 739 0.0994922787551 0.0993826852632
13:35:22 558 0.100555933692 0.0994876596322
13:35:23 444 0.103335540541 0.0996410238597
13:35:24 0  0.103335540541 0.0996410238597
13:35:25 0  0.103335540541 0.0996410238597
13:35:26 0  0.103335540541 0.0996410238597
13:35:27 0  0.103335540541 0.0996410238597
13:35:28 0  0.103335540541 0.0996410238597
13:35:29 0  0.103335540541 0.0996410238597
13:35:30 0  0.103335540541 0.0996410238597
13:35:31 0  0.103335540541 0.0996410238597
13:35:32 0  0.103335540541 0.0996410238597
13:35:33 0  0.103335540541 0.0996410238597
13:35:34 0  0.103335540541 0.0996410238597
13:35:35 0  0.103335540541 0.0996410238597
13:35:36 0  0.103335540541 0.0996410238597
