################################################################################
# Collectl:   V3.6.0-1  HiRes: 1  Options: -o z -D -P -i 10 -f /mnt/vol2/msevilla/ceph-logs/mds/cpu/ 
# Host:       issdm-15  DaemonOpts: -f /var/log/collectl -r00:00,7 -m -F60 -s+YZ
# Distro:       Platform: H8DMR-82
# Date:       20150604-130337  Secs: 1433448217 TZ: -0700
# SubSys:     bcdfijmnstYZ Options: z Interval: 10:60 NumCPUs: 4  NumBud: 4 Flags: i
# Filters:    NfsFilt:  EnvFilt: 
# HZ:         100  Arch: x86_64-linux-gnu-thread-multi PageSize: 4096
# Cpu:        AuthenticAMD Speed(MHz): 2010.291 Cores: 2  Siblings: 2
# Kernel:     3.4.0-030400-generic  Memory: 8177412 kB  Swap: 8386556 kB
# NumDisks:   4 DiskNames: sda sdb sdc sdd
# NumNets:    4 NetNames: eth0:?? eth1:1000 eth2:1000 lo:
# NumSlabs:   133 Version: 2.1
# IConnect:   NumHCAs: 1 PortStates: 0 IBVersion:  PQVersion: 
# SCSI:       DA:0:00:00:00 DA:1:00:00:00 DA:2:00:00:00 DA:3:00:00:00
################################################################################
#Date Time [CPU]User% [CPU]Nice% [CPU]Sys% [CPU]Wait% [CPU]Irq% [CPU]Soft% [CPU]Steal% [CPU]Idle% [CPU]Totl% [CPU]Intrpt/sec [CPU]Ctx/sec [CPU]Proc/sec [CPU]ProcQue [CPU]ProcRun [CPU]L-Avg1 [CPU]L-Avg5 [CPU]L-Avg15 [MEM]Tot [MEM]Used [MEM]Free [MEM]Shared [MEM]Buf [MEM]Cached [MEM]Slab [MEM]Map [MEM]Commit [MEM]SwapTot [MEM]SwapUsed [MEM]SwapFree [MEM]SwapIn [MEM]SwapOut [MEM]Dirty [MEM]Clean [MEM]Laundry [MEM]Inactive [MEM]PageIn [MEM]PageOut [MEM]PageFaults [MEM]PageMajFaults [MEM]HugeTotal [MEM]HugeFree [MEM]HugeRsvd [MEM]SUnreclaim [SOCK]Used [SOCK]Tcp [SOCK]Orph [SOCK]Tw [SOCK]Alloc [SOCK]Mem [SOCK]Udp [SOCK]Raw [SOCK]Frag [SOCK]FragMem [NET]RxPktTot [NET]TxPktTot [NET]RxKBTot [NET]TxKBTot [NET]RxCmpTot [NET]RxMltTot [NET]TxCmpTot [NET]RxErrsTot [NET]TxErrsTot [DSK]ReadTot [DSK]WriteTot [DSK]OpsTot [DSK]ReadKBTot [DSK]WriteKBTot [DSK]KbTot [DSK]ReadMrgTot [DSK]WriteMrgTot [DSK]MrgTot [INODE]NumDentry [INODE]openFiles [INODE]MaxFile% [INODE]used [NFS]ReadsS [NFS]WritesS [NFS]MetaS [NFS]CommitS [NFS]Udp [NFS]Tcp [NFS]TcpConn [NFS]BadAuth [NFS]BadClient [NFS]ReadsC [NFS]WritesC [NFS]MetaC [NFS]CommitC [NFS]Retrans [NFS]AuthRef [TCP]PureAcks [TCP]HPAcks [TCP]Loss [TCP]FTrans [BUD]1Page [BUD]2Pages [BUD]4Pages [BUD]8Pages [BUD]16Pages [BUD]32Pages [BUD]64Pages [BUD]128Pages [BUD]256Pages [BUD]512Pages [BUD]1024Pages
20150604 13:04:10 4 0 3 0 0 0 0 93 7 5736 11043 7 286 1 0.00 0.03 0.19 8177412 3131072 5046340 0 296524 2409004 193440 147116 1575476 8386556 0 8386556 0 0 268 0 0 887896 0 8 3035 0 0 0 0 23204 348 97 0 0 108 100 0 0 0 0 844 975 185 588 0 0 0 0 0 0 1 1 0 8 8 0 1 1 157756 1344 0 111390 0 0 0 0 0 0 0 0 0 0 0 0 0 0 1 35 634 0 0 1716 4055 1814 1329 833 293 156 54 25 54 1133
20150604 13:04:20 18 0 12 0 0 1 0 69 31 28317 51869 3 292 2 0.16 0.06 0.20 8177412 3169436 5007976 0 296524 2409036 193444 186516 1619352 8386556 0 8386556 0 0 184 0 0 887932 0 27 2164 0 0 0 0 23208 351 100 0 0 111 128 0 0 0 0 4635 4844 1045 3365 0 0 0 0 0 0 3 3 0 27 27 0 2 2 157761 1312 0 111395 0 0 0 0 0 0 0 0 0 0 0 0 0 0 0 252 2959 0 0 537 317 1786 1328 824 290 155 54 25 53 1133
20150604 13:04:30 20 0 12 0 0 1 0 67 33 29164 53503 1 292 3 0.21 0.07 0.20 8177412 3197888 4979524 0 296524 2409080 193500 216596 1648480 8386556 0 8386556 0 0 176 0 0 887972 0 10 1618 0 0 0 0 23264 351 100 0 0 111 101 0 0 0 0 4744 5002 1076 3510 0 0 0 0 0 0 1 1 0 10 10 0 0 0 157763 1312 0 111397 0 0 0 0 0 0 0 0 0 0 0 0 0 0 0 230 3065 0 0 417 244 956 1335 834 296 156 53 26 45 1133
20150604 13:04:40 19 0 12 0 0 0 0 69 31 27826 52606 1 292 1 0.33 0.10 0.21 8177412 3229012 4948400 0 296524 2409128 193556 249572 1679780 8386556 0 8386556 0 0 180 0 0 888012 0 6 1690 0 0 0 0 23308 351 100 0 0 111 146 0 0 0 0 4528 4757 1031 3357 0 0 0 0 0 0 0 0 0 6 6 0 0 0 157765 1312 0 111399 0 0 0 0 0 0 0 0 0 0 0 0 0 0 1 209 2936 0 0 448 184 807 1324 826 291 155 53 26 32 1133
20150604 13:04:50 18 0 13 0 0 1 0 68 32 28400 51804 1 292 2 0.43 0.13 0.22 8177412 3239500 4937912 0 296524 2409164 193512 261416 1690152 8386556 0 8386556 0 0 168 0 0 888052 0 14 1170 0 0 0 0 23264 351 100 0 0 111 102 0 0 0 0 4623 4888 1055 3448 0 0 0 0 0 0 2 2 0 14 14 0 1 1 157767 1344 0 111401 0 0 0 0 0 0 0 0 0 0 0 0 0 0 0 214 3007 0 0 409 266 358 1339 839 296 157 57 26 28 1133
20150604 13:05:00 18 0 12 0 0 1 0 68 32 28392 50782 1 292 1 0.44 0.15 0.22 8177412 3240848 4936564 0 296524 2409208 193456 264476 1692200 8386556 0 8386556 0 0 152 0 0 888088 0 10 954 0 0 0 0 23208 351 100 0 0 111 140 0 0 0 0 4528 4833 1034 3359 0 0 0 0 0 0 1 1 0 10 10 0 0 0 157769 1344 0 111403 0 0 0 0 0 0 0 0 0 0 0 0 0 0 0 182 2985 0 0 441 270 352 1336 842 295 157 60 25 27 1133
20150604 13:05:10 18 0 13 0 0 1 0 67 33 28382 52548 7 292 3 0.52 0.17 0.23 8177412 3314468 4862944 0 296524 2409276 193516 338980 1765324 8386556 0 8386556 0 0 220 0 0 888148 0 12 4681 0 0 0 0 23268 351 100 0 0 111 98 0 0 0 0 4629 4856 1047 3403 0 0 0 0 0 0 1 1 0 12 12 0 1 1 157771 1344 0 111405 0 0 0 0 0 0 0 0 0 0 0 0 0 0 0 220 3006 0 0 536 307 305 1243 834 296 158 56 26 13 1123
20150604 13:05:20 18 0 13 0 0 1 0 68 32 28909 52757 1 292 3 0.59 0.20 0.24 8177412 3315564 4861848 0 296524 2409312 193596 341272 1765324 8386556 0 8386556 0 0 208 0 0 888184 0 13 913 0 0 0 0 23340 351 100 0 0 111 138 0 0 0 0 4615 4864 1044 3386 0 0 0 0 0 0 2 2 0 13 13 0 1 1 157769 1312 0 111403 0 0 0 0 0 0 0 0 0 0 0 0 0 0 0 242 2991 0 0 375 318 271 1232 837 299 158 56 26 13 1123
20150604 13:05:30 18 0 13 0 0 1 0 69 31 28092 51256 1 292 3 0.50 0.19 0.24 8177412 3322836 4854576 0 296524 2409356 193564 349468 1772624 8386556 0 8386556 0 0 204 0 0 888224 0 7 1074 0 0 0 0 23308 351 100 0 0 111 101 0 0 0 0 4509 4689 1019 3226 0 0 0 0 0 0 1 1 0 7 7 0 0 0 157771 1312 0 111405 0 0 0 0 0 0 0 0 0 0 0 0 0 0 0 238 2882 0 0 480 275 255 1208 825 292 155 53 26 12 1123
20150604 13:05:40 19 0 13 0 0 1 0 67 33 29113 53925 1 291 3 0.58 0.22 0.24 8177412 3329020 4848392 0 296528 2409400 193556 357020 1779096 8386556 0 8386556 0 0 136 0 0 888264 0 13 967 0 0 0 0 23300 351 100 0 0 111 99 0 0 0 0 4728 5047 1070 3476 0 0 0 0 0 0 2 2 0 13 13 0 0 0 157767 1312 0 111401 0 0 0 0 0 0 0 0 0 0 0 0 0 0 0 226 3073 0 0 380 223 114 1101 825 292 155 53 26 13 1121
20150604 13:05:50 18 0 11 0 0 0 0 70 30 25354 45678 1 293 4 1.01 0.33 0.28 8177412 3529960 4647452 0 296532 2409456 193508 560128 1982732 8386556 0 8386556 0 0 156 0 0 888316 0 12 5212 0 0 0 0 23252 352 101 0 0 112 158 0 0 0 0 4150 4271 948 5325 0 0 0 0 0 0 2 2 0 13 13 0 1 1 157770 1312 0 111404 0 0 0 0 0 0 0 0 0 0 0 0 0 0 1 71 2764 0 0 388 254 120 67 46 16 9 4 20 13 1119
20150604 13:06:00 20 0 13 0 0 1 0 67 33 28372 52595 1 293 3 1.01 0.35 0.29 8177412 3530760 4646652 0 296532 2409500 193444 561492 1982732 8386556 0 8386556 0 0 156 0 0 888352 0 6 900 0 0 0 0 23192 352 101 0 0 112 130 0 0 0 0 5064 5390 1187 3488 0 0 0 0 0 0 0 0 0 6 6 0 0 0 157772 1312 0 111406 0 0 0 0 0 0 0 0 0 0 0 0 0 0 0 189 3125 0 0 487 286 147 95 59 19 13 6 20 12 1118
20150604 13:06:10 20 0 13 0 0 1 0 66 34 27934 52358 7 293 3 1.01 0.37 0.29 8177412 3530908 4646504 0 296532 2409576 193488 562712 1982732 8386556 0 8386556 0 0 224 0 0 888404 0 12 2759 0 0 0 0 23236 352 101 0 0 112 99 0 0 0 0 5083 5410 1206 3556 0 0 0 0 0 0 1 1 0 12 12 0 1 1 157774 1312 0 111408 0 0 0 0 0 0 0 0 0 0 0 0 0 0 0 238 2952 0 0 575 312 145 105 70 21 15 5 18 12 1118
20150604 13:06:20 19 0 13 0 0 1 0 67 33 28461 52522 1 293 2 1.09 0.41 0.31 8177412 3647468 4529944 0 296532 2409620 193492 680840 2099668 8386556 0 8386556 0 0 140 0 0 888444 0 23 3833 0 0 0 0 23240 352 101 0 0 112 98 0 0 0 0 4962 5435 1173 3512 0 0 0 0 0 0 3 3 0 23 23 0 1 1 157776 1312 0 111410 0 0 0 0 0 0 0 0 0 0 0 0 0 0 0 138 3162 0 0 499 230 112 84 56 16 8 4 18 12 1091
20150604 13:06:30 17 0 11 0 0 1 0 71 29 26779 47862 1 293 2 1.15 0.44 0.32 8177412 3647872 4529540 0 296532 2409664 193544 682056 2099696 8386556 0 8386556 0 0 148 0 0 888480 0 7 910 0 0 0 0 23292 352 101 0 0 112 409 0 0 0 0 4512 4798 1074 3214 0 0 0 0 0 0 1 1 0 7 7 0 0 0 157778 1344 0 111412 0 0 0 0 0 0 0 0 0 0 0 0 0 0 0 98 2831 0 0 557 304 121 92 63 19 11 6 20 13 1089
20150604 13:06:40 19 0 13 0 0 1 0 67 33 28386 52150 1 293 1 1.50 0.54 0.35 8177412 3647656 4529756 0 296532 2409708 193556 682788 2099692 8386556 0 8386556 0 0 144 0 0 888488 0 6 899 0 0 0 0 23304 352 101 0 0 112 140 0 0 0 0 5093 5444 1207 3542 0 0 0 0 0 0 0 0 0 6 6 0 0 0 157780 1280 0 111414 0 0 0 0 0 0 0 0 0 0 0 0 0 0 0 171 3079 0 0 642 310 118 96 67 22 14 5 19 13 1089
20150604 13:06:50 19 0 12 0 0 1 0 68 32 28193 51300 1 293 1 1.50 0.58 0.37 8177412 3647592 4529820 0 296532 2409756 193504 684536 2099692 8386556 0 8386556 0 0 156 0 0 888540 0 6 922 0 0 0 0 23252 352 101 0 0 112 104 0 0 0 0 4998 5274 1190 3475 0 0 0 0 0 0 1 1 0 6 6 0 0 0 157782 1312 0 111416 0 0 0 0 0 0 0 0 0 0 0 0 0 0 1 212 2945 0 0 536 298 135 104 74 25 16 10 15 13 1089
20150604 13:07:00 19 0 13 0 0 1 0 68 32 28293 52575 1 293 0 1.35 0.57 0.37 8177412 3647468 4529944 0 296532 2409800 193532 685832 2099700 8386556 0 8386556 0 0 156 0 0 888576 0 14 912 0 0 0 0 23280 352 101 0 0 112 100 0 0 0 0 5105 5444 1209 3495 0 0 0 0 0 0 2 2 0 14 14 0 1 1 157784 1312 0 111418 0 0 0 0 0 0 0 0 0 0 0 0 0 0 0 172 3108 0 0 568 344 137 114 80 31 18 8 14 13 1089
20150604 13:07:10 20 0 13 0 0 1 0 65 35 28570 53656 7 293 2 1.30 0.59 0.37 8177412 3656816 4520596 0 296532 2418064 193564 687380 2099700 8386556 0 8386556 0 0 224 0 0 896832 0 831 2958 0 0 0 0 23272 352 101 0 0 112 99 0 0 0 0 5127 5559 1220 3571 0 0 0 0 0 0 3 3 0 831 831 0 1 1 157786 1376 0 111420 0 0 0 0 0 0 0 0 0 0 0 0 0 0 0 164 3133 0 0 520 264 123 88 68 26 14 4 13 14 1088
20150604 13:07:20 19 0 12 0 0 1 0 67 33 28630 51336 1 293 2 1.34 0.62 0.39 8177412 3656908 4520504 0 296532 2418108 193576 688232 2099692 8386556 0 8386556 0 0 184 0 0 896852 0 10 903 0 0 0 0 23284 352 101 0 0 112 141 0 0 0 0 4988 5294 1174 3419 0 0 0 0 0 0 1 1 0 10 10 0 0 0 157788 1312 0 111422 0 0 0 0 0 0 0 0 0 0 0 0 0 0 0 142 3140 0 0 582 247 122 100 73 26 13 5 14 13 1088
20150604 13:07:30 19 0 12 0 0 1 0 68 31 28095 51115 1 293 4 1.20 0.61 0.39 8177412 3656304 4521108 0 296532 2418152 193572 689724 2099700 8386556 0 8386556 0 0 148 0 0 896904 0 20 916 0 0 0 0 23276 352 101 0 0 112 101 0 0 0 0 5031 5294 1188 3473 0 0 0 0 0 0 3 3 0 20 20 0 1 1 157790 1280 0 111424 0 0 0 0 0 0 0 0 0 0 0 0 0 0 0 229 2986 0 0 480 311 152 114 86 31 14 4 14 14 1087
20150604 13:07:40 20 0 12 0 0 1 0 67 33 26895 47565 1 293 0 1.17 0.63 0.40 8177412 3721312 4456100 0 296532 2418200 193624 756132 2164080 8386556 0 8386556 0 0 152 0 0 896944 0 6 2544 0 0 0 0 23328 352 101 0 0 112 99 0 0 0 0 4779 4916 1097 5731 0 0 0 0 0 0 0 0 0 6 6 0 0 0 157792 1312 0 111426 0 0 0 0 0 0 0 0 0 0 0 0 0 0 0 209 2935 0 0 455 328 155 113 76 21 15 4 14 13 1072
20150604 13:07:50 16 0 11 0 0 1 0 72 28 24603 45010 1 293 3 1.07 0.62 0.40 8177412 3721496 4455916 0 296532 2418244 193600 756904 2164080 8386556 0 8386556 0 0 160 0 0 896956 0 6 900 0 0 0 0 23296 352 101 0 0 112 140 0 0 0 0 4214 4666 1000 2907 0 0 0 0 0 0 0 0 0 6 6 0 0 0 157794 1312 0 111428 0 0 0 0 0 0 0 0 0 0 0 0 0 0 1 106 2678 0 0 504 337 186 131 90 27 20 8 14 12 1071
20150604 13:08:00 18 0 13 0 0 1 0 68 32 28054 52138 1 293 2 1.13 0.65 0.41 8177412 3729484 4447928 0 296532 2426480 193864 757616 2164088 8386556 0 8386556 0 0 160 0 0 905192 0 833 1102 0 0 0 0 23336 352 101 0 0 112 138 0 0 0 0 4988 5255 1180 3436 0 0 0 0 0 0 3 3 0 833 833 0 1 1 157796 1312 0 111430 0 0 0 0 0 0 0 0 0 0 0 0 0 0 0 203 2974 0 0 438 298 171 119 72 24 15 4 14 13 1070
20150604 13:08:10 19 0 12 0 0 1 0 68 32 27683 50324 7 293 0 0.96 0.63 0.40 8177412 3738616 4438796 0 296536 2434748 194172 758316 2164088 8386556 0 8386556 0 0 240 0 0 913448 0 832 2950 0 0 0 0 23416 352 101 0 0 112 102 0 0 0 0 4918 5284 1171 3451 0 0 0 0 0 0 3 3 0 832 832 0 1 1 157798 1344 0 111432 0 0 0 0 0 0 0 0 0 0 0 0 0 0 0 92 3090 0 0 607 295 191 143 98 36 23 9 16 13 1065
20150604 13:08:20 19 0 13 0 0 1 0 67 33 28406 51884 1 293 0 1.04 0.66 0.42 8177412 3737540 4439872 0 296540 2434792 194212 759204 2164080 8386556 0 8386556 0 0 204 0 0 913468 0 10 898 0 0 0 0 23456 352 101 0 0 112 98 0 0 0 0 4936 5322 1170 3440 0 0 0 0 0 0 1 1 0 10 10 0 0 0 157800 1312 0 111434 0 0 0 0 0 0 0 0 0 0 0 0 0 0 0 109 3177 0 0 573 315 193 139 94 30 21 8 15 13 1066
20150604 13:08:30 12 0 8 0 0 1 0 79 21 19725 33832 1 293 2 1.18 0.70 0.43 8177412 3973440 4203972 0 296548 2434836 194140 995828 2397920 8386556 0 8386556 0 0 204 0 0 913540 0 17 6799 0 0 0 0 23384 352 101 0 0 112 99 0 0 0 0 3328 3497 788 2275 0 0 0 0 0 0 2 2 0 17 17 0 1 1 157802 1344 0 111436 0 0 0 0 0 0 0 0 0 0 0 0 0 0 0 135 2011 0 0 444 198 104 58 49 16 9 3 4 5 1019
20150604 13:08:40 18 0 13 0 0 0 0 68 31 27858 51518 1 293 2 1.15 0.71 0.44 8177412 3973424 4203988 0 296548 2434880 194124 996700 2398012 8386556 0 8386556 0 0 152 0 0 913580 0 15 899 0 0 0 0 23352 352 101 0 0 112 140 0 0 0 0 4835 5088 1131 3410 0 0 0 0 0 0 2 2 0 15 15 0 1 1 157804 1344 0 111438 0 0 0 0 0 0 0 0 0 0 0 0 0 0 0 208 2985 0 0 499 215 113 66 56 22 13 7 5 4 1018
20150604 13:08:50 18 0 12 0 0 1 0 69 31 27474 50540 1 293 2 1.13 0.72 0.45 8177412 3973488 4203924 0 296548 2434928 194132 998436 2398020 8386556 0 8386556 0 0 172 0 0 913612 0 6 922 0 0 0 0 23360 352 101 0 0 112 144 0 0 0 0 4890 5141 1156 3387 0 0 0 0 0 0 0 0 0 6 6 0 0 0 157806 1312 0 111440 0 0 0 0 0 0 0 0 0 0 0 0 0 0 1 146 3003 0 0 526 234 114 71 58 20 15 6 5 4 1018
20150604 13:09:00 20 0 13 0 0 1 0 67 33 28752 53450 1 293 2 1.11 0.73 0.45 8177412 3973976 4203436 0 296552 2434972 194128 1000020 2398020 8386556 0 8386556 0 0 172 0 0 913648 0 14 918 0 0 0 0 23368 352 101 0 0 112 100 0 0 0 0 5143 5453 1235 3593 0 0 0 0 0 0 2 2 0 14 14 0 1 1 157808 1344 0 111442 0 0 0 0 0 0 0 0 0 0 0 0 0 0 0 157 3103 0 0 508 283 124 73 60 21 17 4 4 4 1018
20150604 13:09:10 19 0 13 0 0 1 0 66 34 28733 53463 7 293 2 1.16 0.76 0.46 8177412 3973968 4203444 0 296552 2435044 194084 1001368 2398012 8386556 0 8386556 0 0 232 0 0 913712 0 12 3123 0 0 0 0 23320 352 101 0 0 112 100 0 0 0 0 5010 5290 1175 3495 0 0 0 0 0 0 1 1 0 12 12 0 1 1 157810 1280 0 111444 0 0 0 0 0 0 0 0 0 0 0 0 0 0 0 222 3058 0 0 533 324 128 88 71 29 20 9 4 5 1016
20150604 13:09:20 20 0 12 0 0 1 0 67 33 27714 51236 1 293 2 1.14 0.76 0.47 8177412 3973720 4203692 0 296556 2435088 194084 1002528 2398012 8386556 0 8386556 0 0 140 0 0 913748 0 15 909 0 0 0 0 23320 352 101 0 0 112 147 0 0 0 0 5148 5437 1224 3504 0 0 0 0 0 0 2 2 0 15 15 0 0 0 157812 1312 0 111446 0 0 0 0 0 0 0 0 0 0 0 0 0 0 0 218 3017 0 0 566 340 151 88 77 34 17 8 4 5 1016
20150604 13:09:30 17 0 11 0 0 1 0 71 29 25301 45991 1 293 0 1.12 0.77 0.47 8177412 3973884 4203528 0 296556 2435132 194124 1003548 2398020 8386556 0 8386556 0 0 156 0 0 913796 0 16 907 0 0 0 0 23364 352 101 0 0 112 127 0 0 0 0 4415 4664 1035 3056 0 0 0 0 0 0 2 2 0 16 16 0 1 1 157814 1312 0 111448 0 0 0 0 0 0 0 0 0 0 0 0 0 0 0 182 2704 0 0 559 273 154 99 77 30 19 8 4 5 1016
20150604 13:09:40 20 0 11 0 0 0 0 68 32 25358 45750 1 293 3 1.18 0.80 0.49 8177412 4035140 4142272 0 296560 2435172 194116 1066540 2460232 8386556 0 8386556 0 0 160 0 0 913828 0 6 2457 0 0 0 0 23356 352 101 0 0 112 100 0 0 0 0 4570 4760 1064 5545 0 0 0 0 0 0 0 0 0 6 6 0 0 0 157816 1312 0 111450 0 0 0 0 0 0 0 0 0 0 0 0 0 0 0 127 2861 0 0 553 258 141 92 65 28 17 8 6 5 1001
20150604 13:09:50 20 0 13 0 0 1 0 67 33 28532 52752 1 293 2 1.15 0.80 0.49 8177412 4034768 4142644 0 296560 2435224 194108 1067236 2460232 8386556 0 8386556 0 0 172 0 0 913864 0 6 900 0 0 0 0 23348 352 101 0 0 112 139 0 0 0 0 5140 5467 1236 3565 0 0 0 0 0 0 0 0 0 6 6 0 0 0 157818 1312 0 111452 0 0 0 0 0 0 0 0 0 0 0 0 0 0 1 191 3061 0 0 609 308 129 94 65 28 17 8 6 5 1001
20150604 13:10:00 19 0 12 0 0 1 0 68 32 27606 50526 1 293 5 1.13 0.81 0.50 8177412 4033768 4143644 0 296560 2435268 194116 1067872 2460232 8386556 0 8386556 0 0 152 0 0 913900 0 17 898 0 0 0 0 23356 352 101 0 0 112 146 0 0 0 0 4945 5178 1169 3437 0 0 0 0 0 0 2 2 0 17 17 0 1 1 157820 1312 0 111454 0 0 0 0 0 0 0 0 0 0 0 0 0 0 0 227 2925 0 0 596 294 141 92 69 30 19 10 5 5 1001
20150604 13:10:10 18 0 11 0 0 1 0 69 31 26675 48593 7 293 0 1.11 0.82 0.50 8177412 4035300 4142112 0 296560 2435336 194304 1068740 2460232 8386556 0 8386556 0 0 224 0 0 913956 0 831 2941 0 0 0 0 23408 352 101 0 0 112 144 0 0 0 0 4679 5010 1116 3198 0 0 0 0 0 0 3 3 0 831 831 0 1 1 157822 1312 0 111456 0 0 0 0 0 0 0 0 0 0 0 0 0 0 0 96 2894 0 0 644 337 128 104 82 34 16 9 5 6 1000
20150604 13:10:20 19 0 13 0 0 1 0 68 32 28134 52169 1 293 0 1.09 0.82 0.51 8177412 4033672 4143740 0 296560 2435380 194272 1069392 2460232 8386556 0 8386556 0 0 184 0 0 913996 0 10 900 0 0 0 0 23376 352 101 0 0 112 99 0 0 0 0 5050 5267 1187 3523 0 0 0 0 0 0 1 1 0 10 10 0 0 0 157824 1312 0 111458 0 0 0 0 0 0 0 0 0 0 0 0 0 0 0 208 3050 0 0 695 346 143 111 82 35 18 9 5 6 1000
20150604 13:10:30 17 0 11 0 0 1 0 71 29 25317 46161 1 293 0 1.08 0.83 0.51 8177412 4033424 4143988 0 296560 2435424 194272 1070256 2460224 8386556 0 8386556 0 0 188 0 0 914020 0 16 896 0 0 0 0 23376 352 101 0 0 112 137 0 0 0 0 4481 4805 1069 3125 0 0 0 0 0 0 2 2 0 16 16 0 1 1 157826 1280 0 111460 0 0 0 0 0 0 0 0 0 0 0 0 0 0 0 144 2692 0 0 710 347 142 117 86 36 17 9 5 6 1000
20150604 13:10:40 16 0 11 0 0 1 0 71 29 25886 45636 1 293 2 1.07 0.83 0.52 8177412 4033804 4143608 0 296560 2435472 194308 1071004 2460232 8386556 0 8386556 0 0 140 0 0 914080 0 12 895 0 0 0 0 23408 352 101 0 0 112 149 0 0 0 0 4366 4580 1022 3020 0 0 0 0 0 0 2 2 0 12 12 0 0 0 157828 1312 0 111462 0 0 0 0 0 0 0 0 0 0 0 0 0 0 0 176 2696 0 0 596 344 146 122 96 35 15 9 5 6 1000
20150604 13:10:50 19 0 13 0 0 1 0 67 33 28571 53201 1 293 1 1.14 0.86 0.53 8177412 4032844 4144568 0 296560 2435520 194308 1071608 2460232 8386556 0 8386556 0 0 156 0 0 914108 0 5 900 0 0 0 0 23408 352 101 0 0 112 116 0 0 0 0 5112 5387 1211 3534 0 0 0 0 0 0 0 0 0 5 5 0 0 0 157830 1312 0 111464 0 0 0 0 0 0 0 0 0 0 0 0 0 0 1 218 3078 0 0 574 377 159 126 97 34 17 9 5 6 1000
20150604 13:11:00 19 0 11 0 0 1 0 69 31 27072 49367 1 293 2 1.04 0.84 0.53 8177412 4032720 4144692 0 296560 2435564 194304 1072500 2460232 8386556 0 8386556 0 0 172 0 0 914132 0 15 898 0 0 0 0 23404 352 101 0 0 112 116 0 0 0 0 4883 5172 1153 3384 0 0 0 0 0 0 2 2 0 15 15 0 1 1 157832 1344 0 111466 0 0 0 0 0 0 0 0 0 0 0 0 0 0 0 188 2974 0 0 625 348 151 127 93 32 19 9 5 6 1000
20150604 13:11:10 16 0 11 0 0 1 0 73 27 23790 43482 7 293 1 0.96 0.83 0.53 8177412 4035216 4142196 0 296560 2435632 194344 1077300 2460224 8386556 0 8386556 0 0 224 0 0 914204 0 13 2837 0 0 0 0 23444 352 101 0 0 112 133 0 0 0 0 4209 4456 1009 2924 0 0 0 0 0 0 1 1 0 13 13 0 1 1 157834 1280 0 111468 0 0 0 0 0 0 0 0 0 0 0 0 0 0 0 90 2596 0 0 591 296 127 98 85 31 18 10 5 6 1000
20150604 13:11:20 18 0 12 0 0 1 0 69 31 26875 50512 1 293 1 0.89 0.82 0.53 8177412 4035200 4142212 0 296560 2435676 194316 1077704 2460232 8386556 0 8386556 0 0 136 0 0 914248 0 14 898 0 0 0 0 23416 352 101 0 0 112 114 0 0 0 0 4774 5022 1121 3301 0 0 0 0 0 0 2 2 0 14 14 0 0 0 157836 1280 0 111470 0 0 0 0 0 0 0 0 0 0 0 0 0 0 0 153 2940 0 0 578 261 137 104 91 29 17 10 5 6 1000
20150604 13:11:30 21 0 12 0 0 1 0 66 34 26090 46656 1 293 2 0.91 0.83 0.53 8177412 4094332 4083080 0 296560 2435720 194300 1137488 2518340 8386556 0 8386556 0 0 140 0 0 914276 0 19 2382 0 0 0 0 23400 352 101 0 0 112 161 0 0 0 0 4662 4823 1071 5490 0 0 0 0 0 0 2 2 0 19 19 0 1 1 157838 1312 0 111472 0 0 0 0 0 0 0 0 0 0 0 0 0 0 0 161 2968 0 0 568 202 113 68 53 19 13 8 5 5 988
20150604 13:11:40 19 0 13 0 0 1 0 67 33 28072 52483 1 293 0 0.92 0.83 0.54 8177412 4094332 4083080 0 296560 2435764 194300 1138408 2518340 8386556 0 8386556 0 0 148 0 0 914312 0 4 899 0 0 0 0 23400 352 101 0 0 112 116 0 0 0 0 5058 5337 1192 3480 0 0 0 0 0 0 0 0 0 4 4 0 0 0 157840 1280 0 111474 0 0 0 0 0 0 0 0 0 0 0 0 0 0 0 171 3127 0 0 544 254 135 81 60 23 15 9 8 6 986
20150604 13:11:50 20 0 13 0 0 1 0 66 34 29053 54038 1 293 2 1.02 0.86 0.55 8177412 4092984 4084428 0 296560 2435808 194276 1139360 2518340 8386556 0 8386556 0 0 160 0 0 914316 0 6 901 0 0 0 0 23372 352 101 0 0 112 120 0 0 0 0 5151 5562 1230 3628 0 0 0 0 0 0 0 0 0 6 6 0 0 0 157842 1248 0 111476 0 0 0 0 0 0 0 0 0 0 0 0 0 0 1 159 3154 0 0 583 242 158 88 67 27 17 9 7 6 986
20150604 13:12:00 19 0 12 0 0 1 0 68 32 27999 51931 1 293 0 1.09 0.88 0.56 8177412 4092556 4084856 0 296560 2435852 194340 1140244 2518348 8386556 0 8386556 0 0 148 0 0 914376 0 16 899 0 0 0 0 23436 352 101 0 0 112 184 0 0 0 0 4823 5160 1154 3455 0 0 0 0 0 0 2 2 0 16 16 0 1 1 157844 1248 0 111478 0 0 0 0 0 0 0 0 0 0 0 0 0 0 0 117 3012 0 0 519 241 165 98 71 29 16 9 5 7 986
20150604 13:12:10 19 0 13 0 0 1 0 67 33 28151 52679 7 293 1 1.23 0.91 0.57 8177412 4093132 4084280 0 296560 2435924 194288 1140696 2518348 8386556 0 8386556 0 0 228 0 0 914436 0 834 2948 0 0 0 0 23392 352 101 0 0 112 117 0 0 0 0 5064 5361 1211 3520 0 0 0 0 0 0 3 3 0 834 834 0 1 1 157846 1344 0 111480 0 0 0 0 0 0 0 0 0 0 0 0 0 0 0 158 3038 0 0 603 271 129 108 81 24 19 10 5 6 986
20150604 13:12:20 20 0 13 0 0 1 0 66 34 29056 53921 1 293 2 1.35 0.95 0.59 8177412 4092024 4085388 0 296560 2435968 194276 1141648 2518348 8386556 0 8386556 0 0 196 0 0 914464 0 8 901 0 0 0 0 23384 352 101 0 0 112 117 0 0 0 0 5218 5558 1235 3647 0 0 0 0 0 0 1 1 0 8 8 0 0 0 157848 1344 0 111482 0 0 0 0 0 0 0 0 0 0 0 0 0 0 0 160 3262 0 0 637 283 132 100 82 27 19 9 6 6 986
20150604 13:12:30 16 0 10 0 0 1 0 73 27 23810 41859 1 293 0 1.14 0.92 0.58 8177412 4091584 4085828 0 296560 2436012 194348 1142300 2518348 8386556 0 8386556 0 0 200 0 0 914496 0 837 1099 0 0 0 0 23400 352 101 0 0 112 117 0 0 0 0 4131 4297 959 2857 0 0 0 0 0 0 4 4 0 837 837 0 1 1 157850 1312 0 111484 0 0 0 0 0 0 0 0 0 0 0 0 0 0 0 170 2533 0 0 493 274 140 106 72 26 13 11 8 6 986
20150604 13:12:40 18 0 13 0 0 1 0 68 32 27284 48516 2 293 3 1.04 0.90 0.58 8177412 4091680 4085732 0 296560 2436060 194336 1143112 2518348 8386556 0 8386556 0 0 160 0 0 914528 0 16 1201 0 0 0 0 23388 352 101 0 0 112 117 0 0 0 0 4905 5173 1169 3403 0 0 0 0 0 0 2 2 0 16 16 0 1 1 157852 1344 0 111486 0 0 0 0 0 0 0 0 0 0 0 0 0 0 0 158 2948 0 0 544 254 140 106 78 31 17 11 6 6 986
20150604 13:12:50 20 0 13 0 0 1 0 67 33 28575 52092 1 293 0 0.96 0.89 0.58 8177412 4090672 4086740 0 296560 2436108 194336 1144032 2518344 8386556 0 8386556 0 0 184 0 0 914540 0 5 901 0 0 0 0 23388 352 101 0 0 112 178 0 0 0 0 5024 5415 1191 3543 0 0 0 0 0 0 0 0 0 5 5 0 0 0 157854 1312 0 111488 0 0 0 0 0 0 0 0 0 0 0 1 0 0 1 170 3101 0 0 479 313 163 121 81 26 18 11 6 6 986
20150604 13:13:00 17 0 12 0 0 1 0 70 30 24648 45239 1 293 0 0.97 0.90 0.59 8177412 4554932 3622480 0 296560 2436152 194336 1608760 2986200 8386556 0 8386556 0 0 184 0 0 914604 0 836 12713 0 0 0 0 23356 352 101 0 0 112 139 0 0 0 0 4433 4759 1051 3117 0 0 0 0 0 0 4 4 0 836 836 0 1 1 157856 1312 0 111490 0 0 0 0 0 0 0 0 0 0 0 0 0 0 0 170 2670 0 0 617 258 102 67 64 27 22 13 6 4 874
20150604 13:13:10 19 0 12 0 0 1 0 68 32 27383 49567 7 293 2 1.04 0.91 0.60 8177412 4555876 3621536 0 296564 2436220 194328 1610364 2986200 8386556 0 8386556 0 0 276 0 0 914676 0 12 2769 0 0 0 0 23348 352 101 0 0 112 161 0 0 0 0 4824 5248 1148 3418 0 0 0 0 0 0 1 1 0 12 12 0 2 2 157858 1344 0 111492 0 0 0 0 0 0 0 0 0 0 0 0 0 0 0 103 3030 0 0 543 301 142 73 53 28 19 10 7 4 874
20150604 13:13:20 21 0 12 0 0 1 0 66 34 25990 46949 1 293 2 1.03 0.92 0.60 8177412 4632292 3545120 0 296564 2444456 194484 1679440 3045596 8386556 0 8386556 0 0 184 0 0 922896 0 835 2800 0 0 0 0 23384 352 101 0 0 112 154 0 0 0 0 4701 4938 1090 5621 0 0 0 0 0 0 4 4 0 835 835 0 0 0 157860 1312 0 111494 0 0 0 0 0 0 0 0 0 0 0 0 0 0 0 130 2992 0 0 445 220 101 44 40 14 9 6 6 6 857
20150604 13:13:30 20 0 13 0 0 1 0 66 34 28431 52427 1 293 2 1.02 0.92 0.60 8177412 4632100 3545312 0 296568 2444504 194556 1680716 3045588 8386556 0 8386556 0 0 184 0 0 922936 0 19 902 0 0 0 0 23460 352 101 0 0 112 118 0 0 0 0 5122 5397 1242 3579 0 0 0 0 0 0 2 2 0 19 19 0 1 1 157862 1280 0 111496 0 0 0 0 0 0 0 0 0 0 0 0 0 0 0 143 3033 0 0 436 212 107 46 48 14 8 6 6 6 857
20150604 13:13:40 20 0 13 0 0 1 0 66 34 29261 55556 1 293 2 0.95 0.91 0.60 8177412 4632632 3544780 0 296568 2444548 194492 1682080 3045592 8386556 0 8386556 0 0 188 0 0 922972 0 4 916 0 0 0 0 23396 352 101 0 0 112 116 0 0 0 0 5116 5498 1195 3681 0 0 0 0 0 0 0 0 0 4 4 0 0 0 157864 1344 0 111498 0 0 0 0 0 0 0 0 0 0 0 0 0 0 0 148 3296 0 0 453 250 98 52 47 17 10 9 5 5 857
20150604 13:13:50 15 0 9 0 0 1 0 75 25 21700 39458 1 293 1 0.87 0.89 0.60 8177412 4632664 3544748 0 296568 2444592 194540 1682976 3045588 8386556 0 8386556 0 0 196 0 0 923000 0 6 902 0 0 0 0 23444 352 101 0 0 112 120 0 0 0 0 3850 4168 925 2686 0 0 0 0 0 0 1 1 0 6 6 0 0 0 157866 1312 0 111500 0 0 0 0 0 0 0 0 0 0 0 0 0 0 1 71 2411 0 0 537 219 101 53 46 18 12 7 5 5 857
20150604 13:14:00 20 0 13 0 0 1 0 66 34 28971 53039 1 292 3 0.89 0.90 0.60 8177412 4632328 3545084 0 296568 2444636 194428 1684408 3045596 8386556 0 8386556 0 0 200 0 0 923040 0 15 916 0 0 0 0 23332 352 101 0 0 112 118 0 0 0 0 5204 5604 1235 3643 0 0 0 0 0 0 2 2 0 15 15 0 1 1 157859 1312 0 111493 0 0 0 0 0 0 0 0 0 0 0 0 0 0 0 151 3205 0 0 540 237 102 66 52 22 12 5 5 5 857
20150604 13:14:10 19 0 13 0 0 1 0 67 33 28177 51397 7 292 0 1.30 0.98 0.64 8177412 4632616 3544796 0 296568 2444704 194476 1685532 3045596 8386556 0 8386556 0 0 272 0 0 923104 0 17 2747 0 0 0 0 23360 352 101 0 0 112 164 0 0 0 0 4949 5284 1185 3423 0 0 0 0 0 0 2 2 0 17 17 0 2 2 157861 1344 0 111495 0 0 0 0 0 0 0 0 0 0 0 0 0 0 0 171 3015 0 0 621 310 143 52 60 26 15 7 5 5 856
20150604 13:14:20 17 0 11 0 0 1 0 71 29 26205 46530 1 292 1 1.33 1.00 0.64 8177412 4632936 3544476 0 296568 2444736 194484 1687348 3045588 8386556 0 8386556 0 0 224 0 0 923104 0 8 919 0 0 0 0 23368 352 101 0 0 112 164 0 0 0 0 4603 4790 1091 3218 0 0 0 0 0 0 0 0 0 8 8 0 0 0 157863 1312 0 111497 0 0 0 0 0 0 0 0 0 0 0 0 0 0 0 152 2833 0 0 465 273 143 63 64 30 14 8 4 5 856
20150604 13:14:30 19 0 13 0 0 1 0 67 33 28000 52489 1 292 2 1.43 1.03 0.66 8177412 4631964 3545448 0 296572 2444780 194436 1688244 3045596 8386556 0 8386556 0 0 172 0 0 923144 0 21 905 0 0 0 0 23320 352 101 0 0 112 161 0 0 0 0 4910 5190 1157 3416 0 0 0 0 0 0 3 3 0 21 21 0 1 1 157865 1312 0 111499 0 0 0 0 0 0 0 0 0 0 0 0 0 0 0 202 2972 0 0 516 260 180 88 76 30 13 6 4 5 856
20150604 13:14:40 19 0 13 0 0 1 0 67 33 27974 53095 1 293 2 1.29 1.02 0.66 8177412 4633452 3543960 0 296572 2444824 194404 1690216 3046232 8386556 0 8386556 0 0 180 0 0 923176 0 4 922 0 0 0 0 23292 352 101 0 0 112 115 0 0 0 0 5015 5376 1190 3564 0 0 0 0 0 0 0 0 0 4 4 0 0 0 157875 1344 0 111509 0 0 0 0 0 0 0 0 0 0 0 0 0 0 0 134 3070 0 0 409 258 140 93 83 29 14 6 5 4 856
20150604 13:14:50 20 0 12 0 0 1 0 67 33 28486 53450 1 293 2 1.25 1.01 0.66 8177412 4632676 3544736 0 296572 2444860 194372 1691268 3046232 8386556 0 8386556 0 0 184 0 0 923220 0 7 913 0 0 0 0 23260 352 101 0 0 112 118 0 0 0 0 5090 5476 1225 3534 0 0 0 0 0 0 1 1 0 7 7 0 0 0 157877 1344 0 111511 0 0 0 0 0 0 0 0 0 0 0 0 0 0 1 108 3158 0 0 453 274 148 108 87 24 14 6 5 4 856
20150604 13:15:00 18 0 12 0 0 1 0 69 31 27500 50574 1 293 2 1.21 1.01 0.67 8177412 4632400 3545012 0 296572 2444904 194468 1692280 3046228 8386556 0 8386556 0 0 184 0 0 923240 0 14 906 0 0 0 0 23356 352 101 0 0 112 123 0 0 0 0 4768 5112 1134 3362 0 0 0 0 0 0 2 2 0 14 14 0 1 1 157879 1344 0 111513 0 0 0 0 0 0 0 0 0 0 0 0 0 0 0 125 2973 0 0 570 299 149 103 79 30 13 6 5 6 855
20150604 13:15:10 21 0 11 0 0 1 0 68 32 23846 42477 7 293 1 1.18 1.01 0.67 8177412 4698864 3478548 0 296572 2444976 194512 1759584 3111520 8386556 0 8386556 0 0 240 0 0 923300 0 12 4502 0 0 0 0 23400 352 101 0 0 112 117 0 0 0 0 4257 4472 988 5284 0 0 0 0 0 0 1 1 0 12 12 0 1 1 157881 1344 0 111515 0 0 0 0 0 0 0 0 0 0 0 0 0 0 0 114 2692 0 0 333 245 104 51 46 8 14 6 6 5 841
20150604 13:15:20 12 0 8 0 0 1 0 80 20 18799 33024 1 293 2 1.07 1.00 0.67 8177412 4699204 3478208 0 296572 2445008 194488 1760412 3111520 8386556 0 8386556 0 0 196 0 0 923336 0 11 899 0 0 0 0 23380 352 101 0 0 112 116 0 0 0 0 3180 3354 763 2258 0 0 0 0 0 0 1 1 0 11 11 0 0 0 157883 1344 0 111517 0 0 0 0 0 0 0 0 0 0 0 0 0 0 0 90 1954 0 0 492 234 116 50 51 11 14 7 4 5 841
20150604 13:15:30 17 0 12 0 0 1 0 71 29 25549 46278 1 293 0 1.06 1.00 0.67 8177412 4698940 3478472 0 296572 2445052 194472 1761308 3111520 8386556 0 8386556 0 0 200 0 0 923376 0 17 899 0 0 0 0 23364 352 101 0 0 112 110 0 0 0 0 4493 4702 1083 3167 0 0 0 0 0 0 2 2 0 17 17 0 1 1 157885 1312 0 111519 0 0 0 0 0 0 0 0 0 0 0 0 0 0 0 142 2651 0 0 475 224 124 57 56 12 14 6 4 5 841
20150604 13:15:40 16 0 10 0 0 1 0 73 27 24727 43932 1 293 0 1.06 1.00 0.68 8177412 4699592 3477820 0 296572 2445096 194504 1763064 3111520 8386556 0 8386556 0 0 148 0 0 923412 0 11 925 0 0 0 0 23396 352 101 0 0 112 115 0 0 0 0 4168 4469 975 2960 0 0 0 0 0 0 2 2 0 11 11 0 0 0 157887 1344 0 111521 0 0 0 0 0 0 0 0 0 0 0 0 0 0 0 157 2606 0 0 400 234 125 60 57 15 16 5 5 6 840
20150604 13:15:50 19 0 12 0 0 1 0 68 32 28089 50873 1 293 1 0.97 0.98 0.67 8177412 4698516 3478896 0 296572 2445148 194528 1763828 3111520 8386556 0 8386556 0 0 172 0 0 923448 0 6 898 0 0 0 0 23412 352 101 0 0 112 119 0 0 0 0 4838 5230 1142 3388 0 0 0 0 0 0 0 0 0 6 6 0 0 0 157885 1312 0 111519 0 0 0 0 0 0 0 0 0 0 0 0 0 0 1 111 3152 0 0 539 284 144 66 60 17 19 6 7 6 839
20150604 13:16:00 16 0 10 0 0 1 0 73 27 24138 43298 1 293 0 0.98 0.98 0.68 8177412 4699360 3478052 0 296572 2445184 194496 1765472 3111520 8386556 0 8386556 0 0 160 0 0 923484 0 14 918 0 0 0 0 23380 352 101 0 0 112 106 0 0 0 0 4171 4561 994 3036 0 0 0 0 0 0 2 2 0 14 14 0 1 1 157887 1312 0 111521 0 0 0 0 0 0 0 0 0 0 0 0 0 0 0 129 2606 0 0 455 242 146 80 54 24 23 6 5 6 839
20150604 13:16:10 16 0 11 0 0 1 0 72 28 23310 44821 7 293 2 0.91 0.97 0.68 8177412 4699196 3478216 0 296572 2445252 194596 1766140 3111520 8386556 0 8386556 0 0 220 0 0 923540 0 831 2935 0 0 0 0 23372 352 101 0 0 112 121 0 0 0 0 4252 4456 1017 2794 0 0 0 0 0 0 3 3 0 831 831 0 1 1 157889 1344 0 111523 0 0 0 0 0 0 0 0 0 0 0 0 0 0 0 118 2626 0 0 577 276 166 92 71 26 21 6 5 5 839
20150604 13:16:20 18 0 11 0 0 1 0 70 30 26461 46942 0 294 5 0.92 0.97 0.68 8177412 4705272 3472140 0 296572 2445296 194548 1775052 3118548 8386556 0 8386556 0 0 140 0 0 923572 0 14 572 0 0 0 0 23324 354 101 0 0 112 186 0 0 0 0 4603 4839 1114 3293 0 0 0 0 0 0 2 2 0 14 14 0 0 0 157896 1312 0 111530 0 0 0 0 0 0 0 0 0 0 0 0 0 0 0 67 2812 0 0 356 220 140 71 62 14 14 6 5 5 839
20150604 13:16:30 7 0 4 0 0 0 0 88 12 11487 19965 1 292 1 0.85 0.95 0.68 8177412 4698072 3479340 0 296572 2445340 194564 1766760 3110876 8386556 0 8386556 0 0 148 0 0 923612 0 16 351 0 0 0 0 23340 352 101 0 0 112 119 0 0 0 0 2033 2094 486 1380 0 0 0 0 0 0 2 2 0 16 16 0 1 1 157887 1312 0 111521 0 0 0 0 0 0 0 0 0 0 0 0 0 0 0 78 1201 0 0 633 313 170 83 80 31 17 7 5 5 839
20150604 13:16:40 19 0 13 0 0 1 0 67 33 28552 53405 1 292 3 0.88 0.95 0.68 8177412 4698460 3478952 0 296572 2445388 194596 1766896 3110876 8386556 0 8386556 0 0 160 0 0 923640 0 827 1092 0 0 0 0 23324 352 101 0 0 112 116 0 0 0 0 4814 5202 1131 3466 0 0 0 0 0 0 2 2 0 827 827 0 0 0 157889 1312 0 111523 0 0 0 0 0 0 0 0 0 0 0 0 0 0 0 96 3168 0 0 574 298 172 97 76 27 20 10 5 6 838
20150604 13:16:50 19 0 13 0 0 1 0 67 33 28604 53076 1 292 1 0.90 0.96 0.69 8177412 4698056 3479356 0 296572 2445432 194524 1767304 3110880 8386556 0 8386556 0 0 172 0 0 923668 0 826 1092 0 0 0 0 23324 352 101 0 0 112 119 0 0 0 0 5136 5445 1225 3559 0 0 0 0 0 0 2 2 0 826 826 0 0 0 157891 1280 0 111525 0 0 0 0 0 0 0 0 0 0 0 0 0 0 0 210 3041 0 0 538 293 183 88 81 25 22 10 5 6 838
20150604 13:17:00 15 0 9 0 0 1 0 75 25 23812 40180 1 292 3 0.99 0.97 0.69 8177412 4698212 3479200 0 296572 2445476 194560 1768560 3110884 8386556 0 8386556 0 0 156 0 0 923708 0 19 910 0 0 0 0 23360 352 101 0 0 112 124 0 0 0 0 3849 4035 902 2677 0 0 0 0 0 0 2 2 0 19 19 0 1 1 157893 1280 0 111527 0 0 0 0 0 0 0 0 0 0 0 0 0 0 1 174 2345 0 0 571 249 179 90 84 28 20 10 5 6 838
20150604 13:17:10 21 0 11 0 0 1 0 66 34 24720 43670 7 292 2 0.92 0.96 0.69 8177412 4757556 3419856 0 296572 2445544 194640 1827720 3170152 8386556 0 8386556 0 0 220 0 0 923768 0 12 4310 0 0 0 0 23440 352 101 0 0 112 162 0 0 0 0 4366 4544 1030 5404 0 0 0 0 0 0 1 1 0 12 12 0 1 1 157895 1344 0 111529 0 0 0 0 0 0 0 0 0 0 0 0 0 0 0 56 2813 0 0 410 223 95 44 50 23 14 4 6 6 826
20150604 13:17:20 18 0 12 0 0 1 0 69 31 27415 49101 1 292 1 1.01 0.98 0.70 8177412 4757204 3420208 0 296572 2445588 194536 1828112 3170148 8386556 0 8386556 0 0 184 0 0 923804 0 10 889 0 0 0 0 23336 352 101 0 0 112 165 0 0 0 0 4796 5198 1140 3317 0 0 0 0 0 0 1 1 0 10 10 0 0 0 157897 1312 0 111531 0 0 0 0 0 0 0 0 0 0 0 0 0 0 0 144 2962 0 0 560 285 126 51 39 29 15 3 5 6 826
20150604 13:17:30 18 0 12 0 0 0 0 70 30 25855 47057 2 292 1 0.94 0.96 0.70 8177412 4757228 3420184 0 296572 2445632 194524 1828744 3170160 8386556 0 8386556 0 0 180 0 0 923828 0 16 2261 0 0 0 0 23324 352 101 0 0 112 104 0 0 0 0 4635 4861 1102 3214 0 0 0 0 0 0 2 2 0 16 16 0 1 1 157899 1280 0 111534 0 0 0 0 0 0 0 0 0 0 0 0 0 0 0 153 2793 0 0 462 244 141 62 43 34 14 2 5 6 826
20150604 13:17:40 29 0 15 0 0 1 0 54 46 24597 47834 24 292 0 1.11 0.99 0.71 8177412 4757212 3420200 0 296572 2445676 194572 1828832 3170144 8386556 0 8386556 0 0 136 0 0 923876 0 41 19740 0 0 0 0 23340 353 102 0 0 113 174 0 0 0 0 4451 4837 1061 3091 0 0 0 0 0 0 2 2 0 41 41 0 2 2 157913 1312 0 111536 0 0 0 0 0 0 0 0 0 0 0 0 0 0 0 89 2884 0 0 1039 506 282 152 82 41 24 17 12 9 817
20150604 13:17:50 19 0 12 0 0 1 0 68 32 27942 50700 1 292 2 1.09 0.99 0.71 8177412 4756864 3420548 0 296572 2445724 194600 1829336 3170156 8386556 0 8386556 0 0 248 0 0 923904 0 16 892 0 0 0 0 23368 353 102 0 0 113 124 0 0 0 0 4957 5234 1179 3434 0 0 0 0 0 0 1 1 0 16 16 0 2 2 157915 1280 0 111538 0 0 0 0 0 0 0 0 0 0 0 0 0 0 0 107 3107 0 0 853 446 268 158 85 43 27 18 12 9 817
20150604 13:18:00 19 0 13 0 0 1 0 67 33 28877 52800 1 292 2 1.15 1.01 0.72 8177412 4755596 3421816 0 296572 2445768 194572 1829924 3170156 8386556 0 8386556 0 0 248 0 0 923940 0 14 895 0 0 0 0 23340 353 102 0 0 113 122 0 0 0 0 5106 5405 1201 3562 0 0 0 0 0 0 2 2 0 14 14 0 1 1 157917 1312 0 111540 0 0 0 0 0 0 0 0 0 0 0 0 0 0 1 173 3154 0 0 878 418 237 139 82 38 26 15 17 9 817
20150604 13:18:10 20 0 12 0 0 1 0 67 33 28137 50970 7 292 1 1.05 0.99 0.72 8177412 4756740 3420672 0 296572 2445840 194608 1830172 3170156 8386556 0 8386556 0 0 280 0 0 924000 0 12 2729 0 0 0 0 23376 353 102 0 0 113 118 0 0 0 0 4931 5207 1161 3372 0 0 0 0 0 0 1 1 0 12 12 0 1 1 157919 1344 0 111542 0 0 0 0 0 0 0 0 0 0 0 0 0 0 0 162 3065 0 0 855 429 200 130 70 35 25 11 16 7 819
20150604 13:18:20 19 0 13 0 0 1 0 67 33 28446 51767 1 292 2 1.04 0.99 0.72 8177412 4755476 3421936 0 296576 2445884 194572 1830412 3170152 8386556 0 8386556 0 0 144 0 0 924040 0 20 887 0 0 0 0 23332 353 102 0 0 113 158 0 0 0 0 5073 5360 1198 3505 0 0 0 0 0 0 3 3 0 20 20 0 1 1 157921 1312 0 111544 0 0 0 0 0 0 0 0 0 0 0 0 0 0 0 179 3088 0 0 826 401 202 139 78 40 24 10 17 7 819
20150604 13:18:30 12 0 8 0 0 1 0 79 21 19089 35520 1 292 0 1.03 0.99 0.73 8177412 4754628 3422784 0 296576 2445928 194532 1830548 3170156 8386556 0 8386556 0 0 148 0 0 924084 0 14 890 0 0 0 0 23292 353 102 0 0 113 123 0 0 0 0 3311 3556 780 2268 0 0 0 0 0 0 2 2 0 14 14 0 1 1 157923 1344 0 111546 0 0 0 0 0 0 0 0 0 0 0 0 0 0 0 120 2058 0 0 855 360 206 128 81 34 22 11 15 7 820
20150604 13:18:40 20 0 13 0 0 1 0 66 34 28731 54326 1 292 3 1.10 1.01 0.73 8177412 4754796 3422616 0 296580 2445972 194584 1830964 3170156 8386556 0 8386556 0 0 156 0 0 924124 0 8 892 0 0 0 0 23344 353 102 0 0 113 115 0 0 0 0 5212 5395 1234 3675 0 0 0 0 0 0 1 1 0 8 8 0 0 0 157925 1376 0 111548 0 0 0 0 0 0 0 0 0 0 0 0 0 0 0 210 3077 0 0 881 343 209 132 82 33 22 11 15 7 820
20150604 13:18:50 19 0 13 0 0 1 0 68 32 27931 52243 1 292 2 1.16 1.03 0.74 8177412 4754532 3422880 0 296580 2446020 194592 1831500 3170156 8386556 0 8386556 0 0 172 0 0 924156 0 6 893 0 0 0 0 23344 353 102 0 0 113 170 0 0 0 0 4960 5207 1162 3488 0 0 0 0 0 0 1 1 0 6 6 0 0 0 157927 1344 0 111550 0 0 0 0 0 0 0 0 0 0 0 0 0 0 0 188 3042 0 0 823 300 210 134 86 33 21 12 15 7 820
20150604 13:19:00 9 0 7 0 0 0 0 84 16 15283 26150 1 292 0 1.14 1.03 0.75 8177412 4753756 3423656 0 296580 2446064 194496 1831832 3170156 8386556 0 8386556 0 0 156 0 0 924192 0 17 877 0 0 0 0 23248 353 102 0 0 113 118 0 0 0 0 2600 2779 618 1748 0 0 0 0 0 0 2 2 0 17 17 0 1 1 157929 1344 0 111552 0 0 0 0 0 0 0 0 0 0 0 0 0 0 1 94 1595 0 0 824 357 232 125 80 33 21 11 14 8 820
20150604 13:19:10 21 0 11 0 0 1 0 67 33 24561 43682 7 292 1 1.11 1.03 0.75 8177412 4832732 3344680 0 296580 2446132 194688 1911508 3243760 8386556 0 8386556 0 0 220 0 0 924248 0 12 4728 0 0 0 0 23440 353 102 0 0 113 161 0 0 0 0 4462 4434 1010 5498 0 0 0 0 0 0 1 1 0 12 12 0 1 1 157931 1376 0 111554 0 0 0 0 0 0 0 0 0 0 0 0 0 0 0 196 2736 0 0 448 228 104 32 38 18 7 4 8 8 807
20150604 13:19:20 18 0 12 0 0 1 0 69 31 26928 48565 1 292 0 1.17 1.04 0.76 8177412 4833072 3344340 0 296580 2446176 194560 1912100 3243760 8386556 0 8386556 0 0 176 0 0 924284 0 10 884 0 0 0 0 23312 353 102 0 0 113 116 0 0 0 0 4670 5031 1095 3301 0 0 0 0 0 0 1 1 0 10 10 0 0 0 157933 1344 0 111556 0 0 0 0 0 0 0 0 0 0 0 0 0 0 0 99 2992 0 0 568 239 137 37 45 21 10 6 6 7 807
20150604 13:19:30 19 0 13 0 0 1 0 67 32 28466 52132 1 292 3 1.31 1.07 0.77 8177412 4832700 3344712 0 296580 2446224 194596 1912228 3243760 8386556 0 8386556 0 0 192 0 0 924320 0 836 885 0 0 0 0 23316 353 102 0 0 113 165 0 0 0 0 5031 5288 1191 3503 0 0 0 0 0 0 4 4 0 836 836 0 1 1 157935 1312 0 111558 0 0 0 0 0 0 0 0 0 0 0 0 0 0 0 141 3117 0 0 477 322 160 62 46 30 22 7 6 6 806
20150604 13:19:40 20 0 12 0 0 1 0 67 33 28808 52398 1 292 1 1.26 1.07 0.77 8177412 4831848 3345564 0 296580 2446268 194596 1912236 3243752 8386556 0 8386556 0 0 152 0 0 924348 0 11 884 0 0 0 0 23316 353 102 0 0 113 167 0 0 0 0 5154 5516 1242 3568 0 0 0 0 0 0 1 1 0 11 11 0 0 0 157937 1312 0 111560 0 0 0 0 0 0 0 0 0 0 0 0 0 0 0 160 3105 0 0 670 280 169 72 53 32 22 6 6 6 806
20150604 13:19:50 18 0 12 0 0 1 0 68 32 28017 51489 1 292 0 1.29 1.09 0.78 8177412 4831980 3345432 0 296584 2446316 194640 1912472 3243752 8386556 0 8386556 0 0 176 0 0 924376 0 7 891 0 0 0 0 23360 353 102 0 0 113 172 0 0 0 0 4981 5220 1175 3457 0 0 0 0 0 0 0 0 0 7 7 0 0 0 157939 1312 0 111562 0 0 0 0 0 0 0 0 0 0 0 0 0 0 0 169 3042 0 0 447 292 199 80 56 36 23 4 6 6 806
20150604 13:20:00 18 0 13 0 0 1 0 68 32 27449 50954 1 292 0 1.09 1.05 0.77 8177412 4830864 3346548 0 296584 2446360 194648 1912716 3243760 8386556 0 8386556 0 0 168 0 0 924432 0 15 889 0 0 0 0 23364 353 102 0 0 113 121 0 0 0 0 4958 5201 1169 3447 0 0 0 0 0 0 2 2 0 15 15 0 1 1 157941 1312 0 111564 0 0 0 0 0 0 0 0 0 0 0 0 0 0 1 167 3071 0 0 787 288 184 89 62 30 23 4 6 6 806
20150604 13:20:10 15 0 9 0 0 1 0 75 25 21859 38995 7 292 2 1.00 1.03 0.77 8177412 4831588 3345824 0 296588 2446428 194644 1913360 3243752 8386556 0 8386556 0 0 228 0 0 924484 0 12 2729 0 0 0 0 23360 353 102 0 0 113 167 0 0 0 0 3816 4011 906 2598 0 0 0 0 0 0 1 1 0 12 12 0 1 1 157943 1312 0 111566 0 0 0 0 0 0 0 0 0 0 0 0 0 0 0 131 2296 0 0 671 317 199 82 64 32 20 4 6 6 806
20150604 13:20:20 19 0 13 0 0 1 0 67 33 28159 51544 1 292 3 1.00 1.03 0.77 8177412 4830252 3347160 0 296588 2446472 194612 1913728 3243752 8386556 0 8386556 0 0 140 0 0 924536 0 15 894 0 0 0 0 23328 353 102 0 0 113 167 0 0 0 0 4920 5142 1149 3414 0 0 0 0 0 0 2 2 0 15 15 0 0 0 157945 1280 0 111568 0 0 0 0 0 0 0 0 0 0 0 0 0 0 0 162 3066 0 0 656 318 212 93 67 36 20 4 6 6 806
20150604 13:20:30 19 0 13 0 0 1 0 67 33 28023 52119 1 292 5 1.01 1.03 0.77 8177412 4829160 3348252 0 296588 2446516 194616 1914080 3243760 8386556 0 8386556 0 0 140 0 0 924564 0 15 895 0 0 0 0 23332 353 102 0 0 113 118 0 0 0 0 5068 5367 1196 3501 0 0 0 0 0 0 2 2 0 15 15 0 1 1 157947 1312 0 111570 0 0 0 0 0 0 0 0 0 0 0 0 0 0 0 154 3104 0 0 731 324 217 100 76 35 19 4 6 6 806
20150604 13:20:40 15 0 10 0 0 1 0 74 26 23065 41832 1 292 0 0.92 1.01 0.77 8177412 4828936 3348476 0 296588 2446560 194632 1914792 3243760 8386556 0 8386556 0 0 140 0 0 924616 0 6 885 0 0 0 0 23332 353 102 0 0 113 133 0 0 0 0 4009 4341 958 2791 0 0 0 0 0 0 1 1 0 6 6 0 0 0 157949 1312 0 111572 0 0 0 0 0 0 0 0 0 0 0 0 0 0 0 101 2494 0 0 788 327 209 103 76 34 20 4 6 6 806
20150604 13:20:50 18 0 12 0 0 1 0 68 32 27609 50503 1 292 3 0.94 1.01 0.77 8177412 4827688 3349724 0 296588 2446604 194756 1914624 3243752 8386556 0 8386556 0 0 164 0 0 924644 0 1644 1291 0 0 0 0 23376 353 102 0 0 113 166 0 0 0 0 4909 5116 1160 3419 0 0 0 0 0 0 4 4 0 1644 1644 0 0 0 157951 1312 0 111574 0 0 0 0 0 0 0 0 0 0 0 0 0 0 0 169 2950 0 0 932 343 212 120 82 29 21 4 6 6 806
20150604 13:21:00 19 0 13 0 0 1 0 67 33 27773 50948 1 292 3 1.10 1.04 0.79 8177412 4827220 3350192 0 296588 2446648 194696 1914076 3243748 8386556 0 8386556 0 0 160 0 0 924684 0 16 874 0 0 0 0 23316 353 102 0 0 113 119 0 0 0 0 5046 5345 1191 3504 0 0 0 0 0 0 2 2 0 16 16 0 1 1 157953 1312 0 111576 0 0 0 0 0 0 0 0 0 0 0 0 0 0 1 147 3108 0 0 707 382 237 129 88 30 18 5 6 6 806
20150604 13:21:10 21 0 11 0 0 1 0 67 33 24051 42299 7 292 1 1.08 1.04 0.79 8177412 4895236 3282176 0 296592 2446720 194708 1981612 3306100 8386556 0 8386556 0 0 232 0 0 924748 0 13 4423 0 0 0 0 23336 353 102 0 0 113 165 0 0 0 0 4127 4314 942 5278 0 0 0 0 0 0 1 1 0 13 13 0 1 1 157955 1312 0 111578 0 0 0 0 0 0 0 0 0 0 0 0 0 0 0 116 2689 0 0 462 181 101 88 72 21 18 4 4 6 792
20150604 13:21:20 18 0 12 0 0 1 0 70 30 26939 48657 1 292 1 1.07 1.04 0.79 8177412 4895316 3282096 0 296592 2446764 194736 1981768 3306100 8386556 0 8386556 0 0 184 0 0 924788 0 11 871 0 0 0 0 23364 353 102 0 0 113 162 0 0 0 0 4738 5013 1125 3331 0 0 0 0 0 0 1 1 0 11 11 0 0 0 157957 1344 0 111580 0 0 0 0 0 0 0 0 0 0 0 0 0 0 0 179 2765 0 0 414 239 122 91 79 26 21 5 7 5 791
20150604 13:21:30 11 0 7 0 0 0 0 82 17 17170 29843 1 292 0 0.99 1.02 0.79 8177412 4894136 3283276 0 296592 2446808 194740 1981072 3306100 8386556 0 8386556 0 0 196 0 0 924820 0 15 870 0 0 0 0 23368 353 102 0 0 113 106 0 0 0 0 2757 3116 663 2004 0 0 0 0 0 0 2 2 0 15 15 0 1 1 157959 1344 0 111582 0 0 0 0 0 0 0 0 0 0 0 0 0 0 0 14 1790 0 0 493 247 141 100 85 31 24 6 5 5 791
20150604 13:21:40 2 0 1 0 0 0 0 97 3 1230 1467 17 292 0 0.91 1.01 0.78 8177412 4876696 3300716 0 296592 2428296 194240 1981072 3306104 8386556 0 8386556 0 0 160 0 0 906304 0 1433 6798 0 0 0 0 23368 353 102 0 0 113 102 0 0 0 0 221 210 62 116 0 0 0 0 0 0 5 5 0 1433 1433 0 0 0 157961 1280 0 111584 0 0 0 0 0 0 0 0 0 0 0 2 0 0 4 2 79 0 0 875 549 281 138 115 72 44 14 11 5 788
20150604 13:21:50 0 0 0 0 0 0 0 99 1 123 233 1 292 0 0.77 0.97 0.77 8177412 4876208 3301204 0 296592 2428344 194224 1981076 3306104 8386556 0 8386556 0 0 176 0 0 906340 0 5 867 0 0 0 0 23356 353 102 0 0 113 104 0 0 0 0 3 3 0 1 0 0 0 0 0 0 0 0 0 5 5 0 0 0 157963 1280 0 111586 0 0 0 0 0 0 0 0 0 0 0 0 0 0 0 0 1 0 0 792 614 310 147 118 76 43 12 11 5 788
20150604 13:22:00 0 0 0 0 0 0 0 99 1 125 240 1 292 0 0.65 0.94 0.77 8177412 4875836 3301576 0 296592 2428388 194224 1981072 3306104 8386556 0 8386556 0 0 176 0 0 906376 0 17 868 0 0 0 0 23356 353 102 0 0 113 106 0 0 0 0 2 2 0 0 0 0 0 0 0 0 2 2 0 17 17 0 1 1 157965 1312 0 111588 0 0 0 0 0 0 0 0 0 0 0 0 0 0 1 0 1 0 0 925 629 316 151 120 77 41 10 12 5 788
20150604 13:22:10 1 0 0 0 0 0 0 99 1 170 366 8 292 0 0.55 0.91 0.76 8177412 4877348 3300064 0 296592 2428460 194300 1981076 3306104 8386556 0 8386556 0 0 232 0 0 906432 0 15 3016 0 0 0 0 23432 353 102 0 0 113 107 0 0 0 0 4 4 0 1 0 0 0 0 0 0 2 2 0 15 15 0 1 1 157967 1312 0 111590 0 0 0 0 0 0 0 0 0 0 0 0 0 0 0 0 1 0 0 730 603 279 135 125 76 41 11 12 5 788
20150604 13:22:20 0 0 0 0 0 0 0 99 0 119 234 1 292 0 0.47 0.88 0.75 8177412 4876512 3300900 0 296592 2428504 194336 1981072 3306104 8386556 0 8386556 0 0 188 0 0 906472 0 11 867 0 0 0 0 23436 353 102 0 0 113 105 0 0 0 0 2 2 0 0 0 0 0 0 0 0 1 1 0 11 11 0 0 0 157969 1344 0 111592 0 0 0 0 0 0 0 0 0 0 0 0 0 0 0 0 1 0 0 915 625 276 130 123 76 42 11 12 5 788
20150604 13:22:30 0 0 0 0 0 0 0 99 1 125 232 1 292 0 0.40 0.85 0.74 8177412 4875920 3301492 0 296592 2428548 194348 1981076 3306104 8386556 0 8386556 0 0 184 0 0 906512 0 20 868 0 0 0 0 23448 353 102 0 0 113 107 0 0 0 0 2 2 0 0 0 0 0 0 0 0 2 2 0 20 20 0 1 1 157971 1312 0 111594 0 0 0 0 0 0 0 0 0 0 0 0 0 0 0 0 0 0 0 928 653 266 131 122 77 41 12 12 5 788
20150604 13:22:40 0 0 0 0 0 0 0 99 1 120 227 1 292 0 0.34 0.82 0.74 8177412 4876416 3300996 0 296592 2428592 194304 1981076 3306104 8386556 0 8386556 0 0 196 0 0 906552 0 5 868 0 0 0 0 23404 352 101 0 1 112 107 0 0 0 0 2 3 0 0 0 0 0 0 0 0 0 0 0 5 5 0 0 0 157973 1312 0 111595 0 0 0 0 0 0 0 0 0 0 0 0 0 0 1 0 1 0 0 814 635 278 138 120 78 40 12 12 5 788
20150604 13:22:50 0 0 0 0 0 0 0 99 1 124 229 1 292 0 0.28 0.80 0.73 8177412 4875660 3301752 0 296592 2428640 194272 1981072 3306104 8386556 0 8386556 0 0 156 0 0 906584 0 12 868 0 0 0 0 23372 352 101 0 1 112 108 0 0 0 0 2 2 0 0 0 0 0 0 0 0 2 2 0 12 12 0 0 0 157975 1312 0 111597 0 0 0 0 0 0 0 0 0 0 0 0 0 0 0 0 1 0 0 884 630 291 142 118 75 42 12 12 5 788
20150604 13:23:00 0 0 0 0 0 0 0 99 1 122 233 1 292 0 0.24 0.77 0.72 8177412 4875436 3301976 0 296592 2428684 194260 1981076 3306104 8386556 0 8386556 0 0 156 0 0 906624 0 16 868 0 0 0 0 23360 352 101 0 1 112 107 0 0 0 0 2 2 0 0 0 0 0 0 0 0 2 2 0 16 16 0 1 1 157977 1312 0 111599 0 0 0 0 0 0 0 0 0 0 0 0 0 0 1 0 1 0 0 926 590 293 141 112 79 42 12 12 5 788
20150604 13:23:10 1 0 0 0 0 0 0 99 1 156 338 7 292 0 0.20 0.75 0.71 8177412 4877168 3300244 0 296592 2428752 194288 1981072 3306104 8386556 0 8386556 0 0 216 0 0 906676 0 16 2711 0 0 0 0 23372 352 101 0 1 112 108 0 0 0 0 3 4 0 0 0 0 0 0 0 0 1 1 0 16 16 0 2 2 157979 1344 0 111601 0 0 0 0 0 0 0 0 0 0 0 0 0 0 0 0 0 0 0 802 552 260 136 112 78 43 12 12 5 788
20150604 13:23:20 0 0 0 0 0 0 0 99 1 122 232 1 292 0 0.17 0.72 0.70 8177412 4876424 3300988 0 296592 2428796 194252 1981072 3306104 8386556 0 8386556 0 0 136 0 0 906712 0 14 867 0 0 0 0 23336 352 101 0 1 112 107 0 0 0 0 2 2 0 0 0 0 0 0 0 0 2 2 0 14 14 0 0 0 157981 1344 0 111603 0 0 0 0 0 0 0 0 0 0 0 0 0 0 0 0 1 0 0 749 579 277 135 110 78 42 13 12 5 788
20150604 13:23:30 0 0 0 0 0 0 0 99 1 124 243 1 292 0 0.15 0.70 0.70 8177412 4876544 3300868 0 296592 2428840 194224 1981076 3306104 8386556 0 8386556 0 0 144 0 0 906752 0 17 867 0 0 0 0 23308 352 101 0 1 112 108 0 0 0 0 2 2 0 0 0 0 0 0 0 0 2 2 0 17 17 0 1 1 157983 1344 0 111605 0 0 0 0 0 0 0 0 0 0 0 0 0 0 0 0 0 0 0 693 599 277 141 110 78 42 13 12 5 788
20150604 13:23:40 0 0 0 0 0 0 0 99 1 117 227 1 292 0 0.12 0.67 0.69 8177412 4876744 3300668 0 296592 2428884 194244 1981072 3306104 8386556 0 8386556 0 0 148 0 0 906792 0 4 868 0 0 0 0 23328 352 101 0 0 112 107 0 0 0 0 2 2 0 0 0 0 0 0 0 0 0 0 0 4 4 0 0 0 157985 1344 0 111607 0 0 0 0 0 0 0 0 0 0 0 0 0 0 1 0 1 0 0 677 616 288 147 110 73 42 13 12 5 788
20150604 13:23:50 0 0 0 0 0 0 0 99 0 120 231 1 292 0 0.10 0.65 0.68 8177412 4876744 3300668 0 296592 2428936 194252 1981072 3306104 8386556 0 8386556 0 0 168 0 0 906828 0 6 873 0 0 0 0 23336 352 101 0 0 112 108 0 0 0 0 2 2 0 0 0 0 0 0 0 0 0 0 0 6 6 0 0 0 157987 1312 0 111609 0 0 0 0 0 0 0 0 0 0 0 0 0 0 0 0 0 0 0 764 571 309 153 116 73 41 12 12 5 788
20150604 13:24:00 0 0 0 0 0 0 0 99 1 123 233 1 292 0 0.09 0.63 0.67 8177412 4876820 3300592 0 296592 2428980 194268 1981076 3306104 8386556 0 8386556 0 0 188 0 0 906864 0 15 868 0 0 0 0 23352 352 101 0 0 112 107 0 0 0 0 2 2 0 0 0 0 0 0 0 0 2 2 0 15 15 0 1 1 157989 1312 0 111611 0 0 0 0 0 0 0 0 0 0 0 0 0 0 1 0 1 0 0 723 587 313 152 117 69 40 11 13 5 788
20150604 13:24:10 1 0 0 0 0 0 0 99 1 160 345 7 292 0 0.07 0.61 0.67 8177412 4877600 3299812 0 296596 2429052 194316 1981072 3306104 8386556 0 8386556 0 0 260 0 0 906932 0 15 2706 0 0 0 0 23400 352 101 0 0 112 108 0 0 0 0 3 4 0 1 0 0 0 0 0 0 1 1 0 15 15 0 2 2 157991 1344 0 111613 0 0 0 0 0 0 0 0 0 0 0 0 0 0 0 0 0 0 0 805 576 292 130 116 74 38 11 13 5 788
20150604 13:24:20 0 0 0 0 0 0 0 99 1 119 223 1 292 0 0.06 0.59 0.66 8177412 4877296 3300116 0 296596 2429096 194312 1981072 3306104 8386556 0 8386556 0 0 224 0 0 906972 0 10 868 0 0 0 0 23396 352 101 0 0 112 107 0 0 0 0 2 2 0 0 0 0 0 0 0 0 1 1 0 10 10 0 0 0 157993 1312 0 111615 0 0 0 0 0 0 0 0 0 0 0 0 0 0 0 0 1 0 0 799 580 307 138 116 68 40 11 13 5 788
20150604 13:24:30 0 0 0 0 0 0 0 99 1 124 229 1 292 0 0.05 0.57 0.65 8177412 4877392 3300020 0 296596 2429140 194328 1981076 3306104 8386556 0 8386556 0 0 228 0 0 907004 0 19 868 0 0 0 0 23412 352 101 0 0 112 108 0 0 0 0 2 2 0 0 0 0 0 0 0 0 2 2 0 19 19 0 1 1 157995 1312 0 111617 0 0 0 0 0 0 0 0 0 0 0 0 0 0 0 0 0 0 0 620 600 316 142 117 70 39 11 13 5 788
20150604 13:24:40 0 0 0 0 0 0 0 99 1 119 243 1 292 1 0.05 0.55 0.65 8177412 4877656 3299756 0 296596 2429192 194304 1980980 3306104 8386556 0 8386556 0 0 248 0 0 907044 0 8 868 0 0 0 0 23388 352 101 0 0 112 107 0 0 0 0 2 2 0 0 0 0 0 0 0 0 1 1 0 8 8 0 1 1 157997 1312 0 111619 0 0 0 0 0 0 0 0 0 0 0 0 0 0 1 0 1 0 0 630 578 319 153 117 70 39 12 14 4 788
20150604 13:24:50 0 0 0 0 0 0 0 99 1 123 227 1 292 0 0.04 0.53 0.64 8177412 4877516 3299896 0 296596 2429228 194264 1981072 3306104 8386556 0 8386556 0 0 196 0 0 907072 0 10 867 0 0 0 0 23348 352 101 0 0 112 108 0 0 0 0 2 2 0 0 0 0 0 0 0 0 2 2 0 10 10 0 0 0 157999 1312 0 111621 0 0 0 0 0 0 0 0 0 0 0 0 0 0 0 0 0 0 0 688 569 325 143 116 71 39 12 14 4 788
20150604 13:25:00 0 0 0 0 0 0 0 99 0 120 226 1 292 1 0.03 0.52 0.63 8177412 4877896 3299516 0 296596 2429264 194264 1981144 3306104 8386556 0 8386556 0 0 188 0 0 907104 0 15 868 0 0 0 0 23348 352 101 0 0 112 107 0 0 0 0 2 2 0 0 0 0 0 0 0 0 2 2 0 15 15 0 1 1 158001 1312 0 111623 0 0 0 0 0 0 0 0 0 0 0 0 0 0 1 0 1 0 0 678 567 313 149 113 71 39 12 14 4 788
20150604 13:25:10 1 0 0 0 0 0 0 99 1 156 336 7 292 0 0.03 0.50 0.63 8177412 4878240 3299172 0 296596 2429332 194328 1981476 3306104 8386556 0 8386556 0 0 252 0 0 907136 0 15 2808 0 0 0 0 23408 352 101 0 0 112 108 0 0 0 0 3 4 0 1 0 0 0 0 0 0 1 1 0 15 15 0 2 2 158003 1312 0 111625 0 0 0 0 0 0 0 0 0 0 0 0 0 0 0 0 0 0 0 853 559 302 138 114 68 40 11 14 4 788
20150604 13:25:20 0 0 0 0 0 0 0 99 1 120 226 1 292 0 0.02 0.48 0.62 8177412 4878140 3299272 0 296596 2429376 194348 1981276 3306104 8386556 0 8386556 0 0 216 0 0 907180 0 8 867 0 0 0 0 23428 352 101 0 0 112 107 0 0 0 0 3 3 0 0 0 0 0 0 0 0 1 1 0 8 8 0 0 0 158005 1344 0 111627 0 0 0 0 0 0 0 0 0 0 0 0 0 0 0 0 1 0 0 829 580 313 144 111 68 40 11 14 4 788
20150604 13:25:30 0 0 0 0 0 0 0 99 0 125 231 1 292 0 0.02 0.47 0.61 8177412 4877892 3299520 0 296596 2429420 194348 1981388 3306104 8386556 0 8386556 0 0 172 0 0 907220 0 19 867 0 0 0 0 23428 352 101 0 0 112 108 0 0 0 0 2 2 0 0 0 0 0 0 0 0 3 3 0 19 19 0 1 1 158007 1344 0 111629 0 0 0 0 0 0 0 0 0 0 0 0 0 0 0 0 0 0 0 774 585 320 148 104 72 40 11 14 4 788
20150604 13:25:40 0 0 0 0 0 0 0 99 0 117 232 1 293 1 0.02 0.45 0.61 8177412 4877644 3299768 0 296600 2429472 194344 1981472 3306740 8386556 0 8386556 0 0 184 0 0 907264 0 6 868 0 0 0 0 23428 352 101 0 0 112 107 0 0 0 0 2 2 0 0 0 0 0 0 0 0 0 0 0 6 6 0 0 0 158017 1344 0 111639 0 0 0 0 0 0 0 0 0 0 0 0 0 0 1 0 1 0 0 809 590 316 156 106 69 40 11 14 4 788
20150604 13:25:50 0 0 0 0 0 0 0 99 1 116 227 1 293 0 0.01 0.44 0.60 8177412 4877620 3299792 0 296604 2429500 194324 1981584 3306744 8386556 0 8386556 0 0 196 0 0 907296 0 7 867 0 0 0 0 23408 352 101 0 0 112 108 0 0 0 0 2 2 0 0 0 0 0 0 0 0 0 0 0 7 7 0 0 0 158019 1312 0 111641 0 0 0 0 0 0 0 0 0 0 0 0 0 0 0 0 0 0 0 754 589 330 154 117 67 39 11 14 4 788
20150604 13:26:00 0 0 0 0 0 0 0 99 1 122 237 1 293 1 0.01 0.42 0.59 8177412 4877744 3299668 0 296604 2429544 194324 1981436 3306744 8386556 0 8386556 0 0 192 0 0 907332 0 16 868 0 0 0 0 23408 352 101 0 0 112 107 0 0 0 0 2 2 0 0 0 0 0 0 0 0 2 2 0 16 16 0 1 1 158021 1312 0 111643 0 0 0 0 0 0 0 0 0 0 0 0 0 0 1 0 1 0 0 892 532 328 144 117 69 39 11 14 4 788
20150604 13:26:10 1 0 0 0 0 0 0 99 1 159 326 7 293 0 0.01 0.41 0.59 8177412 4878272 3299140 0 296604 2429604 194316 1981800 3306744 8386556 0 8386556 0 0 232 0 0 907384 0 16 2708 0 0 0 0 23400 352 101 0 0 112 108 0 0 0 0 3 4 0 1 0 0 0 0 0 0 2 2 0 16 16 0 2 2 158023 1312 0 111645 0 0 0 0 0 0 0 0 0 0 0 0 0 0 0 0 0 0 0 830 598 289 147 111 72 39 11 14 4 788
20150604 13:26:20 0 0 0 0 0 0 0 99 1 116 226 1 293 0 0.01 0.39 0.58 8177412 4877868 3299544 0 296604 2429636 194328 1981492 3306744 8386556 0 8386556 0 0 184 0 0 907416 0 8 868 0 0 0 0 23404 352 101 0 0 112 107 0 0 0 0 2 2 0 0 0 0 0 0 0 0 0 0 0 8 8 0 0 0 158025 1312 0 111647 0 0 0 0 0 0 0 0 0 0 0 0 0 0 0 0 1 0 0 719 595 318 153 112 67 39 12 14 4 788
20150604 13:26:30 0 0 0 0 0 0 0 99 1 121 229 1 293 0 0.01 0.38 0.57 8177412 4877784 3299628 0 296604 2429680 194272 1981736 3306744 8386556 0 8386556 0 0 184 0 0 907460 0 15 868 0 0 0 0 23356 352 101 0 0 112 108 0 0 0 0 2 2 0 0 0 0 0 0 0 0 2 2 0 15 15 0 1 1 158027 1312 0 111649 0 0 0 0 0 0 0 0 0 0 0 0 0 0 0 0 0 0 0 664 630 330 141 114 68 39 12 14 4 788
20150604 13:26:40 0 0 0 0 0 0 0 99 0 122 224 1 293 1 0.01 0.37 0.57 8177412 4877628 3299784 0 296604 2429732 194280 1981296 3306744 8386556 0 8386556 0 0 144 0 0 907496 0 12 866 0 0 0 0 23364 352 101 0 0 112 107 0 0 0 0 2 2 0 0 0 0 0 0 0 0 2 2 0 12 12 0 0 0 158025 1344 0 111647 0 0 0 0 0 0 0 0 0 0 0 0 0 0 1 0 1 0 0 657 618 316 144 114 69 39 12 14 4 788
20150604 13:26:50 0 0 0 0 0 0 0 99 1 117 228 1 293 0 0.01 0.36 0.56 8177412 4878024 3299388 0 296604 2429772 194280 1981516 3306744 8386556 0 8386556 0 0 156 0 0 907524 0 6 868 0 0 0 0 23364 352 101 0 0 112 108 0 0 0 0 2 2 0 0 0 0 0 0 0 0 0 0 0 6 6 0 0 0 158027 1312 0 111649 0 0 0 0 0 0 0 0 0 0 0 0 0 0 0 0 0 0 0 588 604 329 138 114 69 39 12 14 4 788
20150604 13:27:00 0 0 0 0 0 0 0 99 0 119 228 1 293 0 0.00 0.34 0.56 8177412 4877892 3299520 0 296604 2429816 194280 1981412 3306744 8386556 0 8386556 0 0 168 0 0 907564 0 16 868 0 0 0 0 23364 352 101 0 0 112 108 0 0 0 0 2 2 0 0 0 0 0 0 0 0 2 2 0 16 16 0 1 1 158029 1344 0 111651 0 0 0 0 0 0 0 0 0 0 0 0 0 0 1 0 1 0 0 736 589 329 149 117 71 39 12 13 4 788
20150604 13:27:10 1 0 0 0 0 0 0 99 1 158 332 7 293 0 0.00 0.33 0.55 8177412 4878452 3298960 0 296604 2429884 194376 1981080 3306744 8386556 0 8386556 0 0 224 0 0 907624 0 12 2712 0 0 0 0 23460 352 101 0 0 112 109 0 0 0 0 4 4 0 1 0 0 0 0 0 0 1 1 0 12 12 0 1 1 158031 1344 0 111653 0 0 0 0 0 0 0 0 0 0 0 0 0 0 0 0 0 0 0 830 533 312 146 119 69 40 12 13 4 788
20150604 13:27:20 0 0 0 0 0 0 0 100 0 109 188 0 293 1 0.00 0.32 0.54 8177412 4879420 3297992 0 296604 2429928 194376 1985836 3309640 8386556 0 8386556 0 0 132 0 0 907664 0 15 255 0 0 0 0 23460 354 101 0 0 112 107 0 0 0 0 2 2 0 0 0 0 0 0 0 0 2 2 0 15 15 0 0 0 158036 1344 0 111658 0 0 0 0 0 0 0 0 0 0 0 0 0 0 0 0 1 0 0 625 401 324 152 117 69 41 12 13 4 788
20150604 13:27:30 0 0 0 0 0 0 0 100 0 120 226 1 292 0 0.00 0.31 0.54 8177412 4877048 3300364 0 296604 2429972 194376 1981076 3306108 8386556 0 8386556 0 0 144 0 0 907704 0 16 618 0 0 0 0 23460 352 101 0 0 112 108 0 0 0 0 2 2 0 0 0 0 0 0 0 0 2 2 0 16 16 0 1 1 158029 1312 0 111651 0 0 0 0 0 0 0 0 0 0 0 0 0 0 0 0 0 0 0 872 587 325 152 117 70 41 12 13 4 788
20150604 13:27:40 0 0 0 0 0 0 0 99 1 119 234 1 292 0 0.00 0.30 0.53 8177412 4877008 3300404 0 296608 2430016 194328 1981080 3306108 8386556 0 8386556 0 0 144 0 0 907744 0 6 867 0 0 0 0 23404 352 101 0 0 112 107 0 0 0 0 2 2 0 0 0 0 0 0 0 0 0 0 0 6 6 0 0 0 158031 1376 0 111653 0 0 0 0 0 0 0 0 0 0 0 0 0 0 0 0 1 0 0 894 583 332 148 117 70 41 12 13 4 788
20150604 13:27:50 0 0 0 0 0 0 0 99 1 116 224 1 292 0 0.00 0.29 0.53 8177412 4877008 3300404 0 296612 2430064 194328 1981076 3306108 8386556 0 8386556 0 0 160 0 0 907784 0 6 868 0 0 0 0 23404 352 101 0 0 112 108 0 0 0 0 2 2 0 0 0 0 0 0 0 0 0 0 0 6 6 0 0 0 158033 1312 0 111655 0 0 0 0 0 0 0 0 0 0 0 0 0 0 1 0 0 0 0 859 593 318 145 119 71 41 12 13 4 788
20150604 13:28:00 0 0 0 0 0 0 0 99 1 123 247 1 292 1 0.00 0.28 0.52 8177412 4877752 3299660 0 296616 2430108 194328 1981080 3306108 8386556 0 8386556 0 0 148 0 0 907828 0 17 868 0 0 0 0 23404 352 101 0 0 112 107 0 0 0 0 2 2 0 0 0 0 0 0 0 0 2 2 0 17 17 0 1 1 158035 1312 0 111657 0 0 0 0 0 0 0 0 0 0 0 0 0 0 0 0 1 0 0 657 601 330 139 119 71 41 12 13 4 788
20150604 13:28:10 1 0 0 0 0 0 0 99 1 153 338 7 292 0 0.00 0.27 0.52 8177412 4878652 3298760 0 296616 2430184 194436 1981084 3306108 8386556 0 8386556 0 0 256 0 0 907896 0 15 2713 0 0 0 0 23488 352 101 0 0 112 108 0 0 0 0 4 4 0 1 0 0 0 0 0 0 1 1 0 15 15 0 2 2 158037 1344 0 111659 0 0 0 0 0 0 0 0 0 0 0 0 0 0 1 0 0 0 0 906 546 301 116 115 71 41 12 13 4 788
20150604 13:28:20 0 0 0 0 0 0 0 99 1 116 223 1 292 0 0.00 0.26 0.51 8177412 4877536 3299876 0 296616 2430228 194452 1981084 3306108 8386556 0 8386556 0 0 220 0 0 907928 0 11 867 0 0 0 0 23504 352 101 0 0 112 107 0 0 0 0 2 2 0 0 0 0 0 0 0 0 1 1 0 11 11 0 0 0 158039 1280 0 111661 0 0 0 0 0 0 0 0 0 0 0 0 0 0 0 0 1 0 0 1031 602 317 121 115 71 41 12 13 4 788
20150604 13:28:30 0 0 0 0 0 0 0 99 1 120 229 1 292 0 0.00 0.25 0.50 8177412 4877332 3300080 0 296616 2430272 194424 1981084 3306108 8386556 0 8386556 0 0 224 0 0 907968 0 16 868 0 0 0 0 23476 352 101 0 0 112 108 0 0 0 0 2 2 0 0 0 0 0 0 0 0 2 2 0 16 16 0 1 1 158041 1312 0 111663 0 0 0 0 0 0 0 0 0 0 0 0 0 0 0 0 0 0 0 905 633 310 127 117 70 40 13 13 4 788
20150604 13:28:40 0 0 0 0 0 0 0 99 0 123 225 1 292 0 0.00 0.25 0.50 8177412 4877828 3299584 0 296616 2430316 194428 1981084 3306108 8386556 0 8386556 0 0 132 0 0 908004 0 15 868 0 0 0 0 23480 352 101 0 0 112 107 0 0 0 0 2 2 0 0 0 0 0 0 0 0 2 2 0 15 15 0 0 0 158043 1312 0 111665 0 0 0 0 0 0 0 0 0 0 0 0 0 0 0 0 1 0 0 760 619 312 132 117 71 40 13 13 4 788
