################################################################################
# Collectl:   V3.6.0-1  HiRes: 1  Options: -o z -D -P -i 10 -f /mnt/vol2/msevilla/ceph-logs/osd/cpu/ 
# Host:       issdm-21  DaemonOpts: -f /var/log/collectl -r00:00,7 -m -F60 -s+YZ
# Distro:       Platform: H8DMR-82
# Date:       20150604-122922  Secs: 1433446162 TZ: -0700
# SubSys:     bcdfijmnstYZ Options: z Interval: 10:60 NumCPUs: 4  NumBud: 4 Flags: i
# Filters:    NfsFilt:  EnvFilt: 
# HZ:         100  Arch: x86_64-linux-gnu-thread-multi PageSize: 4096
# Cpu:        AuthenticAMD Speed(MHz): 2010.270 Cores: 2  Siblings: 2
# Kernel:     3.4.0-030400-generic  Memory: 8177412 kB  Swap: 8386556 kB
# NumDisks:   5 DiskNames: sda sdb sdc sdd sde
# NumNets:    4 NetNames: eth0:?? eth1:1000 eth2:1000 lo:
# NumSlabs:   133 Version: 2.1
# IConnect:   NumHCAs: 1 PortStates: 0 IBVersion:  PQVersion: 
# SCSI:       DA:0:00:00:00 DA:1:00:00:00 DA:2:00:00:00 DA:3:00:00:00 DA:4:00:00:00 CD:6:00:01:00
################################################################################
#Date Time [CPU]User% [CPU]Nice% [CPU]Sys% [CPU]Wait% [CPU]Irq% [CPU]Soft% [CPU]Steal% [CPU]Idle% [CPU]Totl% [CPU]Intrpt/sec [CPU]Ctx/sec [CPU]Proc/sec [CPU]ProcQue [CPU]ProcRun [CPU]L-Avg1 [CPU]L-Avg5 [CPU]L-Avg15 [MEM]Tot [MEM]Used [MEM]Free [MEM]Shared [MEM]Buf [MEM]Cached [MEM]Slab [MEM]Map [MEM]Commit [MEM]SwapTot [MEM]SwapUsed [MEM]SwapFree [MEM]SwapIn [MEM]SwapOut [MEM]Dirty [MEM]Clean [MEM]Laundry [MEM]Inactive [MEM]PageIn [MEM]PageOut [MEM]PageFaults [MEM]PageMajFaults [MEM]HugeTotal [MEM]HugeFree [MEM]HugeRsvd [MEM]SUnreclaim [SOCK]Used [SOCK]Tcp [SOCK]Orph [SOCK]Tw [SOCK]Alloc [SOCK]Mem [SOCK]Udp [SOCK]Raw [SOCK]Frag [SOCK]FragMem [NET]RxPktTot [NET]TxPktTot [NET]RxKBTot [NET]TxKBTot [NET]RxCmpTot [NET]RxMltTot [NET]TxCmpTot [NET]RxErrsTot [NET]TxErrsTot [DSK]ReadTot [DSK]WriteTot [DSK]OpsTot [DSK]ReadKBTot [DSK]WriteKBTot [DSK]KbTot [DSK]ReadMrgTot [DSK]WriteMrgTot [DSK]MrgTot [INODE]NumDentry [INODE]openFiles [INODE]MaxFile% [INODE]used [NFS]ReadsS [NFS]WritesS [NFS]MetaS [NFS]CommitS [NFS]Udp [NFS]Tcp [NFS]TcpConn [NFS]BadAuth [NFS]BadClient [NFS]ReadsC [NFS]WritesC [NFS]MetaC [NFS]CommitC [NFS]Retrans [NFS]AuthRef [TCP]PureAcks [TCP]HPAcks [TCP]Loss [TCP]FTrans [BUD]1Page [BUD]2Pages [BUD]4Pages [BUD]8Pages [BUD]16Pages [BUD]32Pages [BUD]64Pages [BUD]128Pages [BUD]256Pages [BUD]512Pages [BUD]1024Pages
20150604 12:30:10 1 0 0 0 0 0 0 99 1 6653 1007 6 964 0 0.07 0.22 0.18 8177412 1621932 6555480 0 295292 731144 163392 344108 2756264 8386556 0 8386556 0 0 5360 0 0 559040 0 9 2144 0 0 0 0 32704 546 292 0 0 303 138 0 0 0 0 158 157 17 17 0 0 0 0 0 0 1 1 0 9 9 0 1 1 114834 1952 0 96037 0 0 0 0 0 0 0 0 0 0 0 0 0 0 0 5 79 0 0 779 520 794 540 411 261 128 35 28 51 1532
20150604 12:30:20 3 0 2 0 0 0 0 94 5 10243 6971 0 964 1 0.06 0.21 0.18 8177412 1617212 6560200 0 295292 727644 163460 341524 2756264 8386556 0 8386556 0 0 1392 0 0 555284 0 2104 157 1 0 0 0 32696 546 292 0 0 303 199 0 0 0 0 537 465 462 81 0 0 0 0 0 0 204 204 0 2103 2103 0 1 1 114837 1920 0 96035 0 0 0 0 0 0 0 0 0 0 0 0 0 0 0 11 201 0 0 1162 688 865 588 414 262 124 36 27 51 1532
20150604 12:30:30 9 0 6 1 0 0 0 84 16 14970 16999 0 964 5 0.05 0.20 0.17 8177412 1617284 6560128 0 295292 725304 163488 339424 2759336 8386556 0 8386556 0 0 5508 0 0 551968 0 4164 464 3 0 0 0 32744 546 292 0 0 303 189 0 0 0 0 1052 975 1052 203 0 0 0 0 0 0 515 515 0 4165 4165 0 1 1 114845 1920 0 96031 0 0 0 0 0 0 0 0 0 0 0 0 0 0 0 19 377 0 0 960 804 947 566 426 260 127 35 27 50 1532
20150604 12:30:40 0 0 0 0 0 0 0 99 1 7178 989 0 964 0 0.12 0.21 0.18 8177412 1617228 6560184 0 295292 725444 163472 339608 2759336 8386556 0 8386556 0 0 132 0 0 552364 0 606 30 0 0 0 0 32728 546 292 0 0 303 104 0 0 0 0 155 158 17 18 0 0 0 0 0 0 9 9 0 606 606 0 2 2 114847 1920 0 96031 0 0 0 0 0 0 0 0 0 0 0 0 0 0 0 5 77 0 0 994 847 955 572 426 260 127 35 27 50 1532
20150604 12:30:50 5 0 3 0 0 0 0 92 8 11076 9475 0 964 0 0.18 0.22 0.18 8177412 1624500 6552912 0 295292 733444 163440 339664 2760392 8386556 0 8386556 0 0 3960 0 0 560032 0 1795 132 0 0 0 0 32728 546 292 0 0 303 105 0 0 0 0 591 560 520 112 0 0 0 0 0 0 289 289 0 1795 1795 0 0 0 114849 1920 0 96032 0 0 0 0 0 0 0 0 0 0 0 0 0 0 0 6 249 0 0 996 528 754 525 420 261 127 35 27 50 1532
20150604 12:31:00 5 0 4 0 0 0 0 90 9 12272 11151 0 964 4 0.15 0.21 0.18 8177412 1633624 6543788 0 295292 739236 163708 340888 2762440 8386556 0 8386556 0 0 1044 0 0 565304 0 3210 194 1 0 0 0 32808 546 292 0 0 303 221 0 0 0 0 824 660 809 129 0 0 0 0 0 0 353 353 0 3210 3210 0 0 0 114843 1920 0 96027 0 0 0 0 0 0 0 0 0 0 0 0 0 0 0 13 282 0 0 1023 629 778 545 403 227 118 35 28 50 1531
20150604 12:31:10 3 0 2 0 0 0 0 94 5 9053 5378 6 964 0 0.13 0.21 0.18 8177412 1639772 6537640 0 295296 743236 163656 340932 2762572 8386556 0 8386556 0 0 3108 0 0 569128 0 942 2161 0 0 0 0 32692 546 292 0 0 303 139 0 0 0 0 379 409 216 74 0 0 0 0 0 0 137 137 0 942 942 0 1 1 114853 1952 0 96035 0 0 0 0 0 0 0 0 0 0 0 0 0 0 0 8 184 0 0 726 537 790 535 407 235 115 32 27 51 1530
20150604 12:31:20 1 0 1 0 0 0 0 98 2 6777 2040 0 964 0 0.11 0.20 0.18 8177412 1634420 6542992 0 295296 739384 163656 340500 2762572 8386556 0 8386556 0 0 76 0 0 564904 0 634 65 1 0 0 0 32692 546 292 0 0 303 139 0 0 0 0 196 200 61 28 0 0 0 0 0 0 42 42 0 634 634 0 1 1 114857 1952 0 96037 0 0 0 0 0 0 0 0 0 0 0 0 0 0 0 5 101 0 0 1196 736 840 543 406 236 115 33 27 51 1530
20150604 12:31:30 4 0 3 0 0 0 0 92 8 12523 10933 0 964 4 0.25 0.23 0.18 8177412 1644600 6532812 0 295296 749904 163904 341960 2763596 8386556 0 8386556 0 0 5092 0 0 575152 0 2252 140 0 0 0 0 32852 546 292 0 0 303 240 0 0 0 0 876 636 904 112 0 0 0 0 0 0 374 374 0 2243 2243 0 0 0 114857 1952 0 96038 0 0 0 0 0 0 0 0 0 0 0 0 0 0 0 10 289 0 0 878 466 746 517 404 234 114 33 27 51 1529
20150604 12:31:40 3 0 2 0 0 0 0 94 6 8358 5719 0 964 0 0.21 0.22 0.18 8177412 1650848 6526564 0 295296 747552 168112 343804 2764620 8386556 0 8386556 0 0 484 0 0 572608 0 1696 121 1 0 0 0 36944 546 292 0 0 303 138 0 0 0 0 320 324 83 78 0 0 0 0 0 0 135 135 0 1580 1580 0 45 45 116419 1952 0 96819 0 0 0 0 0 0 0 0 0 0 0 0 0 0 0 12 151 0 0 473 392 808 418 401 235 116 33 27 50 1529
20150604 12:31:50 2 0 2 0 0 0 0 96 4 8090 4477 0 964 0 0.18 0.21 0.18 8177412 1650548 6526864 0 295296 744324 166392 343536 2764620 8386556 0 8386556 0 0 1068 0 0 569860 0 1603 55 0 0 0 0 35168 546 292 0 0 303 178 0 0 0 0 338 326 69 81 0 0 0 0 0 0 147 147 0 1729 1729 0 148 148 117915 1952 0 97561 0 0 0 0 0 0 0 0 0 0 0 0 0 0 0 13 180 0 0 598 343 647 464 408 234 117 34 27 50 1529
20150604 12:32:00 1 0 1 0 0 0 0 97 3 7658 3013 0 964 0 0.15 0.20 0.18 8177412 1652848 6524564 0 295296 741032 169404 344100 2764620 8386556 0 8386556 0 0 1008 0 0 566972 0 566 47 0 0 0 0 37916 546 292 0 0 303 104 0 0 0 0 258 248 50 66 0 0 0 0 0 0 80 80 0 565 565 0 20 20 118955 1952 0 98079 0 0 0 0 0 0 0 0 0 0 0 0 0 0 0 9 130 0 0 609 421 504 412 423 235 117 34 27 50 1529
20150604 12:32:10 5 0 4 0 0 0 0 90 9 10838 9961 6 964 0 0.20 0.21 0.18 8177412 1665252 6512160 0 295304 748256 169892 343888 2764620 8386556 0 8386556 0 0 688 0 0 573832 0 2932 2187 0 0 0 0 38128 546 292 0 0 303 104 0 0 0 0 664 539 530 123 0 0 0 0 0 0 339 339 0 2932 2932 0 100 100 120293 1952 0 98753 0 0 0 0 0 0 0 0 0 0 0 0 0 0 0 13 258 0 0 428 173 114 388 404 235 116 34 28 51 1528
20150604 12:32:20 4 0 4 0 0 0 0 92 8 10650 9392 0 964 0 0.25 0.22 0.19 8177412 1670364 6507048 0 295304 750696 169416 344692 2764620 8386556 0 8386556 0 0 3628 0 0 576416 0 3073 93 0 0 0 0 36708 546 292 0 0 303 104 0 0 0 0 656 501 525 116 0 0 0 0 0 0 347 347 0 3073 3073 0 169 169 121753 1952 0 99483 0 0 0 0 0 0 0 0 0 0 0 0 0 0 0 12 241 0 0 456 187 74 323 411 231 111 31 28 51 1528
20150604 12:32:30 2 0 2 0 0 0 0 95 5 7672 4930 0 958 0 0.21 0.22 0.18 8177412 1666760 6510652 0 295304 739556 172856 343028 2764620 8386556 0 8386556 0 0 936 0 0 565836 0 1815 85 1 0 0 0 39028 543 289 0 3 300 138 0 0 0 0 296 275 69 80 0 0 0 0 0 0 178 178 0 1761 1761 0 79 79 123504 1952 0 100353 0 0 0 0 0 0 0 0 0 0 0 0 0 0 0 11 141 0 0 1357 481 144 173 421 237 112 31 28 51 1528
20150604 12:32:40 4 0 3 0 0 0 0 93 7 8998 7007 0 958 3 0.18 0.21 0.18 8177412 1673084 6504328 0 295304 738068 174580 346580 2767692 8386556 0 8386556 0 0 2600 0 0 564020 0 1811 191 1 0 0 0 39940 543 289 0 3 300 177 0 0 0 0 446 445 206 115 0 0 0 0 0 0 213 213 0 1864 1864 0 66 66 124974 1952 0 101088 0 0 0 0 0 0 0 0 0 0 0 0 0 0 0 13 218 0 0 918 406 126 178 366 237 112 31 28 51 1528
20150604 12:32:50 21 0 11 1 0 1 0 66 33 14383 20942 24 958 0 0.30 0.24 0.19 8177412 1685584 6491828 0 295304 743396 174216 347804 2769744 8386556 0 8386556 0 0 3192 0 0 568932 0 5938 21367 2 0 0 0 38320 544 290 0 3 301 104 0 0 0 0 1018 944 937 241 0 0 0 0 0 0 612 612 0 5938 5938 0 227 227 126644 1920 0 101918 0 0 0 0 0 0 0 0 0 0 0 0 0 0 0 13 389 0 0 668 463 303 173 316 255 125 39 25 52 1523
20150604 12:33:00 7 0 5 0 0 1 0 87 13 12590 13496 0 958 0 0.33 0.24 0.19 8177412 1700576 6476836 0 295308 748972 179248 350372 2771788 8386556 0 8386556 0 0 8604 0 0 574296 0 2678 206 0 0 0 0 42572 544 290 0 3 301 139 0 0 0 0 783 767 579 185 0 0 0 0 0 0 466 466 0 2678 2678 0 33 33 128232 1920 0 102712 0 0 0 0 0 0 0 0 0 0 0 0 0 0 0 14 360 0 0 496 180 124 84 217 251 124 40 25 52 1523
20150604 12:33:10 3 0 2 0 0 0 0 94 5 8153 4220 6 958 0 0.28 0.24 0.19 8177412 1696804 6480608 0 295308 740948 179396 351188 2771820 8386556 0 8386556 0 0 2952 0 0 567036 0 2089 2154 1 0 0 0 41612 544 290 0 3 301 104 0 0 0 0 302 287 65 77 0 0 0 0 0 0 132 132 0 2089 2089 0 62 62 129750 1952 0 103470 0 0 0 0 0 0 0 0 0 0 0 0 0 0 0 10 156 0 0 1099 418 201 136 190 246 127 41 27 50 1523
20150604 12:33:20 1 0 1 1 0 0 0 97 2 7962 2497 0 958 0 0.24 0.23 0.19 8177412 1693972 6483440 0 295308 741472 176596 351456 2771820 8386556 0 8386556 0 0 648 0 0 567396 0 2110 42 0 0 0 0 38236 544 290 0 3 301 139 0 0 0 0 217 206 41 54 0 0 0 0 0 0 150 150 0 2110 2110 0 223 223 130540 1952 0 103864 0 0 0 0 0 0 0 0 0 0 0 0 0 0 0 9 101 0 0 1127 446 205 146 212 248 127 41 27 50 1523
20150604 12:33:30 2 0 2 0 0 0 0 96 4 7913 4618 0 958 0 0.20 0.22 0.19 8177412 1702348 6475064 0 295308 738292 184460 350040 2771820 8386556 0 8386556 0 0 992 0 0 564708 0 548 56 0 0 0 0 45084 544 290 0 0 301 99 0 0 0 0 314 299 67 75 0 0 0 0 0 0 124 124 0 548 548 0 10 10 132092 1952 0 104637 0 0 0 0 0 0 0 0 0 0 0 0 0 0 0 8 159 0 0 1173 515 259 130 122 218 128 41 27 50 1523
20150604 12:33:40 5 0 3 1 0 0 0 91 8 10457 9480 0 958 4 0.32 0.25 0.20 8177412 1706696 6470716 0 295308 735560 182912 356184 2777068 8386556 0 8386556 0 0 1732 0 0 561716 0 2924 260 1 0 0 0 42772 544 290 0 0 301 272 0 0 0 0 604 510 444 125 0 0 0 0 0 0 349 349 0 2924 2924 0 94 94 133592 1952 0 105387 0 0 0 0 0 0 0 0 0 0 0 0 0 0 0 14 231 0 0 614 414 203 129 133 208 130 41 27 50 1523
20150604 12:33:50 7 0 5 1 0 0 0 88 11 12700 13306 0 958 0 0.27 0.24 0.19 8177412 1717620 6459792 0 295308 745812 181184 357952 2778092 8386556 0 8386556 0 0 5940 0 0 571828 0 4216 181 0 0 0 0 40128 544 290 0 0 301 201 0 0 0 0 834 692 709 165 0 0 0 0 0 0 491 491 0 4215 4215 0 214 214 134810 1952 0 105998 0 0 0 0 0 0 0 0 0 0 0 0 0 0 0 17 316 0 0 473 115 63 58 76 206 130 41 27 50 1523
20150604 12:34:00 3 0 3 0 0 0 0 93 6 9378 7512 0 958 0 0.31 0.25 0.20 8177412 1733676 6443736 0 295308 751652 188180 358132 2778092 8386556 0 8386556 0 0 4100 0 0 577184 0 1950 80 0 0 0 0 46104 544 290 0 0 301 105 0 0 0 0 562 414 447 97 0 0 0 0 0 0 269 269 0 1951 1951 0 21 21 136320 1952 0 106753 0 0 0 0 0 0 0 0 0 0 0 0 0 0 0 10 211 0 0 523 97 24 38 47 120 124 41 27 50 1523
20150604 12:34:10 3 0 2 0 0 0 0 95 5 8247 4302 6 958 0 0.70 0.34 0.23 8177412 1745256 6432156 0 295308 752728 193784 357996 2779116 8386556 0 8386556 0 0 4576 0 0 578276 0 882 2154 0 0 0 0 50848 544 290 0 0 301 138 0 0 0 0 326 308 68 79 0 0 0 0 0 0 130 130 0 882 882 0 52 52 137846 1920 0 107515 0 0 0 0 0 0 0 0 0 0 0 0 0 0 0 15 164 0 0 636 149 53 26 31 83 101 39 27 50 1523
20150604 12:34:20 2 0 2 1 0 0 0 95 4 8426 4359 0 958 0 0.59 0.33 0.23 8177412 1740480 6436932 0 295308 749408 187188 361108 2781292 8386556 0 8386556 0 0 1088 0 0 575568 0 3096 109 0 0 0 0 43368 544 290 0 0 301 138 0 0 0 0 278 260 61 75 0 0 0 0 0 0 224 224 0 3096 3096 0 244 244 139308 1920 0 108245 0 0 0 0 0 0 0 0 0 0 0 0 0 0 0 10 132 0 0 779 123 38 47 67 95 101 39 27 50 1523
20150604 12:34:30 4 0 3 0 0 0 0 92 8 10084 8828 0 958 8 2.74 0.78 0.37 8177412 1745940 6431472 0 295308 747192 188776 363552 2784364 8386556 0 8386556 0 0 1276 0 0 573072 0 2387 224 1 0 0 0 44108 544 290 0 0 301 310 0 0 0 0 594 480 491 113 0 0 0 0 0 0 279 279 0 2236 2236 0 17 17 140556 1920 0 108869 0 0 0 0 0 0 0 0 0 0 0 0 0 0 0 10 218 0 0 578 67 23 45 63 86 92 39 27 50 1523
20150604 12:34:40 3 0 3 1 0 0 0 93 6 8852 6107 0 958 0 2.32 0.75 0.37 8177412 1750772 6426640 0 295308 741812 192768 366640 2787564 8386556 0 8386556 0 0 848 0 0 567744 0 1890 316 1 0 0 0 47280 544 290 0 0 301 138 0 0 0 0 350 363 113 102 0 0 0 0 0 0 182 182 0 2041 2041 0 101 101 142069 1920 0 109620 0 0 0 0 0 0 0 0 0 0 0 0 0 0 0 12 164 0 0 577 65 91 36 34 85 79 38 27 50 1523
20150604 12:34:50 5 0 4 1 0 0 0 91 9 10596 9436 0 958 4 1.97 0.73 0.37 8177412 1747528 6429884 0 295308 736928 190196 367576 2787564 8386556 0 8386556 0 0 3740 0 0 562848 0 3659 260 2 0 0 0 43780 544 290 0 0 301 177 0 0 0 0 617 515 479 127 0 0 0 0 0 0 370 370 0 3650 3650 0 204 204 143502 1920 0 110331 0 0 0 0 0 0 0 0 0 0 0 0 0 0 0 9 242 0 0 804 211 135 98 60 81 72 37 27 50 1523
20150604 12:35:00 4 0 3 0 0 0 0 93 7 8414 7257 0 958 0 1.66 0.71 0.36 8177412 1754064 6423348 0 295308 735524 194664 367312 2787564 8386556 0 8386556 0 0 4352 0 0 561936 0 1515 92 0 0 0 0 47204 544 290 0 0 301 106 0 0 0 0 366 366 140 104 0 0 0 0 0 0 214 214 0 1523 1523 0 41 41 145230 1920 0 111193 0 0 0 0 0 0 0 0 0 0 0 0 0 0 0 9 177 0 0 1013 314 78 80 31 67 61 36 27 50 1523
20150604 12:35:10 4 0 3 1 0 0 0 91 8 10471 8429 7 958 0 1.70 0.75 0.38 8177412 1757944 6419468 0 295308 737772 193464 368276 2788588 8386556 0 8386556 0 0 3144 0 0 564484 0 2694 2279 0 0 0 0 45040 544 290 0 0 301 138 0 0 0 0 637 480 516 113 0 0 0 0 0 0 281 281 0 2694 2694 0 62 62 146266 1952 0 111710 0 0 0 0 0 0 0 0 0 0 0 0 0 0 0 12 230 0 0 742 405 97 85 61 60 44 35 27 50 1523
20150604 12:35:20 7 0 5 1 0 0 0 87 12 12821 13930 0 958 6 1.52 0.74 0.38 8177412 1779416 6397996 0 295308 748696 195764 372888 2794732 8386556 0 8386556 0 0 3732 0 0 574756 0 4642 283 0 0 0 0 46536 544 290 0 0 301 210 0 0 0 0 898 704 835 160 0 0 0 0 0 0 549 549 0 4635 4635 0 212 212 147792 1920 0 112475 0 0 0 0 0 0 0 0 0 0 0 0 0 0 0 7 333 0 0 611 70 15 9 8 41 38 31 24 49 1523
20150604 12:35:30 5 0 4 0 0 0 0 91 9 10267 9553 0 958 0 1.29 0.72 0.38 8177412 1786404 6391008 0 295308 745776 201304 375520 2795756 8386556 0 8386556 0 0 3184 0 0 571692 0 2100 307 2 0 0 0 51048 544 290 0 0 301 104 0 0 0 0 490 520 263 134 0 0 0 0 0 0 266 266 0 2106 2106 0 20 20 149275 1920 0 113211 0 0 0 0 0 0 0 0 0 0 0 0 0 0 0 9 250 0 0 612 220 86 36 20 39 31 23 23 49 1522
20150604 12:35:40 2 0 2 0 0 0 0 95 4 7978 4031 0 958 0 1.09 0.69 0.37 8177412 1791664 6385748 0 295312 746892 202576 376416 2796780 8386556 0 8386556 0 0 1060 0 0 572928 0 1645 78 0 0 0 0 51508 544 290 0 0 301 104 0 0 0 0 296 282 61 74 0 0 0 0 0 0 144 144 0 1645 1645 0 118 118 150645 1920 0 113896 0 0 0 0 0 0 0 0 0 0 0 0 0 0 0 11 144 0 0 615 78 58 35 29 41 31 26 21 49 1521
20150604 12:35:50 4 0 3 1 0 0 0 92 7 10271 8253 0 958 0 0.92 0.67 0.37 8177412 1793916 6383496 0 295312 744908 198500 379316 2798828 8386556 0 8386556 0 0 2748 0 0 571596 0 3435 154 0 0 0 0 46540 544 290 0 0 301 104 0 0 0 0 643 475 517 109 0 0 0 0 0 0 353 353 0 3435 3435 0 192 192 151935 1920 0 114538 0 0 0 0 0 0 0 0 0 0 0 0 0 0 0 10 241 0 0 1074 187 82 87 39 34 31 20 18 49 1521
20150604 12:36:00 3 0 2 0 0 0 0 95 5 7454 4649 0 958 0 0.85 0.66 0.37 8177412 1791416 6385996 0 295312 732840 202916 378684 2799852 8386556 0 8386556 0 0 276 0 0 559788 0 1585 132 2 0 0 0 49756 544 290 0 0 301 104 0 0 0 0 279 268 66 74 0 0 0 0 0 0 169 169 0 1585 1585 0 47 47 153631 1920 0 115381 0 0 0 0 0 0 0 0 0 0 0 0 0 0 0 8 141 0 0 1633 524 198 166 27 35 31 22 15 49 1520
20150604 12:36:10 9 0 7 1 0 1 0 82 17 14464 17819 6 958 0 0.72 0.64 0.37 8177412 1810752 6366660 0 295312 742996 204116 384976 2806060 8386556 0 8386556 0 0 6528 0 0 568888 0 4400 2445 2 0 0 0 49916 544 290 0 0 301 105 0 0 0 0 1100 916 1034 218 0 0 0 0 0 0 602 602 0 4400 4400 0 61 61 155155 1920 0 116149 0 0 0 0 0 0 0 0 0 0 0 0 0 0 0 20 393 0 0 933 176 34 55 27 20 30 19 15 47 1520
20150604 12:36:20 2 0 2 1 0 0 0 95 4 8053 4320 0 958 0 0.61 0.62 0.36 8177412 1815344 6362068 0 295312 743972 205288 385300 2806060 8386556 0 8386556 0 0 752 0 0 569820 0 2552 66 0 0 0 0 50464 544 290 0 0 301 104 0 0 0 0 295 279 63 74 0 0 0 0 0 0 198 198 0 2552 2552 0 206 206 156629 1920 0 116886 0 0 0 0 0 0 0 0 0 0 0 0 0 0 0 10 143 0 0 806 157 39 28 21 17 28 21 12 47 1520
20150604 12:36:30 2 0 1 0 0 0 0 97 3 7507 3281 0 958 0 0.52 0.60 0.36 8177412 1821444 6355968 0 295312 744840 209476 386100 2806060 8386556 0 8386556 0 0 748 0 0 570900 0 730 49 0 0 0 0 53788 544 290 0 0 301 104 0 0 0 0 250 240 52 65 0 0 0 0 0 0 94 94 0 730 730 0 42 42 157785 1920 0 117464 0 0 0 0 0 0 0 0 0 0 0 0 0 0 0 10 120 0 0 784 130 50 28 21 16 31 18 13 46 1519
20150604 12:36:40 2 0 2 1 0 0 0 95 4 8200 4909 0 958 0 0.44 0.58 0.36 8177412 1824584 6352828 0 295312 741968 210628 386708 2807084 8386556 0 8386556 0 0 792 0 0 568196 0 1597 72 0 0 0 0 53920 544 290 0 0 301 104 0 0 0 0 312 292 67 78 0 0 0 0 0 0 177 177 0 1597 1597 0 121 121 159355 1920 0 118247 0 0 0 0 0 0 0 0 0 0 0 0 0 0 0 9 157 0 0 1052 160 62 22 21 16 30 20 14 45 1518
20150604 12:36:50 2 0 2 0 0 0 0 96 4 7237 4039 0 958 0 0.37 0.56 0.35 8177412 1825520 6351892 0 295312 742956 208372 386920 2807084 8386556 0 8386556 0 0 1032 0 0 569112 0 1956 57 0 0 0 0 50780 544 290 0 0 301 104 0 0 0 0 252 239 56 67 0 0 0 0 0 0 185 185 0 1956 1956 0 165 165 160707 1920 0 118918 0 0 0 0 0 0 0 0 0 0 0 0 0 0 0 8 125 0 0 882 172 63 57 55 20 30 20 14 43 1518
20150604 12:37:00 8 0 6 0 0 0 0 85 14 13524 15632 0 958 5 0.39 0.56 0.35 8177412 1837104 6340308 0 295312 740732 209664 394228 2814380 8386556 0 8386556 0 0 2620 0 0 566668 0 4177 423 2 0 0 0 51048 544 290 0 0 301 243 0 0 0 0 837 830 714 204 0 0 0 0 0 0 531 531 0 4177 4177 0 56 56 162243 1920 0 119687 0 0 0 0 0 0 0 0 0 0 0 0 0 0 0 12 354 0 0 1303 217 65 41 19 8 30 22 14 40 1517
20150604 12:37:10 4 0 3 0 0 0 0 92 8 10334 9061 6 958 0 0.33 0.54 0.35 8177412 1852116 6325296 0 295316 746204 215484 394676 2814412 8386556 0 8386556 0 0 5056 0 0 572032 0 1824 2175 0 0 0 0 56088 544 290 0 0 301 104 0 0 0 0 536 453 397 109 0 0 0 0 0 0 278 278 0 1824 1824 0 70 70 163539 1952 0 120339 0 0 0 0 0 0 0 0 0 0 0 0 0 0 0 13 201 0 0 1001 101 54 26 22 11 33 21 15 37 1515
20150604 12:37:20 2 0 2 1 0 0 0 94 5 8350 5519 0 958 0 0.72 0.62 0.38 8177412 1851316 6326096 0 295316 743544 213504 394936 2815436 8386556 0 8386556 0 0 1064 0 0 569616 0 2928 85 0 0 0 0 52972 544 290 0 0 301 138 0 0 0 0 332 309 74 87 0 0 0 0 0 0 236 236 0 2928 2928 0 213 213 165337 1952 0 121237 0 0 0 0 0 0 0 0 0 0 0 0 0 0 0 10 168 0 0 977 190 94 40 57 25 32 22 16 36 1514
20150604 12:37:30 2 0 2 0 0 0 0 96 4 7101 3851 0 958 0 0.61 0.60 0.37 8177412 1848632 6328780 0 295316 736264 215664 395228 2815436 8386556 0 8386556 0 0 1060 0 0 563324 0 943 51 0 0 0 0 54332 544 290 0 0 301 138 0 0 0 0 267 256 56 69 0 0 0 0 0 0 120 120 0 943 943 0 45 45 166605 1952 0 121868 0 0 0 0 0 0 0 0 0 0 0 0 0 0 0 6 138 0 0 1169 436 183 99 49 11 30 23 15 36 1514
20150604 12:37:40 2 0 2 1 0 0 0 95 4 8287 4551 0 958 0 0.51 0.58 0.37 8177412 1856068 6321344 0 295316 737152 218064 397748 2817484 8386556 0 8386556 0 0 512 0 0 564016 0 1575 97 0 0 0 0 55692 544 290 0 0 301 106 0 0 0 0 312 297 67 78 0 0 0 0 0 0 162 162 0 1575 1575 0 135 135 168151 1952 0 122641 0 0 0 0 0 0 0 0 0 0 0 0 0 0 0 12 158 0 0 970 305 194 100 50 12 30 25 14 35 1513
20150604 12:37:50 7 0 5 1 0 0 0 87 12 12183 13301 0 958 0 0.44 0.56 0.37 8177412 1866916 6310496 0 295316 741460 216936 401024 2821580 8386556 0 8386556 0 0 4124 0 0 567964 0 3849 272 1 0 0 0 53736 542 288 0 2 299 140 0 0 0 0 711 688 566 168 0 0 0 0 0 0 483 483 0 3849 3849 0 146 146 169585 1952 0 123357 0 0 0 0 0 0 0 0 0 0 0 0 0 0 0 21 278 0 0 741 28 46 64 58 23 25 22 13 36 1512
20150604 12:38:00 1 0 1 0 0 0 0 97 2 7644 2954 0 958 0 0.37 0.54 0.36 8177412 1867884 6309528 0 295316 738324 219372 400336 2821580 8386556 0 8386556 0 0 200 0 0 565252 0 1065 43 0 0 0 0 55516 542 288 0 2 299 104 0 0 0 0 221 216 42 49 0 0 0 0 0 0 102 102 0 1065 1065 0 40 40 170413 1952 0 123770 0 0 0 0 0 0 0 0 0 0 0 0 0 0 0 6 110 0 0 749 35 53 41 41 30 29 23 15 34 1512
20150604 12:38:10 2 0 2 0 0 0 0 95 5 7805 4200 6 958 0 0.31 0.53 0.36 8177412 1877624 6299788 0 295316 739212 222728 401832 2821580 8386556 0 8386556 0 0 1136 0 0 565904 0 1026 2144 0 0 0 0 58088 542 288 0 2 299 104 0 0 0 0 284 267 63 73 0 0 0 0 0 0 119 119 0 1026 1026 0 60 60 171949 1920 0 124538 0 0 0 0 0 0 0 0 0 0 0 0 0 0 0 10 142 0 0 829 106 52 41 35 26 27 24 16 33 1510
20150604 12:38:20 2 0 2 1 0 0 0 95 4 8180 3966 0 958 0 0.26 0.51 0.35 8177412 1871344 6306068 0 295316 732180 221268 402084 2822604 8386556 0 8386556 0 0 416 0 0 559628 0 2074 64 0 0 0 0 55572 542 288 0 2 299 104 0 0 0 0 266 259 59 72 0 0 0 0 0 0 182 182 0 2074 2074 0 181 181 173339 1920 0 125231 0 0 0 0 0 0 0 0 0 0 0 0 0 0 0 6 136 0 0 1338 316 88 111 79 34 28 25 17 32 1509
20150604 12:38:30 2 0 2 0 0 0 0 96 4 7592 4631 0 958 0 0.22 0.49 0.35 8177412 1881684 6295728 0 295316 733188 226524 403108 2823756 8386556 0 8386556 0 0 972 0 0 560340 0 900 99 0 0 0 0 59708 542 288 0 2 299 172 0 0 0 0 308 293 68 78 0 0 0 0 0 0 137 137 0 900 900 0 36 36 174963 1920 0 126043 0 0 0 0 0 0 0 0 0 0 0 0 0 0 0 10 157 0 0 892 253 89 98 36 24 24 24 17 33 1508
20150604 12:38:40 2 0 2 0 0 0 0 96 4 7733 4046 0 958 0 0.35 0.51 0.36 8177412 1886876 6290536 0 295316 734192 227380 405424 2825804 8386556 0 8386556 0 0 628 0 0 561416 0 1554 90 0 0 0 0 59696 542 288 0 2 299 104 0 0 0 0 249 232 56 65 0 0 0 0 0 0 144 144 0 1554 1554 0 133 133 176313 1920 0 126718 0 0 0 0 0 0 0 0 0 0 0 0 0 0 0 8 120 0 0 743 224 66 90 47 25 22 24 17 33 1507
20150604 12:38:50 2 0 2 0 0 0 0 95 4 7925 3965 0 958 0 0.30 0.49 0.35 8177412 1887388 6290024 0 295316 730388 225476 407368 2827852 8386556 0 8386556 0 0 592 0 0 557652 0 2035 149 1 0 0 0 56976 542 288 0 0 299 115 0 0 0 0 307 288 62 76 0 0 0 0 0 0 173 173 0 2035 2035 0 159 159 177675 1920 0 127398 0 0 0 0 0 0 0 0 0 0 0 0 0 0 0 11 158 0 0 1150 202 76 94 67 34 21 23 17 31 1507
20150604 12:39:00 2 0 1 0 0 0 0 96 3 7805 3232 0 958 0 0.33 0.49 0.35 8177412 1893284 6284128 0 295316 731348 228108 407696 2827852 8386556 0 8386556 0 0 552 0 0 558644 0 1063 58 0 0 0 0 58836 542 288 0 0 299 105 0 0 0 0 243 233 52 65 0 0 0 0 0 0 122 122 0 1063 1063 0 69 69 178849 1920 0 127983 0 0 0 0 0 0 0 0 0 0 0 0 0 0 0 9 117 0 0 938 223 77 89 31 27 19 25 17 32 1506
20150604 12:39:10 7 0 5 1 0 0 0 87 12 11848 12473 7 958 1 0.43 0.51 0.36 8177412 1898848 6278564 0 295316 728556 228968 411016 2831052 8386556 0 8386556 0 0 4592 0 0 555644 0 3427 2850 2 0 0 0 58824 542 288 0 0 299 220 0 0 0 0 791 653 670 155 0 0 0 0 0 0 425 425 0 3425 3425 0 67 67 180387 1952 0 128748 0 0 0 0 0 0 0 0 0 0 0 0 0 0 0 15 295 0 0 846 230 111 100 48 28 18 23 15 32 1505
20150604 12:39:20 8 0 6 1 0 0 0 84 15 14452 17189 0 958 0 0.36 0.49 0.36 8177412 1910520 6266892 0 295316 733492 228808 415392 2835148 8386556 0 8386556 0 0 3712 0 0 560480 0 5356 319 1 0 0 0 57972 542 288 0 0 299 138 0 0 0 0 996 876 910 210 0 0 0 0 0 0 610 610 0 5358 5358 0 174 174 181639 1952 0 129374 0 0 0 0 0 0 0 0 0 0 0 0 0 0 0 7 402 0 0 844 113 42 35 22 8 12 25 16 30 1505
20150604 12:39:30 4 0 4 0 0 0 0 91 9 10622 9668 0 958 5 0.38 0.49 0.36 8177412 1927748 6249664 0 295316 740296 234260 416608 2838220 8386556 0 8386556 0 0 2304 0 0 567024 0 2516 166 0 0 0 0 62568 542 288 0 0 299 185 0 0 0 0 674 545 534 127 0 0 0 0 0 0 333 333 0 2515 2515 0 34 34 183107 1952 0 130109 0 0 0 0 0 0 0 0 0 0 0 0 0 0 0 9 262 0 0 764 3 5 14 9 5 9 20 16 27 1504
20150604 12:39:40 3 0 2 1 0 0 0 94 5 8346 4997 0 958 0 0.32 0.48 0.35 8177412 1923820 6253592 0 295320 733800 232536 417272 2839244 8386556 0 8386556 0 0 408 0 0 560548 0 2319 286 1 0 0 0 59932 542 288 0 0 299 104 0 0 0 0 290 281 66 79 0 0 0 0 0 0 182 182 0 2319 2319 0 131 131 184590 1920 0 130846 0 0 0 0 0 0 0 0 0 0 0 0 0 0 0 10 146 0 0 1358 134 69 61 61 21 4 22 15 26 1503
20150604 12:39:50 2 0 2 1 0 0 0 96 4 8163 3784 0 958 0 0.27 0.46 0.35 8177412 1929576 6247836 0 295320 734952 233412 419580 2840268 8386556 0 8386556 0 0 856 0 0 561536 0 1698 98 0 0 0 0 59888 542 288 0 0 299 104 0 0 0 0 285 270 60 71 0 0 0 0 0 0 166 166 0 1698 1698 0 149 149 185944 1920 0 131522 0 0 0 0 0 0 0 0 0 0 0 0 0 0 0 10 146 0 0 855 115 73 61 45 12 3 20 15 26 1503
20150604 12:40:00 1 0 1 0 0 0 0 97 3 7761 3006 0 958 0 0.23 0.45 0.35 8177412 1934676 6242736 0 295320 731476 236408 423064 2842316 8386556 0 8386556 0 0 484 0 0 558556 0 870 124 0 0 0 0 62128 542 288 0 0 299 104 0 0 0 0 244 241 48 58 0 0 0 0 0 0 99 99 0 870 870 0 48 48 186964 1920 0 132030 0 0 0 0 0 0 0 0 0 0 0 0 0 0 0 6 122 0 0 1191 113 35 43 26 7 4 19 14 27 1502
20150604 12:40:10 7 0 6 1 0 0 0 87 13 11899 13137 6 958 0 0.27 0.45 0.35 8177412 1953840 6223572 0 295324 740324 239244 425200 2844364 8386556 0 8386556 0 0 780 0 0 566976 0 3309 2298 1 0 0 0 64040 542 288 0 0 299 138 0 0 0 0 747 715 570 176 0 0 0 0 0 0 432 432 0 3309 3309 0 67 67 188442 1888 0 132770 0 0 0 0 0 0 0 0 0 0 0 0 0 0 0 12 332 0 0 763 3 3 3 11 5 4 20 14 26 1499
20150604 12:40:20 7 0 5 1 0 0 0 87 13 12786 13174 0 958 0 0.31 0.45 0.35 8177412 1963612 6213800 0 295324 744692 237156 429404 2850540 8386556 0 8386556 0 0 420 0 0 571044 0 4744 287 1 0 0 0 61104 542 288 0 0 299 104 0 0 0 0 729 711 570 174 0 0 0 0 0 0 540 540 0 4740 4740 0 204 204 189962 1888 0 133531 0 0 0 0 0 0 0 0 0 0 0 0 0 0 0 7 334 0 0 763 6 6 44 37 19 6 15 16 25 1496
20150604 12:40:30 2 0 2 0 0 0 0 95 5 7614 4380 0 958 0 0.26 0.43 0.35 8177412 1970632 6206780 0 295324 741344 242516 430732 2851692 8386556 0 8386556 0 0 964 0 0 567724 0 1019 130 1 0 0 0 65032 542 288 0 0 299 138 0 0 0 0 283 264 64 74 0 0 0 0 0 0 124 124 0 1024 1024 0 42 42 191542 1888 0 134319 0 0 0 0 0 0 0 0 0 0 0 0 0 0 0 9 136 0 0 1162 90 40 52 25 8 6 16 14 24 1495
20150604 12:40:40 3 0 3 1 0 0 0 94 6 8848 6183 0 958 4 0.30 0.44 0.35 8177412 1978992 6198420 0 295328 744072 244396 432776 2853740 8386556 0 8386556 0 0 2684 0 0 570148 0 1521 125 0 0 0 0 66232 542 288 0 0 299 188 0 0 0 0 369 371 175 98 0 0 0 0 0 0 194 194 0 1510 1510 0 65 65 192970 1888 0 135033 0 0 0 0 0 0 0 0 0 0 0 0 0 0 0 7 177 0 0 764 4 5 51 23 5 3 15 12 23 1495
20150604 12:40:50 6 0 5 1 0 0 0 87 12 12432 12628 0 958 0 0.25 0.42 0.34 8177412 1986392 6191020 0 295328 749024 240828 435828 2856812 8386556 0 8386556 0 0 2568 0 0 574816 0 4728 244 1 0 0 0 61692 542 288 0 0 299 134 0 0 0 0 751 696 619 170 0 0 0 0 0 0 510 510 0 4740 4740 0 221 221 194018 1888 0 135558 0 0 0 0 0 0 0 0 0 0 0 0 0 0 0 20 291 0 0 1088 104 41 83 43 9 3 16 15 19 1493
20150604 12:41:00 0 0 0 0 0 0 0 100 0 6724 886 0 958 0 0.21 0.41 0.34 8177412 1985624 6191788 0 295328 749284 241080 436052 2856812 8386556 0 8386556 0 0 2416 0 0 575080 0 126 29 0 0 0 0 61752 542 288 0 0 299 104 0 0 0 0 162 160 18 24 0 0 0 0 0 0 12 12 0 126 126 0 6 6 194018 1888 0 135558 0 0 0 0 0 0 0 0 0 0 0 0 0 0 0 6 82 0 0 1155 132 54 81 46 9 3 16 15 19 1493
20150604 12:41:10 1 0 1 0 0 0 0 99 1 6952 1124 6 958 0 0.18 0.39 0.34 8177412 1987912 6189500 0 295328 749312 240472 436048 2856844 8386556 0 8386556 0 0 60 0 0 575136 0 472 2110 0 0 0 0 61072 542 288 0 0 299 139 0 0 0 0 158 158 17 17 0 0 0 0 0 0 29 29 0 472 472 0 17 17 194018 1920 0 135558 0 0 0 0 0 0 0 0 0 0 0 0 0 0 0 3 82 0 0 1208 213 85 71 32 15 5 15 16 19 1492
20150604 12:41:20 0 0 0 0 0 0 0 100 0 7078 1013 0 958 0 0.15 0.38 0.33 8177412 1986176 6191236 0 295328 749312 240472 436048 2856844 8386556 0 8386556 0 0 64 0 0 575132 0 67 28 0 0 0 0 61072 542 288 0 0 299 105 0 0 0 0 179 180 19 19 0 0 0 0 0 0 8 8 0 67 67 0 1 1 194018 1920 0 135558 0 0 0 0 0 0 0 0 0 0 0 0 0 0 0 4 101 0 0 1251 223 96 90 41 15 5 15 16 19 1492
20150604 12:41:30 0 0 0 0 0 0 0 100 0 7118 971 0 958 0 0.13 0.37 0.33 8177412 1985672 6191740 0 295328 749312 240472 436052 2856844 8386556 0 8386556 0 0 52 0 0 575132 0 3 29 0 0 0 0 61072 542 288 0 0 299 105 0 0 0 0 172 172 18 18 0 0 0 0 0 0 1 1 0 3 3 0 0 0 194018 1920 0 135558 0 0 0 0 0 0 0 0 0 0 0 0 0 0 0 4 95 0 0 1247 224 96 96 46 15 5 15 16 19 1492
