################################################################################
# Collectl:   V3.6.0-1  HiRes: 1  Options: -o z -D -P -i 10 -f /mnt/vol2/msevilla/ceph-logs/osd/cpu/ 
# Host:       issdm-34  DaemonOpts: -f /var/log/collectl -r00:00,7 -m -F60 -s+YZ
# Distro:       Platform: H8DMR-82
# Date:       20150604-122923  Secs: 1433446163 TZ: -0700
# SubSys:     bcdfijmnstYZ Options: z Interval: 10:60 NumCPUs: 4  NumBud: 4 Flags: i
# Filters:    NfsFilt:  EnvFilt: 
# HZ:         100  Arch: x86_64-linux-gnu-thread-multi PageSize: 4096
# Cpu:        AuthenticAMD Speed(MHz): 2010.265 Cores: 2  Siblings: 2
# Kernel:     3.4.0-030400-generic  Memory: 8177412 kB  Swap: 8386556 kB
# NumDisks:   5 DiskNames: sda sdb sdc sdd sde
# NumNets:    4 NetNames: eth0:?? eth1:1000 eth2:1000 lo:
# NumSlabs:   133 Version: 2.1
# IConnect:   NumHCAs: 1 PortStates: 0 IBVersion:  PQVersion: 
# SCSI:       DA:0:00:00:00 DA:1:00:00:00 DA:2:00:00:00 DA:3:00:00:00 DA:5:00:00:00 CD:6:00:01:00
################################################################################
#Date Time [CPU]User% [CPU]Nice% [CPU]Sys% [CPU]Wait% [CPU]Irq% [CPU]Soft% [CPU]Steal% [CPU]Idle% [CPU]Totl% [CPU]Intrpt/sec [CPU]Ctx/sec [CPU]Proc/sec [CPU]ProcQue [CPU]ProcRun [CPU]L-Avg1 [CPU]L-Avg5 [CPU]L-Avg15 [MEM]Tot [MEM]Used [MEM]Free [MEM]Shared [MEM]Buf [MEM]Cached [MEM]Slab [MEM]Map [MEM]Commit [MEM]SwapTot [MEM]SwapUsed [MEM]SwapFree [MEM]SwapIn [MEM]SwapOut [MEM]Dirty [MEM]Clean [MEM]Laundry [MEM]Inactive [MEM]PageIn [MEM]PageOut [MEM]PageFaults [MEM]PageMajFaults [MEM]HugeTotal [MEM]HugeFree [MEM]HugeRsvd [MEM]SUnreclaim [SOCK]Used [SOCK]Tcp [SOCK]Orph [SOCK]Tw [SOCK]Alloc [SOCK]Mem [SOCK]Udp [SOCK]Raw [SOCK]Frag [SOCK]FragMem [NET]RxPktTot [NET]TxPktTot [NET]RxKBTot [NET]TxKBTot [NET]RxCmpTot [NET]RxMltTot [NET]TxCmpTot [NET]RxErrsTot [NET]TxErrsTot [DSK]ReadTot [DSK]WriteTot [DSK]OpsTot [DSK]ReadKBTot [DSK]WriteKBTot [DSK]KbTot [DSK]ReadMrgTot [DSK]WriteMrgTot [DSK]MrgTot [INODE]NumDentry [INODE]openFiles [INODE]MaxFile% [INODE]used [NFS]ReadsS [NFS]WritesS [NFS]MetaS [NFS]CommitS [NFS]Udp [NFS]Tcp [NFS]TcpConn [NFS]BadAuth [NFS]BadClient [NFS]ReadsC [NFS]WritesC [NFS]MetaC [NFS]CommitC [NFS]Retrans [NFS]AuthRef [TCP]PureAcks [TCP]HPAcks [TCP]Loss [TCP]FTrans [BUD]1Page [BUD]2Pages [BUD]4Pages [BUD]8Pages [BUD]16Pages [BUD]32Pages [BUD]64Pages [BUD]128Pages [BUD]256Pages [BUD]512Pages [BUD]1024Pages
20150604 12:30:10 2 0 2 1 0 0 0 95 4 8838 4787 6 968 0 0.18 0.25 0.20 8177412 1568976 6608436 0 282208 722276 161520 312740 2723164 8386556 0 8386556 0 0 1904 0 0 543876 0 1571 2195 1 0 0 0 32948 566 296 0 0 311 106 0 0 0 0 467 320 430 48 0 0 0 0 0 0 163 163 0 1571 1571 0 2 2 110542 1984 0 95158 0 0 0 0 0 0 0 0 0 0 0 0 0 0 0 3 159 0 0 615 670 656 623 333 403 283 83 49 30 1531
20150604 12:30:20 0 0 0 0 0 0 0 99 0 7335 975 0 968 0 0.16 0.25 0.20 8177412 1567604 6609808 0 282208 722276 161512 312768 2723164 8386556 0 8386556 0 0 1908 0 0 543876 0 13 42 0 0 0 0 32940 566 296 0 0 311 106 0 0 0 0 179 180 19 19 0 0 0 0 0 0 2 2 0 13 13 0 0 0 110542 1984 0 95158 0 0 0 0 0 0 0 0 0 0 0 0 0 0 0 4 98 0 0 833 703 655 627 333 403 283 83 49 30 1531
20150604 12:30:30 0 0 0 0 0 0 0 99 0 7178 986 0 968 0 0.13 0.24 0.20 8177412 1566756 6610656 0 282208 722276 161512 312776 2723164 8386556 0 8386556 0 0 60 0 0 543928 0 188 28 0 0 0 0 32940 566 296 0 0 311 139 0 0 0 0 177 177 19 19 0 0 0 0 0 0 2 2 0 188 188 0 0 0 110544 1984 0 95158 0 0 0 0 0 0 0 0 0 0 0 0 0 0 0 4 95 0 0 952 732 656 627 333 403 283 83 49 30 1531
20150604 12:30:40 0 0 0 0 0 0 0 99 0 6541 986 0 968 0 0.11 0.23 0.20 8177412 1566864 6610548 0 282208 722280 161512 312788 2723164 8386556 0 8386556 0 0 72 0 0 543932 0 3 29 0 0 0 0 32940 566 296 0 0 311 105 0 0 0 0 192 191 20 20 0 0 0 0 0 0 0 0 0 3 3 0 0 0 110544 1984 0 95158 0 0 0 0 0 0 0 0 0 0 0 0 0 0 0 5 111 0 0 925 732 656 627 333 403 283 83 49 30 1531
20150604 12:30:50 2 0 1 0 0 0 0 96 4 9499 5699 0 968 0 0.09 0.22 0.20 8177412 1572072 6605340 0 282208 727912 161624 313284 2723164 8386556 0 8386556 0 0 2064 0 0 549276 0 1203 66 0 0 0 0 32940 566 296 0 0 311 106 0 0 0 0 529 385 479 61 0 0 0 0 0 0 176 176 0 1203 1203 0 0 0 110544 1984 0 95159 0 0 0 0 0 0 0 0 0 0 0 0 0 0 0 5 198 0 0 633 489 605 617 328 398 283 83 49 30 1531
20150604 12:31:00 0 0 0 0 0 0 0 99 1 6809 882 0 968 0 0.08 0.22 0.19 8177412 1572272 6605140 0 282208 727912 161624 313284 2723164 8386556 0 8386556 0 0 2064 0 0 549316 0 3 28 0 0 0 0 32940 566 296 0 0 311 105 0 0 0 0 159 159 17 17 0 0 0 0 0 0 1 1 0 3 3 0 0 0 110546 1984 0 95159 0 0 0 0 0 0 0 0 0 0 0 0 0 0 0 4 87 0 0 613 488 606 617 328 397 283 83 49 30 1531
20150604 12:31:10 1 0 1 0 0 1 0 98 2 7338 1178 6 968 0 0.07 0.21 0.19 8177412 1575372 6602040 0 282208 727936 161656 313384 2723296 8386556 0 8386556 0 0 56 0 0 549344 0 221 2113 0 0 0 0 32972 566 296 0 0 311 105 0 0 0 0 199 200 21 21 0 0 0 0 0 0 3 3 0 221 221 0 1 1 110548 2048 0 95159 0 0 0 0 0 0 0 0 0 0 0 0 0 0 0 5 111 0 0 553 523 585 605 320 395 282 81 49 30 1531
20150604 12:31:20 4 0 3 0 0 0 0 92 8 10881 9121 0 968 0 0.06 0.20 0.19 8177412 1577976 6599436 0 282208 730688 161820 314008 2724320 8386556 0 8386556 0 0 696 0 0 551688 0 2150 170 1 0 0 0 32972 566 296 0 0 311 140 0 0 0 0 565 533 514 105 0 0 0 0 0 0 314 314 0 2150 2150 0 1 1 110552 2016 0 95161 0 0 0 0 0 0 0 0 0 0 0 0 0 0 0 5 224 0 0 755 516 590 550 322 396 281 77 49 30 1531
20150604 12:31:30 5 0 4 0 0 0 0 91 9 11413 10212 0 968 0 0.05 0.19 0.19 8177412 1577912 6599500 0 282208 729824 161836 313512 2726368 8386556 0 8386556 0 0 4 0 0 550524 0 2414 246 1 0 0 0 32996 566 296 0 0 311 140 0 0 0 0 647 627 527 120 0 0 0 0 0 0 301 301 0 2414 2414 0 0 0 110557 1984 0 95159 0 0 0 0 0 0 0 0 0 0 0 0 0 0 0 5 296 0 0 648 491 709 548 338 396 281 77 47 30 1531
20150604 12:31:40 7 0 5 0 0 0 0 87 12 11842 13367 0 968 0 0.04 0.19 0.19 8177412 1586392 6591020 0 282208 729080 166428 310700 2726368 8386556 0 8386556 0 0 2320 0 0 549356 0 2647 242 2 0 0 0 37544 566 296 0 0 311 107 0 0 0 0 748 729 574 167 0 0 0 0 0 0 364 364 0 2647 2647 0 0 0 112118 1984 0 95936 0 0 0 0 0 0 0 0 0 0 0 0 0 0 0 13 321 0 0 340 830 608 403 332 396 282 78 45 29 1531
20150604 12:31:50 4 0 3 1 0 0 0 92 8 10042 9230 0 968 5 0.11 0.20 0.19 8177412 1589852 6587560 0 282208 730660 164156 310976 2726368 8386556 0 8386556 0 0 4496 0 0 551024 0 2924 98 0 0 0 0 35228 566 296 0 0 311 163 0 0 0 0 565 492 388 121 0 0 0 0 0 0 315 315 0 2918 2918 0 185 185 113618 1984 0 96684 0 0 0 0 0 0 0 0 0 0 0 0 0 0 0 11 239 0 0 158 416 427 470 343 396 282 79 45 29 1531
20150604 12:32:00 6 0 5 0 0 0 0 88 11 12470 13063 0 968 6 0.09 0.19 0.19 8177412 1595728 6581684 0 282208 730572 165956 312580 2727424 8386556 0 8386556 0 0 5060 0 0 551280 0 3073 211 1 0 0 0 36732 566 296 0 0 311 221 0 0 0 0 713 718 563 178 0 0 0 0 0 0 373 373 0 3076 3076 0 27 27 114728 1984 0 97239 0 0 0 0 0 0 0 0 0 0 0 0 0 0 0 10 306 0 0 86 221 248 411 347 397 282 79 45 29 1531
20150604 12:32:10 8 0 6 1 0 0 0 85 14 13243 15169 7 968 0 0.40 0.25 0.21 8177412 1607384 6570028 0 282208 733676 167816 313080 2730528 8386556 0 8386556 0 0 3248 0 0 553456 0 4296 2438 2 0 0 0 38156 566 296 0 0 311 104 0 0 0 0 842 773 720 183 0 0 0 0 0 0 435 435 0 4298 4298 0 120 120 116043 1984 0 97893 0 0 0 0 0 0 0 0 0 0 0 0 0 0 0 12 343 0 0 87 198 230 250 286 390 284 80 45 30 1530
20150604 12:32:20 2 0 2 0 0 0 0 96 4 8057 4512 0 968 0 0.42 0.26 0.21 8177412 1608952 6568460 0 282212 734416 167028 313760 2730528 8386556 0 8386556 0 0 3304 0 0 554384 0 1832 51 0 0 0 0 36552 566 296 0 0 311 140 0 0 0 0 300 283 64 70 0 0 0 0 0 0 170 170 0 1794 1794 0 168 168 117451 1984 0 98543 0 0 0 0 0 0 0 0 0 0 0 0 0 0 0 10 148 0 0 87 167 227 263 259 389 284 80 45 30 1530
20150604 12:32:30 2 0 2 0 0 0 0 96 4 7501 4357 0 964 0 0.35 0.25 0.21 8177412 1616256 6561156 0 282212 735568 170656 314236 2730528 8386556 0 8386556 0 0 1032 0 0 555396 0 1432 55 0 0 0 0 39212 564 294 0 2 309 114 0 0 0 0 278 257 63 73 0 0 0 0 0 0 127 127 0 1362 1362 0 77 77 118859 1984 0 99293 0 0 0 0 0 0 0 0 0 0 0 0 0 0 0 10 138 0 0 85 167 223 151 209 388 283 80 45 30 1530
20150604 12:32:40 2 0 2 0 0 0 0 95 4 7868 4468 0 964 0 0.59 0.31 0.23 8177412 1625640 6551772 0 282212 736908 174824 313012 2730528 8386556 0 8386556 0 0 1048 0 0 556548 0 1242 59 0 0 0 0 42264 564 294 0 2 309 105 0 0 0 0 301 292 65 83 0 0 0 0 0 0 140 140 0 1348 1348 0 87 87 120605 1984 0 100172 0 0 0 0 0 0 0 0 0 0 0 0 0 0 0 10 151 0 0 85 137 191 71 140 379 281 80 45 30 1530
20150604 12:32:50 2 0 2 2 0 0 0 94 4 8028 4352 1 964 0 0.66 0.33 0.24 8177412 1627208 6550204 0 282212 737592 171096 314076 2730524 8386556 0 8386556 0 0 1132 0 0 557520 0 2217 357 0 0 0 0 37520 564 294 0 2 309 108 0 0 0 0 301 281 68 77 0 0 0 0 0 0 174 174 0 2145 2145 0 206 206 122057 1984 0 100892 0 0 0 0 0 0 0 0 0 0 0 0 0 0 0 9 156 0 0 93 108 146 189 145 351 282 78 45 30 1530
20150604 12:33:00 4 0 4 1 0 0 0 91 9 10413 9568 0 963 8 0.56 0.32 0.23 8177412 1641472 6535940 0 282216 740712 175688 317604 2734624 8386556 0 8386556 0 0 2328 0 0 560580 0 2572 214 1 0 0 0 41092 564 294 0 2 309 189 0 0 0 0 587 499 440 127 0 0 0 0 0 0 328 328 0 2642 2642 0 57 57 123871 1984 0 101802 0 0 0 0 0 0 0 0 0 0 0 0 0 0 0 9 239 0 0 87 93 86 36 94 345 281 78 45 30 1529
20150604 12:33:10 4 0 3 1 0 0 0 91 8 9439 7914 6 963 0 0.47 0.31 0.23 8177412 1653632 6523780 0 282216 739036 184328 317128 2734624 8386556 0 8386556 0 0 4128 0 0 558732 0 1142 2183 1 0 0 0 48624 564 294 0 2 309 105 0 0 0 0 442 459 193 122 0 0 0 0 0 0 177 177 0 1144 1144 0 11 11 125541 1984 0 102636 0 0 0 0 0 0 0 0 0 0 0 0 0 0 0 10 224 0 0 208 196 156 42 29 317 265 80 45 30 1528
20150604 12:33:20 1 0 1 2 0 0 0 96 3 7858 2576 0 963 0 0.47 0.32 0.23 8177412 1642488 6534924 0 282220 735568 175536 317448 2734624 8386556 0 8386556 0 0 264 0 0 555600 0 2864 44 0 0 0 0 39208 564 294 0 2 309 139 0 0 0 0 225 219 43 55 0 0 0 0 0 0 162 162 0 2864 2864 0 252 252 126391 1984 0 103060 0 0 0 0 0 0 0 0 0 0 0 0 0 0 0 6 110 0 0 461 294 205 119 91 326 269 80 45 30 1528
20150604 12:33:30 2 0 2 0 0 0 0 95 5 7881 4507 0 963 0 0.40 0.30 0.23 8177412 1653100 6524312 0 282220 736548 182976 317376 2734624 8386556 0 8386556 0 0 1164 0 0 556520 0 420 56 0 0 0 0 45664 564 294 0 0 309 100 0 0 0 0 322 309 68 77 0 0 0 0 0 0 115 115 0 420 420 0 0 0 127963 1984 0 103846 0 0 0 0 0 0 0 0 0 0 0 0 0 0 0 9 172 0 0 222 278 203 55 27 303 266 80 45 30 1528
20150604 12:33:40 2 0 2 1 0 0 0 95 4 8365 4214 0 963 0 0.41 0.31 0.23 8177412 1652896 6524516 0 282220 733512 179476 320304 2738720 8386556 0 8386556 0 0 332 0 0 553836 0 2070 128 0 0 0 0 41408 564 294 0 0 309 104 0 0 0 0 291 286 62 75 0 0 0 0 0 0 162 162 0 2070 2070 0 167 167 129379 1984 0 104553 0 0 0 0 0 0 0 0 0 0 0 0 0 0 0 11 146 0 0 219 205 208 65 45 301 265 80 45 30 1528
20150604 12:33:50 2 0 2 0 0 0 0 96 3 7998 3194 0 963 0 0.35 0.30 0.23 8177412 1646912 6530500 0 282220 725448 178636 319564 2738720 8386556 0 8386556 0 0 916 0 0 546288 0 1639 73 1 0 0 0 39712 564 294 0 0 309 139 0 0 0 0 304 298 57 69 0 0 0 0 0 0 126 126 0 1529 1529 0 140 140 130408 1984 0 105035 0 0 0 0 0 0 0 0 0 0 0 0 0 0 0 9 163 0 0 527 406 250 182 76 280 263 80 45 30 1528
20150604 12:34:00 2 0 2 0 0 0 0 95 4 7614 4764 0 963 0 0.30 0.29 0.23 8177412 1650992 6526420 0 282220 722696 182164 320444 2738720 8386556 0 8386556 0 0 220 0 0 543800 0 1446 58 0 0 0 0 42344 564 294 0 0 309 105 0 0 0 0 295 284 65 73 0 0 0 0 0 0 190 190 0 1557 1557 0 88 88 132043 1984 0 105882 0 0 0 0 0 0 0 0 0 0 0 0 0 0 0 8 156 0 0 657 689 286 113 53 264 258 80 45 30 1528
20150604 12:34:10 4 0 3 1 0 0 0 92 7 9036 6676 6 961 4 0.25 0.28 0.22 8177412 1656312 6521100 0 282220 716892 186716 323072 2741792 8386556 0 8386556 0 0 2616 0 0 538000 0 1225 2269 1 0 0 0 46044 563 293 0 1 308 193 0 0 0 0 423 410 187 104 0 0 0 0 0 0 169 169 0 1225 1225 0 1 1 133504 2016 0 106612 0 0 0 0 0 0 0 0 0 0 0 0 0 0 0 14 194 0 0 282 912 404 145 66 253 227 80 45 30 1528
20150604 12:34:20 3 0 2 4 0 0 0 90 6 9792 7374 0 962 0 0.53 0.34 0.24 8177412 1654024 6523388 0 282220 713508 183884 323104 2741792 8386556 0 8386556 0 0 52 0 0 534900 0 3566 120 1 0 0 0 42516 563 293 0 1 308 116 0 0 0 0 532 404 413 101 0 0 0 0 0 0 291 291 0 3537 3537 0 227 227 134868 2016 0 107234 0 0 0 0 0 0 0 0 0 0 0 0 0 0 0 10 192 0 0 417 769 461 156 103 260 221 79 45 30 1528
20150604 12:34:30 2 0 2 0 0 0 0 96 4 7373 3548 0 962 0 0.44 0.33 0.24 8177412 1662968 6514444 0 282220 714312 190500 323816 2741792 8386556 0 8386556 0 0 856 0 0 535860 0 319 52 0 0 0 0 48400 562 292 0 2 307 104 0 0 0 0 270 262 53 66 0 0 0 0 0 0 83 83 0 348 348 0 0 0 136108 2016 0 107911 0 0 0 0 0 0 0 0 0 0 0 0 0 0 0 10 145 0 0 436 790 468 143 68 251 203 78 45 30 1528
20150604 12:34:40 6 0 5 1 0 0 0 88 11 12172 12845 0 962 0 0.38 0.32 0.24 8177412 1674528 6502884 0 282220 722868 189856 326416 2744000 8386556 0 8386556 0 0 696 0 0 544024 0 3738 191 0 0 0 0 46872 562 292 0 2 307 154 0 0 0 0 706 666 564 166 0 0 0 0 0 0 439 439 0 3583 3583 0 133 133 137294 2016 0 108498 0 0 0 0 0 0 0 0 0 0 0 0 0 0 0 9 298 0 0 86 127 295 191 87 254 188 75 45 30 1528
20150604 12:34:50 3 0 2 2 0 0 0 94 4 8652 4877 0 962 0 0.32 0.31 0.24 8177412 1673248 6504164 0 282220 719700 187724 325404 2744000 8386556 0 8386556 0 0 640 0 0 540732 0 2342 82 1 0 0 0 43720 562 292 0 2 307 116 0 0 0 0 309 301 68 80 0 0 0 0 0 0 213 213 0 2419 2419 0 182 182 138941 2016 0 109301 0 0 0 0 0 0 0 0 0 0 0 0 0 0 0 9 166 0 0 598 302 306 119 94 259 190 71 45 30 1528
20150604 12:35:00 5 0 4 0 0 0 0 91 9 10120 9972 0 962 1 0.51 0.35 0.25 8177412 1691632 6485780 0 282220 725560 193144 330196 2748224 8386556 0 8386556 0 0 3788 0 0 546576 0 2160 207 0 0 0 0 47932 562 292 0 2 307 197 0 0 0 0 575 495 422 129 0 0 0 0 0 0 331 331 0 2237 2237 0 45 45 140846 2016 0 110280 0 0 0 0 0 0 0 0 0 0 0 0 0 0 0 9 226 0 0 85 93 82 100 78 248 179 61 45 30 1528
20150604 12:35:10 8 0 6 2 0 1 0 84 14 13734 15444 7 962 0 0.50 0.35 0.25 8177412 1706504 6470908 0 282220 727760 193656 336488 2754496 8386556 0 8386556 0 0 4872 0 0 548824 0 4081 2539 1 0 0 0 47536 562 292 0 1 307 104 0 0 0 0 856 817 695 197 0 0 0 0 0 0 500 500 0 4081 4081 0 119 119 141972 2016 0 110847 0 0 0 0 0 0 0 0 0 0 0 0 0 0 0 15 360 0 0 368 194 124 38 11 200 173 55 45 30 1528
20150604 12:35:20 2 0 1 1 0 0 0 96 3 8056 3728 0 962 0 0.43 0.34 0.25 8177412 1708108 6469304 0 282224 728804 192592 337108 2754496 8386556 0 8386556 0 0 5432 0 0 549580 0 1825 68 0 0 0 0 45820 562 292 0 0 307 128 0 0 0 0 283 268 62 65 0 0 0 0 0 0 148 148 0 1675 1675 0 164 164 143200 2016 0 111439 0 0 0 0 0 0 0 0 0 0 0 0 0 0 0 7 142 0 0 268 177 116 58 23 201 174 49 45 30 1528
20150604 12:35:30 4 0 4 1 0 0 0 90 8 10386 8999 0 962 3 0.43 0.34 0.25 8177412 1717892 6459520 0 282224 729292 197000 339088 2756544 8386556 0 8386556 0 0 2636 0 0 550184 0 2749 180 1 0 0 0 49012 562 292 0 0 307 199 0 0 0 0 558 493 368 125 0 0 0 0 0 0 322 322 0 2892 2892 0 55 55 145004 2016 0 112363 0 0 0 0 0 0 0 0 0 0 0 0 0 0 0 14 233 0 0 298 232 132 72 29 194 175 40 41 29 1528
20150604 12:35:40 4 0 3 0 0 0 0 92 8 10287 8477 0 962 0 0.37 0.33 0.25 8177412 1723552 6453860 0 282224 729296 196836 340164 2758592 8386556 0 8386556 0 0 1040 0 0 549872 0 2576 179 1 0 0 0 48028 562 292 0 0 307 104 0 0 0 0 516 535 268 132 0 0 0 0 0 0 244 244 0 2582 2582 0 78 78 146266 2016 0 112992 0 0 0 0 0 0 0 0 0 0 0 0 0 0 0 14 250 0 0 403 183 126 71 40 192 174 39 42 28 1527
20150604 12:35:50 2 0 1 1 0 0 0 96 3 7439 3930 0 962 0 0.39 0.34 0.25 8177412 1725800 6451612 0 282224 730448 196164 340556 2758592 8386556 0 8386556 0 0 484 0 0 550880 0 1932 48 0 0 0 0 46512 562 292 0 0 307 172 0 0 0 0 270 255 57 65 0 0 0 0 0 0 173 173 0 1901 1901 0 190 190 147394 2016 0 113550 0 0 0 0 0 0 0 0 0 0 0 0 0 0 0 11 126 0 0 203 196 142 65 37 188 174 37 42 28 1527
20150604 12:36:00 9 0 7 1 0 0 0 83 16 14721 18279 0 963 0 0.55 0.38 0.26 8177412 1750492 6426920 0 282228 737304 203972 348328 2765756 8386556 0 8386556 0 0 2876 0 0 557028 0 4479 540 2 0 0 0 52892 562 292 0 0 307 139 0 0 0 0 1073 884 1029 214 0 0 0 0 0 0 608 608 0 4509 4509 0 34 34 149161 2016 0 114437 0 0 0 0 0 0 0 0 0 0 0 0 0 0 0 11 404 0 0 85 93 77 34 14 140 173 32 37 29 1525
20150604 12:36:10 3 0 2 0 0 0 0 94 5 7652 4543 6 963 0 0.55 0.38 0.27 8177412 1761124 6416288 0 282232 738536 208768 348524 2765760 8386556 0 8386556 0 0 2996 0 0 558144 0 997 2139 0 0 0 0 56824 562 292 0 0 307 139 0 0 0 0 322 309 69 78 0 0 0 0 0 0 126 126 0 997 997 0 66 66 150751 2016 0 115234 0 0 0 0 0 0 0 0 0 0 0 0 0 0 0 12 169 0 0 226 169 119 45 17 133 176 33 34 30 1522
20150604 12:36:20 2 0 2 3 0 0 0 93 4 8123 4732 0 963 0 0.46 0.37 0.26 8177412 1754856 6422556 0 282236 735288 202532 348456 2765760 8386556 0 8386556 0 0 996 0 0 555424 0 2826 54 0 0 0 0 49764 562 292 0 0 307 222 0 0 0 0 327 299 91 77 0 0 0 0 0 0 203 203 0 2676 2676 0 233 233 152225 2016 0 115946 0 0 0 0 0 0 0 0 0 0 0 0 0 0 0 10 157 0 0 622 267 132 74 42 148 178 33 35 31 1521
20150604 12:36:30 8 0 6 1 0 0 0 85 15 14043 16014 0 963 4 0.47 0.37 0.27 8177412 1766144 6411268 0 282236 739596 203384 352872 2769856 8386556 0 8386556 0 0 1492 0 0 558908 0 4146 456 2 0 0 0 49744 562 292 0 0 307 254 0 0 0 0 899 846 764 205 0 0 0 0 0 0 527 527 0 4297 4297 0 33 33 153328 2016 0 116501 0 0 0 0 0 0 0 0 0 0 0 0 0 0 0 13 382 0 0 323 213 153 61 33 121 176 31 35 29 1521
20150604 12:36:40 8 0 6 2 0 0 0 84 14 14347 16926 0 963 0 0.47 0.38 0.27 8177412 1785972 6391440 0 282236 752084 206388 353920 2770912 8386556 0 8386556 0 0 3832 0 0 571252 0 4313 210 1 0 0 0 51576 562 292 0 0 307 104 0 0 0 0 932 860 824 207 0 0 0 0 0 0 541 541 0 4313 4313 0 103 103 154826 2016 0 117268 0 0 0 0 0 0 0 0 0 0 0 0 0 0 0 12 362 0 0 85 94 78 25 15 82 175 31 36 28 1519
20150604 12:36:50 2 0 2 1 0 0 0 95 4 7428 3904 0 963 0 0.48 0.38 0.27 8177412 1786648 6390764 0 282236 749040 206880 355356 2772960 8386556 0 8386556 0 0 1088 0 0 568336 0 2285 94 0 0 0 0 51164 562 292 0 0 307 104 0 0 0 0 261 248 58 69 0 0 0 0 0 0 149 149 0 1855 1855 0 183 183 156206 2016 0 117957 0 0 0 0 0 0 0 0 0 0 0 0 0 0 0 8 131 0 0 87 273 106 84 21 79 175 30 34 27 1519
20150604 12:37:00 2 0 2 0 0 0 0 95 4 7916 4643 0 963 0 0.41 0.37 0.27 8177412 1793060 6384352 0 282236 750000 209064 354592 2772960 8386556 0 8386556 0 0 516 0 0 569436 0 1371 56 0 0 0 0 52340 562 292 0 0 307 106 0 0 0 0 335 321 70 81 0 0 0 0 0 0 198 198 0 1801 1801 0 82 82 157778 1984 0 118743 0 0 0 0 0 0 0 0 0 0 0 0 0 0 0 10 186 0 0 86 194 104 45 23 74 176 32 35 24 1519
20150604 12:37:10 2 0 2 0 0 0 0 96 4 7641 3656 6 963 0 0.34 0.36 0.26 8177412 1805340 6372072 0 282240 747096 215692 359048 2776032 8386556 0 8386556 0 0 1432 0 0 566756 0 292 2221 0 0 0 0 58196 562 292 0 0 307 104 0 0 0 0 255 244 54 62 0 0 0 0 0 0 75 75 0 292 292 0 1 1 159008 1984 0 119357 0 0 0 0 0 0 0 0 0 0 0 0 0 0 0 8 121 0 0 443 172 99 32 10 59 176 30 34 24 1517
20150604 12:37:20 3 0 2 2 0 0 0 93 6 8048 5073 0 963 2 0.53 0.39 0.28 8177412 1788824 6388588 0 282244 731336 210556 358168 2776032 8386556 0 8386556 0 0 88 0 0 551392 0 3495 260 2 0 0 0 51872 562 292 0 0 307 138 0 0 0 0 319 299 70 82 0 0 0 0 0 0 243 243 0 3251 3251 0 268 268 160703 1984 0 120198 0 0 0 0 0 0 0 0 0 0 0 0 0 0 0 11 161 0 0 929 605 299 160 51 75 178 30 33 24 1517
20150604 12:37:30 2 0 1 0 0 0 0 97 3 6947 3346 0 963 0 0.52 0.40 0.28 8177412 1796332 6381080 0 282244 732112 215128 359620 2777056 8386556 0 8386556 0 0 944 0 0 552100 0 260 81 0 0 0 0 55848 562 292 0 0 307 138 0 0 0 0 252 243 51 66 0 0 0 0 0 0 90 90 0 503 503 0 0 0 161817 1984 0 120755 0 0 0 0 0 0 0 0 0 0 0 0 0 0 0 8 127 0 0 562 593 305 124 48 67 174 30 34 24 1516
20150604 12:37:40 4 0 3 2 0 0 0 91 8 10960 9472 1 963 0 0.44 0.38 0.28 8177412 1800900 6376512 0 282248 734384 214000 360424 2778080 8386556 0 8386556 0 0 412 0 0 554168 0 3194 435 1 0 0 0 53736 562 292 0 0 307 116 0 0 0 0 663 507 531 122 0 0 0 0 0 0 314 314 0 3009 3009 0 102 102 163237 1984 0 121449 0 0 0 0 0 0 0 0 0 0 0 0 0 0 0 11 244 0 0 274 235 301 163 67 68 176 31 34 24 1515
20150604 12:37:50 2 0 2 1 0 0 0 95 4 7712 4493 0 963 0 0.37 0.37 0.27 8177412 1801956 6375456 0 282248 731496 215028 359852 2778080 8386556 0 8386556 0 0 1308 0 0 551500 0 2171 57 0 0 0 0 53768 562 292 0 0 307 106 0 0 0 0 269 260 60 73 0 0 0 0 0 0 185 185 0 2070 2070 0 210 210 164861 1984 0 122275 0 0 0 0 0 0 0 0 0 0 0 0 0 0 0 11 131 0 0 396 361 367 204 61 69 174 29 35 24 1514
20150604 12:38:00 3 0 2 0 0 0 0 95 5 8752 5697 0 963 2 0.39 0.38 0.28 8177412 1807452 6369960 0 282248 734804 216588 360476 2778080 8386556 0 8386556 0 0 2712 0 0 554824 0 1237 81 0 0 0 0 54668 562 292 0 0 307 213 0 0 0 0 403 383 233 87 0 0 0 0 0 0 181 181 0 1520 1520 0 19 19 165721 1952 0 122705 0 0 0 0 0 0 0 0 0 0 0 0 0 0 0 7 180 0 0 86 343 282 209 64 66 175 29 34 23 1514
20150604 12:38:10 10 0 7 1 0 0 0 81 18 14724 18431 6 963 0 0.33 0.36 0.27 8177412 1826340 6351072 0 282252 735920 221252 368068 2785408 8386556 0 8386556 0 0 3892 0 0 555960 0 4552 2479 1 0 0 0 58516 562 292 0 0 307 105 0 0 0 0 987 909 881 227 0 0 0 0 0 0 613 613 0 4556 4556 0 62 62 167245 2016 0 123466 0 0 0 0 0 0 0 0 0 0 0 0 0 0 0 13 398 0 0 594 443 184 103 30 18 175 31 33 21 1513
20150604 12:38:20 5 0 4 1 0 0 0 91 9 10442 9537 0 963 6 0.60 0.42 0.29 8177412 1835396 6342016 0 282260 738368 219372 373212 2790656 8386556 0 8386556 0 0 4676 0 0 558148 0 3699 272 1 0 0 0 55932 562 292 0 0 307 232 0 0 0 0 639 517 533 127 0 0 0 0 0 0 359 359 0 3455 3455 0 179 179 168699 2016 0 124192 0 0 0 0 0 0 0 0 0 0 0 0 0 0 0 7 244 0 0 571 324 111 46 53 18 166 29 32 20 1513
20150604 12:38:30 4 0 3 3 0 0 0 91 7 9331 7471 0 963 3 0.51 0.40 0.29 8177412 1847096 6330316 0 282260 741368 224024 375484 2792704 8386556 0 8386556 0 0 2256 0 0 560964 0 1847 144 0 0 0 0 59164 562 292 0 0 307 181 0 0 0 0 398 396 172 106 0 0 0 0 0 0 239 239 0 2088 2088 0 50 50 170311 2016 0 124999 0 0 0 0 0 0 0 0 0 0 0 0 0 0 0 10 201 0 0 83 134 109 70 40 3 166 30 33 18 1512
20150604 12:38:40 6 0 4 1 0 0 0 88 11 12982 13602 0 963 4 0.51 0.41 0.29 8177412 1851276 6326136 0 282260 740972 220828 380196 2797856 8386556 0 8386556 0 0 1136 0 0 560876 0 4280 276 1 0 0 0 55248 562 292 0 0 307 232 0 0 0 0 910 684 901 160 0 0 0 0 0 0 483 483 0 4162 4162 0 60 60 171449 2016 0 125556 0 0 0 0 0 0 0 0 0 0 0 0 0 0 0 7 318 0 0 411 223 175 107 63 9 148 29 32 18 1511
20150604 12:38:50 2 0 2 2 0 0 0 94 4 8212 4200 0 963 0 0.58 0.43 0.30 8177412 1857568 6319844 0 282260 741428 223012 381148 2798880 8386556 0 8386556 0 0 624 0 0 561236 0 1940 91 0 0 0 0 56720 562 292 0 0 307 202 0 0 0 0 285 279 60 75 0 0 0 0 0 0 177 177 0 2007 2007 0 209 209 172896 2016 0 126236 0 0 0 0 0 0 0 0 0 0 0 0 0 0 0 11 139 0 0 120 202 149 49 22 10 147 30 31 18 1511
20150604 12:39:00 2 0 2 0 0 0 0 96 4 8037 3952 0 963 0 0.49 0.41 0.30 8177412 1862756 6314656 0 282260 738448 228008 382428 2800032 8386556 0 8386556 0 0 1668 0 0 558416 0 754 74 0 0 0 0 60800 562 292 0 0 307 140 0 0 0 0 274 266 55 71 0 0 0 0 0 0 114 114 0 809 809 0 35 35 174241 2016 0 126961 0 0 0 0 0 0 0 0 0 0 0 0 0 0 0 11 144 0 0 106 230 179 65 26 11 149 30 30 15 1511
20150604 12:39:10 6 0 5 2 0 0 0 86 12 11921 12089 7 964 0 0.58 0.43 0.30 8177412 1873076 6304336 0 282264 741960 227424 383948 2802080 8386556 0 8386556 0 0 1736 0 0 561636 0 3903 2652 1 0 0 0 59300 562 292 0 0 307 106 0 0 0 0 713 633 554 150 0 0 0 0 0 0 426 426 0 3903 3903 0 148 148 175767 2016 0 127725 0 0 0 0 0 0 0 0 0 0 0 0 0 0 0 14 289 0 0 85 94 75 60 28 12 139 31 29 15 1510
20150604 12:39:20 2 0 1 0 0 0 0 96 3 7306 3274 0 964 0 0.49 0.42 0.30 8177412 1874320 6303092 0 282268 742472 227424 384612 2802080 8386556 0 8386556 0 0 2592 0 0 562392 0 1276 47 0 0 0 0 58532 562 292 0 0 307 107 0 0 0 0 263 254 55 68 0 0 0 0 0 0 113 113 0 1187 1187 0 118 118 176920 2016 0 128271 0 0 0 0 0 0 0 0 0 0 0 0 0 0 0 8 131 0 0 106 106 78 71 45 16 140 33 28 15 1509
20150604 12:39:30 2 0 2 0 0 0 0 96 4 8348 4167 0 964 1 0.57 0.44 0.31 8177412 1880884 6296528 0 282268 743688 229864 384196 2802080 8386556 0 8386556 0 0 396 0 0 563488 0 1566 52 0 0 0 0 60176 562 292 0 0 307 189 0 0 0 0 300 277 80 69 0 0 0 0 0 0 168 168 0 1636 1636 0 96 96 178247 2016 0 128949 0 0 0 0 0 0 0 0 0 0 0 0 0 0 0 7 139 0 0 92 93 76 28 23 11 137 29 28 15 1509
20150604 12:39:40 10 0 7 1 0 0 0 82 18 15588 19844 0 964 0 0.55 0.44 0.31 8177412 1906928 6270484 0 282268 754336 236256 390160 2806176 8386556 0 8386556 0 0 10264 0 0 573480 0 3811 352 2 0 0 0 65116 562 292 0 0 307 138 0 0 0 0 1093 972 1026 238 0 0 0 0 0 0 637 637 0 3830 3830 0 0 0 179973 2016 0 129827 0 0 0 0 0 0 0 0 0 0 0 0 0 0 0 13 434 0 0 86 92 78 24 8 5 116 29 26 15 1505
20150604 12:39:50 2 0 1 1 0 0 0 96 4 8376 3604 0 964 3 0.47 0.42 0.31 8177412 1906712 6270700 0 282268 751208 234632 391260 2808224 8386556 0 8386556 0 0 5384 0 0 570728 0 2467 90 0 0 0 0 62848 562 292 0 0 307 143 0 0 0 0 265 259 56 67 0 0 0 0 0 0 168 168 0 2462 2462 0 193 193 181231 2016 0 130405 0 0 0 0 0 0 0 0 0 0 0 0 0 0 0 9 134 0 0 372 205 81 61 29 7 112 32 27 14 1504
20150604 12:40:00 4 0 3 4 0 0 0 88 8 10452 9409 0 964 0 0.40 0.41 0.31 8177412 1911832 6265580 0 282268 753632 235676 390484 2808224 8386556 0 8386556 0 0 2584 0 0 572952 0 3033 126 1 0 0 0 62900 562 292 0 0 307 105 0 0 0 0 621 490 519 112 0 0 0 0 0 0 317 317 0 3038 3038 0 68 68 182315 2016 0 130997 0 0 0 0 0 0 0 0 0 0 0 0 0 0 0 8 232 0 0 88 93 77 56 28 11 111 29 27 15 1503
20150604 12:40:10 2 0 2 2 0 0 0 93 5 7478 4424 6 964 0 0.49 0.43 0.31 8177412 1921972 6255440 0 282268 754788 239404 391752 2808224 8386556 0 8386556 0 0 996 0 0 573828 0 1516 2139 0 0 0 0 65796 562 292 0 0 307 106 0 0 0 0 267 256 62 74 0 0 0 0 0 0 164 164 0 1516 1516 0 109 109 183871 2016 0 131779 0 0 0 0 0 0 0 0 0 0 0 0 0 0 0 8 131 0 0 192 215 112 39 20 13 111 33 26 15 1500
20150604 12:40:20 5 0 4 3 0 0 0 88 8 11086 10124 0 964 1 0.49 0.43 0.32 8177412 1919300 6258112 0 282268 749900 234496 397584 2812448 8386556 0 8386556 0 0 2800 0 0 569988 0 3705 334 2 0 0 0 60156 562 292 0 0 307 215 0 0 0 0 629 509 530 123 0 0 0 0 0 0 380 380 0 3592 3592 0 167 167 185059 1984 0 132337 0 0 0 0 0 0 0 0 0 0 0 0 0 0 0 10 236 0 0 193 217 144 86 57 20 111 32 26 16 1499
20150604 12:40:30 2 0 2 2 0 0 0 93 5 7727 4618 0 964 0 0.41 0.42 0.31 8177412 1920748 6256664 0 282268 742896 239540 395040 2813504 8386556 0 8386556 0 0 1668 0 0 562784 0 1541 170 0 0 0 0 64364 562 292 0 0 307 123 0 0 0 0 310 301 68 78 0 0 0 0 0 0 174 174 0 1595 1595 0 86 86 186571 1984 0 133110 0 0 0 0 0 0 0 0 0 0 0 0 0 0 0 10 163 0 0 807 396 197 57 23 12 114 33 23 16 1499
20150604 12:40:40 7 0 6 4 0 0 0 84 13 12499 13508 0 964 0 0.43 0.42 0.32 8177412 1941324 6236088 0 282268 751952 245640 398452 2815552 8386556 0 8386556 0 0 872 0 0 571600 0 3323 226 0 0 0 0 69304 562 292 0 0 307 106 0 0 0 0 708 690 564 175 0 0 0 0 0 0 460 460 0 3383 3383 0 56 56 188239 1984 0 133955 0 0 0 0 0 0 0 0 0 0 0 0 0 0 0 8 314 0 0 83 228 206 58 22 9 109 30 24 17 1495
20150604 12:40:50 2 0 1 1 0 0 0 96 3 7560 3067 0 964 0 0.36 0.41 0.31 8177412 1932172 6245240 0 282268 744636 241008 398496 2815552 8386556 0 8386556 0 0 1208 0 0 564824 0 1970 45 0 0 0 0 63816 562 292 0 0 307 170 0 0 0 0 237 232 49 65 0 0 0 0 0 0 141 141 0 1807 1807 0 184 184 189253 1984 0 134426 0 0 0 0 0 0 0 0 0 0 0 0 0 0 0 9 114 0 0 437 347 284 131 80 26 108 29 24 18 1494
20150604 12:41:00 0 0 0 2 0 0 0 97 1 7138 1250 0 963 0 0.31 0.39 0.31 8177412 1929944 6247468 0 282276 744756 239188 398728 2815552 8386556 0 8386556 0 0 544 0 0 565008 0 670 37 0 0 0 0 61804 562 292 0 0 307 105 0 0 0 0 206 203 22 29 0 0 0 0 0 0 53 53 0 832 832 0 49 49 189297 1984 0 134478 0 0 0 0 0 0 0 0 0 0 0 0 0 0 0 6 121 0 0 484 366 297 166 84 32 108 29 24 18 1494
20150604 12:41:10 1 0 0 0 0 0 0 99 1 7073 1046 6 963 0 0.26 0.38 0.31 8177412 1932004 6245408 0 282280 744780 238876 398728 2815552 8386556 0 8386556 0 0 172 0 0 565040 0 143 2105 0 0 0 0 61408 562 292 0 0 307 105 0 0 0 0 150 150 16 16 0 0 0 0 0 0 15 15 0 143 143 0 9 9 189297 1984 0 134478 0 0 0 0 0 0 0 0 0 0 0 0 0 0 0 3 76 0 0 493 407 307 118 67 31 109 29 24 18 1494
20150604 12:41:20 0 0 0 0 0 0 0 99 1 6688 985 0 963 0 0.22 0.37 0.30 8177412 1930376 6247036 0 282284 744780 238860 398728 2815552 8386556 0 8386556 0 0 92 0 0 565044 0 125 28 0 0 0 0 61392 562 292 0 0 307 105 0 0 0 0 172 172 18 18 0 0 0 0 0 0 17 17 0 125 125 0 9 9 189297 1984 0 134478 0 0 0 0 0 0 0 0 0 0 0 0 0 0 0 4 95 0 0 540 445 312 135 69 32 109 29 24 18 1494
20150604 12:41:30 0 0 0 0 0 0 0 99 1 7098 942 0 963 0 0.19 0.36 0.30 8177412 1929444 6247968 0 282284 744780 238860 398724 2815552 8386556 0 8386556 0 0 36 0 0 565048 0 10 28 0 0 0 0 61392 562 292 0 0 307 105 0 0 0 0 164 164 18 18 0 0 0 0 0 0 2 2 0 9 9 0 0 0 189297 1984 0 134478 0 0 0 0 0 0 0 0 0 0 0 0 0 0 0 4 89 0 0 556 444 315 153 71 32 109 29 24 18 1494
