################################################################################
# Collectl:   V3.6.0-1  HiRes: 1  Options: -o z -D -P -i 10 -f /mnt/vol2/msevilla/ceph-logs/osd/cpu/ 
# Host:       issdm-40  DaemonOpts: -f /var/log/collectl -r00:00,7 -m -F60 -s+YZ
# Distro:       Platform: H8DMR-82
# Date:       20150604-122924  Secs: 1433446164 TZ: -0700
# SubSys:     bcdfijmnstYZ Options: z Interval: 10:60 NumCPUs: 4  NumBud: 4 Flags: i
# Filters:    NfsFilt:  EnvFilt: 
# HZ:         100  Arch: x86_64-linux-gnu-thread-multi PageSize: 4096
# Cpu:        AuthenticAMD Speed(MHz): 2010.279 Cores: 2  Siblings: 2
# Kernel:     3.4.0-030400-generic  Memory: 8177412 kB  Swap: 8386556 kB
# NumDisks:   5 DiskNames: sda sdb sdc sdd sde
# NumNets:    4 NetNames: eth0:?? eth1:1000 eth2:1000 lo:
# NumSlabs:   132 Version: 2.1
# SCSI:       DA:0:00:00:00 DA:1:00:00:00 DA:2:00:00:00 DA:3:00:00:00 DA:4:00:00:00 CD:6:00:01:00
################################################################################
#Date Time [CPU]User% [CPU]Nice% [CPU]Sys% [CPU]Wait% [CPU]Irq% [CPU]Soft% [CPU]Steal% [CPU]Idle% [CPU]Totl% [CPU]Intrpt/sec [CPU]Ctx/sec [CPU]Proc/sec [CPU]ProcQue [CPU]ProcRun [CPU]L-Avg1 [CPU]L-Avg5 [CPU]L-Avg15 [MEM]Tot [MEM]Used [MEM]Free [MEM]Shared [MEM]Buf [MEM]Cached [MEM]Slab [MEM]Map [MEM]Commit [MEM]SwapTot [MEM]SwapUsed [MEM]SwapFree [MEM]SwapIn [MEM]SwapOut [MEM]Dirty [MEM]Clean [MEM]Laundry [MEM]Inactive [MEM]PageIn [MEM]PageOut [MEM]PageFaults [MEM]PageMajFaults [MEM]HugeTotal [MEM]HugeFree [MEM]HugeRsvd [MEM]SUnreclaim [SOCK]Used [SOCK]Tcp [SOCK]Orph [SOCK]Tw [SOCK]Alloc [SOCK]Mem [SOCK]Udp [SOCK]Raw [SOCK]Frag [SOCK]FragMem [NET]RxPktTot [NET]TxPktTot [NET]RxKBTot [NET]TxKBTot [NET]RxCmpTot [NET]RxMltTot [NET]TxCmpTot [NET]RxErrsTot [NET]TxErrsTot [DSK]ReadTot [DSK]WriteTot [DSK]OpsTot [DSK]ReadKBTot [DSK]WriteKBTot [DSK]KbTot [DSK]ReadMrgTot [DSK]WriteMrgTot [DSK]MrgTot [INODE]NumDentry [INODE]openFiles [INODE]MaxFile% [INODE]used [NFS]ReadsS [NFS]WritesS [NFS]MetaS [NFS]CommitS [NFS]Udp [NFS]Tcp [NFS]TcpConn [NFS]BadAuth [NFS]BadClient [NFS]ReadsC [NFS]WritesC [NFS]MetaC [NFS]CommitC [NFS]Retrans [NFS]AuthRef [TCP]PureAcks [TCP]HPAcks [TCP]Loss [TCP]FTrans [BUD]1Page [BUD]2Pages [BUD]4Pages [BUD]8Pages [BUD]16Pages [BUD]32Pages [BUD]64Pages [BUD]128Pages [BUD]256Pages [BUD]512Pages [BUD]1024Pages
20150604 12:30:10 5 0 4 1 0 0 0 90 9 11236 9797 6 963 0 0.26 0.22 0.17 8177412 2452912 5724500 0 343756 1474792 225720 327292 2745968 8386556 0 8386556 0 0 1852 0 0 892652 0 2334 2317 1 0 0 0 33668 546 292 0 0 303 108 0 0 0 0 622 603 525 118 0 0 0 0 0 0 306 306 0 2334 2334 0 2 2 182248 1952 0 125575 0 0 0 0 0 0 0 0 0 0 0 0 0 0 0 10 260 0 0 1467 530 683 814 782 462 254 135 45 29 1301
20150604 12:30:20 0 0 0 0 0 0 0 99 1 7329 928 0 963 0 0.22 0.21 0.17 8177412 2451228 5726184 0 343756 1474792 225656 327316 2745968 8386556 0 8386556 0 0 1856 0 0 892668 0 11 36 0 0 0 0 33604 546 292 0 0 303 108 0 0 0 0 165 166 18 18 0 0 0 0 0 0 2 2 0 11 11 0 1 1 182248 1952 0 125575 0 0 0 0 0 0 0 0 0 0 0 0 0 0 0 3 85 0 0 1647 591 683 824 782 462 254 135 45 29 1301
20150604 12:30:30 0 0 0 0 0 0 0 99 1 7218 1018 0 963 0 0.18 0.20 0.16 8177412 2450240 5727172 0 343756 1474792 225656 327332 2745968 8386556 0 8386556 0 0 60 0 0 892692 0 183 29 0 0 0 0 33604 546 292 0 0 303 176 0 0 0 0 184 184 20 20 0 0 0 0 0 0 2 2 0 183 183 0 0 0 182248 1952 0 125575 0 0 0 0 0 0 0 0 0 0 0 0 0 0 0 4 101 0 0 1691 639 688 831 782 462 254 135 45 29 1301
20150604 12:30:40 0 0 0 0 0 0 0 100 0 6815 916 0 963 0 0.15 0.20 0.16 8177412 2450336 5727076 0 343756 1474796 225656 327340 2745968 8386556 0 8386556 0 0 64 0 0 892692 0 0 29 0 0 0 0 33604 546 292 0 0 303 109 0 0 0 0 170 170 18 18 0 0 0 0 0 0 0 0 0 0 0 0 0 0 182250 1952 0 125575 0 0 0 0 0 0 0 0 0 0 0 0 0 0 0 4 93 0 0 1647 639 693 831 782 462 254 135 45 29 1301
20150604 12:30:50 0 0 0 0 0 0 0 100 0 6857 875 0 963 0 0.13 0.19 0.16 8177412 2450400 5727012 0 343756 1474796 225656 327336 2745968 8386556 0 8386556 0 0 8 0 0 892696 0 10 28 0 0 0 0 33604 546 292 0 0 303 109 0 0 0 0 151 152 16 16 0 0 0 0 0 0 2 2 0 10 10 0 0 0 182252 1952 0 125575 0 0 0 0 0 0 0 0 0 0 0 0 0 0 0 3 81 0 0 1631 639 693 831 782 462 254 135 45 29 1301
20150604 12:31:00 3 0 3 0 0 0 0 94 6 10222 7593 0 963 0 0.11 0.18 0.16 8177412 2457644 5719768 0 343756 1481772 225912 327316 2745968 8386556 0 8386556 0 0 2828 0 0 899332 0 1554 99 0 0 0 0 33796 546 292 0 0 303 143 0 0 0 0 552 477 501 89 0 0 0 0 0 0 228 228 0 1554 1554 0 0 0 182254 1952 0 125576 0 0 0 0 0 0 0 0 0 0 0 0 0 0 0 4 215 0 0 1218 422 644 736 782 462 254 135 45 29 1301
20150604 12:31:10 2 0 2 1 0 0 0 95 5 10004 6049 6 963 0 0.24 0.21 0.17 8177412 2465984 5711428 0 343756 1487556 225876 327040 2746100 8386556 0 8386556 0 0 2064 0 0 904752 0 1556 2157 0 0 0 0 33604 546 292 0 0 303 143 0 0 0 0 547 414 483 66 0 0 0 0 0 0 190 190 0 1556 1556 0 2 2 182254 1952 0 125577 0 0 0 0 0 0 0 0 0 0 0 0 0 0 0 7 192 0 0 915 343 580 642 775 452 251 135 45 29 1301
20150604 12:31:20 2 0 2 0 0 0 0 96 4 8878 5383 0 963 0 0.36 0.24 0.18 8177412 2470696 5706716 0 343756 1493252 226016 327572 2746100 8386556 0 8386556 0 0 2064 0 0 910224 0 1375 64 0 0 0 0 33604 546 292 0 0 303 109 0 0 0 0 486 344 473 55 0 0 0 0 0 0 178 178 0 1375 1375 0 1 1 182256 1952 0 125578 0 0 0 0 0 0 0 0 0 0 0 0 0 0 0 3 161 0 0 1069 327 569 589 745 451 248 134 45 29 1301
20150604 12:31:30 1 0 1 0 0 0 0 98 2 8309 2972 0 963 4 0.38 0.25 0.18 8177412 2470940 5706472 0 343756 1494572 226016 327352 2746100 8386556 0 8386556 0 0 936 0 0 911376 0 560 52 0 0 0 0 33604 546 292 0 0 303 172 0 0 0 0 278 283 117 43 0 0 0 0 0 0 66 66 0 556 556 0 0 0 182256 1952 0 125579 0 0 0 0 0 0 0 0 0 0 0 0 0 0 0 5 135 0 0 1182 373 568 551 745 451 248 134 45 29 1301
20150604 12:31:40 7 0 4 1 0 0 0 88 11 10196 8550 0 963 0 0.40 0.25 0.18 8177412 2559236 5618176 0 343756 1494512 230016 403300 2831020 8386556 0 8386556 0 0 4440 0 0 911496 0 7497 3047 6 0 0 0 37252 546 292 0 0 303 144 0 0 0 0 2314 616 2973 110 0 0 0 0 0 0 262 262 0 7501 7501 0 16 16 183891 1952 0 126390 0 0 0 0 0 0 0 0 0 0 0 0 0 0 0 13 230 0 0 1037 229 573 442 331 367 249 132 43 28 1291
20150604 12:31:50 2 0 2 0 0 0 0 96 4 8070 4302 0 963 0 0.41 0.26 0.19 8177412 2562076 5615336 0 343756 1495576 228900 403232 2831052 8386556 0 8386556 0 0 756 0 0 912380 0 2238 52 0 0 0 0 36112 546 292 0 0 303 116 0 0 0 0 299 286 68 77 0 0 0 0 0 0 141 141 0 2029 2029 0 179 179 185334 1920 0 127058 0 0 0 0 0 0 0 0 0 0 0 0 0 0 0 10 149 0 0 816 220 340 488 335 369 249 132 43 28 1291
20150604 12:32:00 4 0 3 0 0 0 0 93 7 10362 8822 0 963 0 0.35 0.25 0.18 8177412 2570768 5606644 0 343756 1502296 228932 402736 2831052 8386556 0 8386556 0 0 2764 0 0 918880 0 2387 89 0 0 0 0 35844 546 292 0 0 303 176 0 0 0 0 644 475 515 114 0 0 0 0 0 0 318 318 0 2595 2595 0 85 85 186497 1920 0 127681 0 0 0 0 0 0 0 0 0 0 0 0 0 0 0 11 251 0 0 712 148 93 408 319 368 249 132 43 28 1291
20150604 12:32:10 4 0 4 0 0 0 0 91 8 9598 7721 6 963 5 0.29 0.25 0.18 8177412 2572600 5604812 0 343756 1497032 230316 402856 2832108 8386556 0 8386556 0 0 2656 0 0 913660 0 2282 2219 1 0 0 0 36736 546 292 0 0 303 173 0 0 0 0 459 434 263 110 0 0 0 0 0 0 249 249 0 2283 2283 0 63 63 188025 1952 0 128455 0 0 0 0 0 0 0 0 0 0 0 0 0 0 0 11 202 0 0 705 298 104 316 335 353 253 133 42 28 1291
20150604 12:32:20 9 0 6 1 0 0 0 83 16 14196 17174 0 963 0 0.25 0.24 0.18 8177412 2581844 5595568 0 343756 1496268 232144 406164 2836236 8386556 0 8386556 0 0 5908 0 0 912452 0 4787 426 3 0 0 0 37716 546 292 0 0 303 176 0 0 0 0 1015 902 861 212 0 0 0 0 0 0 523 523 0 4201 4201 0 145 145 189581 1920 0 129196 0 0 0 0 0 0 0 0 0 0 0 0 0 0 0 12 416 0 0 776 394 88 143 323 340 248 131 42 28 1291
20150604 12:32:30 6 0 5 2 0 0 0 87 12 11580 12409 0 957 0 0.36 0.26 0.19 8177412 2596636 5580776 0 343756 1500308 237360 408492 2838284 8386556 0 8386556 0 0 1556 0 0 916064 0 3719 220 1 0 0 0 41560 543 289 0 3 300 108 0 0 0 0 716 644 561 164 0 0 0 0 0 0 464 464 0 4305 4305 0 85 85 191283 1920 0 130080 0 0 0 0 0 0 0 0 0 0 0 0 0 0 0 11 296 0 0 954 251 71 33 251 326 248 131 42 28 1290
20150604 12:32:40 2 0 2 0 0 0 0 96 4 7926 4485 0 957 0 0.30 0.25 0.19 8177412 2608992 5568420 0 343756 1501280 246144 409084 2838284 8386556 0 8386556 0 0 2620 0 0 917132 0 378 56 0 0 0 0 49352 543 289 0 3 300 143 0 0 0 0 308 294 68 83 0 0 0 0 0 0 114 114 0 378 378 0 0 0 192885 1920 0 130881 0 0 0 0 0 0 0 0 0 0 0 0 0 0 0 9 156 0 0 741 271 82 40 97 308 248 131 42 28 1290
20150604 12:32:50 2 0 2 2 0 0 0 94 4 8220 4562 0 957 0 0.26 0.25 0.19 8177412 2606836 5570576 0 343756 1502332 239024 408792 2838284 8386556 0 8386556 0 0 656 0 0 918176 0 3077 64 0 0 0 0 41444 543 289 0 3 300 142 0 0 0 0 276 270 64 77 0 0 0 0 0 0 193 193 0 2862 2862 0 283 283 194489 1920 0 131682 0 0 0 0 0 0 0 0 0 0 0 0 0 0 0 9 140 0 0 719 170 91 78 129 309 248 131 42 28 1290
20150604 12:33:00 3 0 3 0 0 0 0 94 5 8695 5656 0 957 0 0.22 0.24 0.18 8177412 2610300 5567112 0 343756 1500444 240932 408512 2838284 8386556 0 8386556 0 0 2784 0 0 916436 0 1475 70 0 0 0 0 42336 543 289 0 3 300 177 0 0 0 0 350 345 111 94 0 0 0 0 0 0 204 204 0 1690 1690 0 84 84 196169 1920 0 132522 0 0 0 0 0 0 0 0 0 0 0 0 0 0 0 8 179 0 0 761 203 120 71 61 309 248 131 42 28 1290
20150604 12:33:10 4 0 3 2 0 0 0 90 8 10494 8436 6 957 0 0.34 0.26 0.19 8177412 2616860 5560552 0 343756 1502540 240108 409648 2838284 8386556 0 8386556 0 0 488 0 0 918788 0 3484 2174 0 0 0 0 40332 543 289 0 3 300 109 0 0 0 0 627 460 487 111 0 0 0 0 0 0 360 360 0 3484 3484 0 168 168 197797 1952 0 133335 0 0 0 0 0 0 0 0 0 0 0 0 0 0 0 10 242 0 0 855 218 86 137 31 258 248 131 42 28 1290
20150604 12:33:20 1 0 1 0 0 0 0 97 3 7467 2812 0 957 0 0.29 0.25 0.19 8177412 2616252 5561160 0 343756 1498808 242472 410540 2838284 8386556 0 8386556 0 0 1152 0 0 915336 0 631 50 0 0 0 0 42072 543 289 0 3 300 143 0 0 0 0 229 223 43 58 0 0 0 0 0 0 66 66 0 422 422 0 47 47 198643 1952 0 133757 0 0 0 0 0 0 0 0 0 0 0 0 0 0 0 5 116 0 0 938 261 135 171 38 238 248 131 42 28 1290
20150604 12:33:30 2 0 2 0 0 0 0 96 4 8186 4182 0 957 1 0.25 0.25 0.19 8177412 2618428 5558984 0 343756 1499576 241996 409480 2838284 8386556 0 8386556 0 0 288 0 0 916144 0 1852 51 0 0 0 0 40736 543 289 0 0 300 125 0 0 0 0 314 294 70 71 0 0 0 0 0 0 185 185 0 2001 2001 0 152 152 199950 1952 0 134384 0 0 0 0 0 0 0 0 0 0 0 0 0 0 0 9 159 0 0 812 261 136 152 44 225 248 131 42 28 1290
20150604 12:33:40 6 0 2 0 0 0 0 90 9 7970 5079 0 957 0 0.21 0.24 0.19 8177412 2636436 5540976 0 343756 1500384 248104 415772 2840332 8386556 0 8386556 0 0 4608 0 0 917120 0 6904 1484 7 0 0 0 45468 543 289 0 0 300 110 0 0 0 0 2022 475 2585 94 0 0 0 0 0 0 132 132 0 6964 6964 0 0 0 201793 1952 0 135328 0 0 0 0 0 0 0 0 0 0 0 0 0 0 0 11 170 0 0 1474 291 94 154 51 122 240 133 42 29 1288
20150604 12:33:50 2 0 1 1 0 0 0 96 3 7906 3475 0 957 3 0.18 0.23 0.18 8177412 2638152 5539260 0 343756 1496300 250516 416112 2841356 8386556 0 8386556 0 0 808 0 0 913460 0 2125 100 1 0 0 0 47224 543 289 0 0 300 108 0 0 0 0 249 246 53 66 0 0 0 0 0 0 119 119 0 1768 1768 0 167 167 202975 1952 0 135918 0 0 0 0 0 0 0 0 0 0 0 0 0 0 0 5 115 0 0 1201 499 164 221 68 100 224 133 42 29 1288
20150604 12:34:00 3 0 3 4 0 0 0 89 6 8629 6504 0 957 7 0.44 0.29 0.20 8177412 2642420 5534992 0 343756 1499176 250180 415964 2841356 8386556 0 8386556 0 0 2336 0 0 915888 0 1955 84 0 0 0 0 46124 543 289 0 0 300 496 0 0 0 0 422 383 191 99 0 0 0 0 0 0 242 242 0 2311 2311 0 103 103 204545 1952 0 136704 0 0 0 0 0 0 0 0 0 0 0 0 0 0 0 9 197 0 0 819 517 168 211 64 86 222 133 42 29 1288
20150604 12:34:10 5 0 3 1 0 0 0 92 8 10054 8062 6 957 0 0.45 0.29 0.21 8177412 2649996 5527416 0 343756 1495440 256192 416136 2841356 8386556 0 8386556 0 0 1560 0 0 912168 0 2155 2198 1 0 0 0 51008 543 289 0 0 300 109 0 0 0 0 594 468 420 115 0 0 0 0 0 0 277 277 0 2156 2156 0 42 42 206159 1952 0 137510 0 0 0 0 0 0 0 0 0 0 0 0 0 0 0 12 233 0 0 1037 293 265 231 52 69 199 133 42 29 1288
20150604 12:34:20 2 0 2 1 0 0 0 94 4 8458 4845 0 957 0 0.45 0.30 0.21 8177412 2648240 5529172 0 343756 1492852 254352 416364 2841356 8386556 0 8386556 0 0 1064 0 0 910048 0 2220 59 0 0 0 0 48300 543 289 0 0 300 108 0 0 0 0 304 294 68 82 0 0 0 0 0 0 156 156 0 2007 2007 0 192 192 207811 1952 0 138335 0 0 0 0 0 0 0 0 0 0 0 0 0 0 0 11 157 0 0 1249 385 317 283 57 62 192 133 42 29 1288
20150604 12:34:30 2 0 2 1 0 0 0 96 4 7699 3862 0 958 0 0.38 0.29 0.21 8177412 2645836 5531576 0 343756 1489672 253096 416160 2841356 8386556 0 8386556 0 0 1116 0 0 906972 0 1545 52 0 0 0 0 46000 542 288 0 1 299 108 0 0 0 0 268 254 56 66 0 0 0 0 0 0 159 159 0 1758 1758 0 131 131 209065 1952 0 138960 0 0 0 0 0 0 0 0 0 0 0 0 0 0 0 8 141 0 0 1394 438 360 272 80 66 190 132 42 29 1288
20150604 12:34:40 2 0 2 0 0 0 0 96 4 7810 4318 0 958 0 0.33 0.28 0.21 8177412 2650248 5527164 0 343756 1486520 256772 418028 2842380 8386556 0 8386556 0 0 856 0 0 904176 0 1324 88 0 0 0 0 48840 542 288 0 1 299 108 0 0 0 0 283 267 64 76 0 0 0 0 0 0 140 140 0 1324 1324 0 88 88 210631 1952 0 139742 0 0 0 0 0 0 0 0 0 0 0 0 0 0 0 6 139 0 0 1191 618 386 291 74 68 179 126 42 29 1288
20150604 12:34:50 2 0 2 0 0 0 0 96 4 8144 4020 0 958 0 0.28 0.27 0.20 8177412 2655616 5521796 0 343756 1487608 258884 417512 2842380 8386556 0 8386556 0 0 1000 0 0 905256 0 1593 55 0 0 0 0 49948 542 288 0 1 299 109 0 0 0 0 280 276 63 77 0 0 0 0 0 0 125 125 0 1339 1339 0 131 131 212175 1952 0 140514 0 0 0 0 0 0 0 0 0 0 0 0 0 0 0 9 136 0 0 1162 554 394 325 84 68 167 119 42 29 1288
20150604 12:35:00 2 0 2 1 0 0 0 94 5 7384 5202 0 958 0 0.39 0.30 0.21 8177412 2661784 5515628 0 343756 1488760 258272 419476 2844556 8386556 0 8386556 0 0 840 0 0 906440 0 2150 101 0 0 0 0 48160 542 288 0 1 299 108 0 0 0 0 319 300 73 85 0 0 0 0 0 0 238 238 0 2404 2404 0 167 167 213953 1952 0 141403 0 0 0 0 0 0 0 0 0 0 0 0 0 0 0 8 166 0 0 897 445 339 294 85 73 159 117 42 29 1288
20150604 12:35:10 2 0 2 0 0 0 0 95 4 7798 3879 7 958 0 0.33 0.29 0.21 8177412 2667588 5509824 0 343756 1485540 261228 419740 2844556 8386556 0 8386556 0 0 772 0 0 903908 0 1012 2237 0 0 0 0 50300 542 288 0 1 299 108 0 0 0 0 293 274 58 72 0 0 0 0 0 0 118 118 0 1012 1012 0 71 71 215191 1920 0 142025 0 0 0 0 0 0 0 0 0 0 0 0 0 0 0 11 147 0 0 1190 474 337 305 87 67 150 110 41 29 1288
20150604 12:35:20 2 0 1 1 0 0 0 96 3 8134 3778 0 958 0 0.28 0.28 0.21 8177412 2668724 5508688 0 343756 1486304 260088 420504 2845580 8386556 0 8386556 0 0 368 0 0 904428 0 1515 77 0 0 0 0 48412 542 288 0 1 299 144 0 0 0 0 286 268 66 65 0 0 0 0 0 0 120 120 0 1278 1278 0 129 129 216301 1920 0 142568 0 0 0 0 0 0 0 0 0 0 0 0 0 0 0 6 139 0 0 1049 425 330 382 111 68 150 110 41 29 1287
20150604 12:35:30 3 0 3 1 0 0 0 94 6 8738 5697 0 958 0 0.31 0.28 0.21 8177412 2677164 5500248 0 343756 1483328 264608 423836 2848684 8386556 0 8386556 0 0 1076 0 0 901300 0 1797 168 1 0 0 0 51796 542 288 0 0 299 142 0 0 0 0 324 320 70 92 0 0 0 0 0 0 218 218 0 2034 2034 0 102 102 218477 1920 0 143667 0 0 0 0 0 0 0 0 0 0 0 0 0 0 0 11 170 0 0 1256 396 322 258 79 66 149 111 40 30 1286
20150604 12:35:40 6 0 3 1 0 0 0 89 10 9711 7615 0 958 2 0.26 0.27 0.21 8177412 2698192 5479220 0 343756 1491716 268264 429564 2849836 8386556 0 8386556 0 0 7804 0 0 909512 0 6748 1066 5 0 0 0 54528 542 288 0 0 299 237 0 0 0 0 2206 603 2801 125 0 0 0 0 0 0 224 224 0 6744 6744 0 6 6 219945 1920 0 144402 0 0 0 0 0 0 0 0 0 0 0 0 0 0 0 12 220 0 0 835 168 319 249 50 65 130 105 41 28 1285
20150604 12:35:50 4 0 3 2 0 0 0 91 8 9859 8760 0 958 0 0.37 0.30 0.22 8177412 2704392 5473020 0 343756 1497340 265744 429132 2850860 8386556 0 8386556 0 0 2320 0 0 915000 0 3850 112 0 0 0 0 50980 542 288 0 0 299 108 0 0 0 0 542 475 366 118 0 0 0 0 0 0 345 345 0 3854 3854 0 238 238 221325 1920 0 145092 0 0 0 0 0 0 0 0 0 0 0 0 0 0 0 10 229 0 0 835 82 250 193 42 55 129 106 40 28 1285
20150604 12:36:00 2 0 2 0 0 0 0 95 5 7834 5370 0 958 0 0.31 0.29 0.22 8177412 2717704 5459708 0 343756 1498456 270636 433100 2855084 8386556 0 8386556 0 0 3500 0 0 916028 0 1395 156 0 0 0 0 54836 542 288 0 0 299 108 0 0 0 0 283 262 69 76 0 0 0 0 0 0 192 192 0 1395 1395 0 93 93 223127 1920 0 145993 0 0 0 0 0 0 0 0 0 0 0 0 0 0 0 9 136 0 0 835 85 3 188 9 47 129 104 41 29 1283
20150604 12:36:10 3 0 2 1 0 0 0 93 5 7841 4841 6 958 0 0.27 0.28 0.22 8177412 2722460 5454952 0 343756 1495608 269380 436284 2857132 8386556 0 8386556 0 0 700 0 0 913632 0 2216 2208 0 0 0 0 52484 542 288 0 0 299 176 0 0 0 0 290 285 66 75 0 0 0 0 0 0 179 179 0 2216 2216 0 150 150 224723 1920 0 146790 0 0 0 0 0 0 0 0 0 0 0 0 0 0 0 8 143 0 0 1210 254 21 141 19 30 129 105 42 28 1282
20150604 12:36:20 2 0 2 0 0 0 0 95 5 7724 4638 0 958 0 0.22 0.27 0.21 8177412 2733140 5444272 0 343756 1496780 276692 436804 2857132 8386556 0 8386556 0 0 2292 0 0 914560 0 524 57 0 0 0 0 58728 542 288 0 0 299 108 0 0 0 0 306 290 68 79 0 0 0 0 0 0 129 129 0 524 524 0 0 0 226377 1920 0 147617 0 0 0 0 0 0 0 0 0 0 0 0 0 0 0 8 157 0 0 972 258 15 140 14 23 129 106 41 28 1280
20150604 12:36:30 2 0 1 1 0 0 0 96 4 7679 3838 0 958 0 0.19 0.26 0.21 8177412 2727324 5450088 0 343756 1492900 269908 438304 2860204 8386556 0 8386556 0 0 492 0 0 911004 0 2926 144 1 0 0 0 51300 542 288 0 0 299 109 0 0 0 0 257 248 52 67 0 0 0 0 0 0 203 203 0 2926 2926 0 260 260 227525 1920 0 148191 0 0 0 0 0 0 0 0 0 0 0 0 0 0 0 9 126 0 0 1461 337 53 106 51 40 129 107 40 28 1280
20150604 12:36:40 2 0 2 0 0 0 0 96 4 7765 4197 0 958 0 0.16 0.25 0.21 8177412 2732164 5445248 0 343756 1489224 275432 438004 2860204 8386556 0 8386556 0 0 896 0 0 907164 0 588 82 1 0 0 0 55892 542 288 0 0 299 110 0 0 0 0 295 279 63 75 0 0 0 0 0 0 98 98 0 588 588 0 0 0 228997 1920 0 148927 0 0 0 0 0 0 0 0 0 0 0 0 0 0 0 9 148 0 0 1304 532 126 98 22 36 129 104 41 28 1279
20150604 12:36:50 4 0 2 1 0 0 0 93 6 7602 3969 0 958 0 0.30 0.28 0.22 8177412 2726472 5450940 0 343756 1483052 273496 438072 2860204 8386556 0 8386556 0 0 0 0 0 900896 0 3668 784 5 0 0 0 53084 542 288 0 0 299 142 0 0 0 0 272 270 59 72 0 0 0 0 0 0 176 176 0 3668 3668 0 221 221 230400 1920 0 149624 0 0 0 0 0 0 0 0 0 0 0 0 0 0 0 10 138 0 0 1549 432 151 85 97 77 127 106 40 30 1277
20150604 12:37:00 2 0 2 0 0 0 0 95 5 8224 5070 0 958 0 0.25 0.27 0.22 8177412 2736696 5440716 0 343756 1484240 278972 438468 2860204 8386556 0 8386556 0 0 1344 0 0 902148 0 1114 58 0 0 0 0 57484 542 288 0 0 299 108 0 0 0 0 316 306 71 82 0 0 0 0 0 0 192 192 0 1114 1114 0 58 58 232100 1920 0 150472 0 0 0 0 0 0 0 0 0 0 0 0 0 0 0 7 169 0 0 1365 438 153 73 49 68 128 104 42 29 1276
20150604 12:37:10 1 0 1 2 0 0 0 95 3 7678 2933 6 958 0 0.21 0.26 0.22 8177412 2736052 5441360 0 343756 1484528 274348 438104 2860200 8386556 0 8386556 0 0 48 0 0 902584 0 1780 2123 0 0 0 0 52360 542 288 0 0 299 179 0 0 0 0 265 246 64 56 0 0 0 0 0 0 107 107 0 1568 1568 0 159 159 232809 1952 0 150813 0 0 0 0 0 0 0 0 0 0 0 0 0 0 0 9 128 0 0 1239 386 157 159 101 65 127 104 42 31 1274
20150604 12:37:20 9 0 7 1 0 1 0 83 16 13960 17922 0 958 6 0.18 0.25 0.21 8177412 2765320 5412092 0 343756 1494428 284072 448356 2865324 8386556 0 8386556 0 0 2032 0 0 911808 0 4063 475 2 0 0 0 60476 542 288 0 0 299 194 0 0 0 0 1007 854 896 216 0 0 0 0 0 0 585 585 0 4169 4169 0 0 0 235301 1952 0 152073 0 0 0 0 0 0 0 0 0 0 0 0 0 0 0 11 394 0 0 1033 288 43 38 12 14 126 104 41 29 1273
20150604 12:37:30 15 0 10 1 0 1 0 74 26 13584 16628 23 958 1 0.63 0.34 0.24 8177412 2774856 5402556 0 343756 1501460 280664 443976 2865356 8386556 0 8386556 0 0 4564 0 0 918176 0 5088 16945 1 0 0 0 56216 543 289 0 0 300 143 0 0 0 0 940 830 727 213 0 0 0 0 0 0 588 588 0 5194 5194 0 238 238 236591 1920 0 152713 0 0 0 0 0 0 0 0 0 0 0 0 0 0 0 12 393 0 0 964 237 116 54 61 42 95 104 42 26 1272
20150604 12:37:40 14 0 5 2 0 0 0 78 20 11869 12793 1 958 0 0.68 0.36 0.25 8177412 2805628 5371784 0 343756 1512584 281948 461480 2887020 8386556 0 8386556 0 0 9224 0 0 929168 0 8578 6994 5 0 0 0 56140 544 290 0 0 301 142 0 0 0 0 2430 803 3067 175 0 0 0 0 0 0 412 412 0 8578 8578 0 65 65 238173 1888 0 153501 0 0 0 0 0 0 0 0 0 0 0 0 0 0 0 13 300 0 0 928 45 5 16 26 17 47 101 43 28 1269
20150604 12:37:50 6 0 4 1 0 0 0 90 10 10503 10622 0 958 3 0.57 0.35 0.25 8177412 2809788 5367624 0 343756 1508708 286536 461384 2887020 8386556 0 8386556 0 0 3240 0 0 925220 0 3775 290 2 0 0 0 59652 544 290 0 0 301 241 0 0 0 0 727 572 611 136 0 0 0 0 0 0 350 350 0 3771 3771 0 78 78 239740 1888 0 154280 0 0 0 0 0 0 0 0 0 0 0 0 0 0 0 12 281 0 0 1154 241 85 96 34 11 42 100 41 29 1267
20150604 12:38:00 6 0 4 3 0 0 0 87 10 12164 11611 1 959 0 0.63 0.37 0.26 8177412 2818180 5359232 0 343756 1511844 285324 465868 2891244 8386556 0 8386556 0 0 1096 0 0 927764 0 4007 574 1 0 0 0 57588 544 290 0 0 301 108 0 0 0 0 634 606 477 143 0 0 0 0 0 0 420 420 0 4011 4011 0 176 176 240736 1888 0 154778 0 0 0 0 0 0 0 0 0 0 0 0 0 0 0 6 279 0 0 1140 205 50 29 53 14 43 98 41 28 1266
20150604 12:38:10 5 0 4 1 0 0 0 91 9 10447 8899 6 959 0 0.62 0.38 0.26 8177412 2828832 5348580 0 343756 1513820 288200 467164 2892268 8386556 0 8386556 0 0 3548 0 0 930096 0 2390 2238 1 0 0 0 59440 544 290 0 0 301 143 0 0 0 0 632 454 521 116 0 0 0 0 0 0 313 313 0 2390 2390 0 50 50 242364 1920 0 155595 0 0 0 0 0 0 0 0 0 0 0 0 0 0 0 10 234 0 0 1571 171 41 37 13 8 38 101 40 28 1264
20150604 12:38:20 2 0 2 1 0 0 0 95 4 7940 4137 0 959 0 0.52 0.36 0.26 8177412 2835312 5342100 0 343756 1514612 291708 466920 2892268 8386556 0 8386556 0 0 1208 0 0 930328 0 1598 55 0 0 0 0 61932 544 290 0 0 301 108 0 0 0 0 266 263 61 74 0 0 0 0 0 0 142 142 0 1598 1598 0 124 124 243866 1920 0 156345 0 0 0 0 0 0 0 0 0 0 0 0 0 0 0 6 132 0 0 1611 179 37 14 17 12 39 100 40 29 1262
20150604 12:38:30 9 0 7 1 0 0 0 82 17 15388 19467 0 959 6 0.44 0.35 0.25 8177412 2850680 5326732 0 343756 1525204 291560 469380 2893292 8386556 0 8386556 0 0 3032 0 0 940368 0 5942 269 2 0 0 0 60536 544 290 0 0 301 243 0 0 0 0 1130 969 1051 237 0 0 0 0 0 0 704 704 0 5938 5938 0 168 168 245668 1920 0 157247 0 0 0 0 0 0 0 0 0 0 0 0 0 0 0 12 436 0 0 991 91 47 30 13 5 26 99 40 27 1261
20150604 12:38:40 7 0 5 1 0 0 0 86 13 12786 14177 0 959 0 0.53 0.37 0.26 8177412 2859388 5318024 0 343756 1529928 292968 468440 2893292 8386556 0 8386556 0 0 4628 0 0 944456 0 3820 197 2 0 0 0 60844 544 290 0 0 301 109 0 0 0 0 796 682 580 180 0 0 0 0 0 0 493 493 0 3824 3824 0 108 108 247100 1920 0 157963 0 0 0 0 0 0 0 0 0 0 0 0 0 0 0 6 327 0 0 992 14 5 37 21 14 8 100 41 26 1260
20150604 12:38:50 7 0 5 1 0 0 0 87 12 12280 13184 0 959 10 0.45 0.36 0.26 8177412 2877052 5300360 0 343756 1538548 295316 473220 2897516 8386556 0 8386556 0 0 5628 0 0 953080 0 3308 249 0 0 0 0 62304 544 290 0 0 301 176 0 0 0 0 746 709 570 179 0 0 0 0 0 0 424 424 0 3308 3308 0 75 75 248516 1920 0 158672 0 0 0 0 0 0 0 0 0 0 0 0 0 0 0 11 326 0 0 992 15 3 5 11 10 5 87 43 25 1258
20150604 12:39:00 3 0 3 1 0 0 0 93 6 9954 6857 0 959 3 0.46 0.37 0.26 8177412 2877544 5299868 0 343756 1538556 293848 473068 2897516 8386556 0 8386556 0 0 1660 0 0 952480 0 3460 110 1 0 0 0 59800 544 290 0 0 301 207 0 0 0 0 493 413 339 103 0 0 0 0 0 0 293 293 0 3446 3446 0 185 185 249651 1920 0 159225 0 0 0 0 0 0 0 0 0 0 0 0 0 0 0 11 204 0 0 1013 18 5 33 29 11 5 86 41 25 1258
20150604 12:39:10 6 0 4 1 0 0 0 89 10 10611 9938 7 959 0 0.54 0.39 0.27 8177412 2893624 5283788 0 343756 1543988 299020 472492 2897516 8386556 0 8386556 0 0 5080 0 0 957992 0 1950 2569 0 0 0 0 63876 544 290 0 0 301 109 0 0 0 0 509 544 286 137 0 0 0 0 0 0 304 304 0 1965 1965 0 57 57 251328 1920 0 160078 0 0 0 0 0 0 0 0 0 0 0 0 0 0 0 13 245 0 0 1067 122 72 39 27 17 12 71 42 28 1253
20150604 12:39:20 3 0 2 0 0 0 0 95 5 8124 5215 0 959 3 0.46 0.37 0.27 8177412 2885028 5292384 0 343756 1541812 301532 462156 2897516 8386556 0 8386556 0 0 1080 0 0 955776 0 2125 100 1 0 0 0 65596 544 290 0 0 301 460 0 0 0 0 380 348 158 92 0 0 0 0 0 0 144 144 0 1848 1848 0 65 65 252583 1920 0 160707 0 0 0 0 0 0 0 0 0 0 0 0 0 0 0 10 169 0 0 1299 99 17 133 56 24 15 75 48 29 1250
20150604 12:39:30 6 0 3 2 0 0 0 88 10 10440 8914 0 959 0 0.46 0.38 0.27 8177412 2886968 5290444 0 343756 1540728 300060 464004 2898540 8386556 0 8386556 0 0 460 0 0 954732 0 5128 1145 6 0 0 0 63012 544 290 0 0 301 143 0 0 0 0 578 450 434 106 0 0 0 0 0 0 365 365 0 5378 5378 0 174 174 254078 1920 0 161437 0 0 0 0 0 0 0 0 0 0 0 0 0 0 0 7 220 0 0 1446 491 99 39 21 41 33 69 47 29 1250
20150604 12:39:40 2 0 2 0 0 0 0 96 4 7895 4448 0 959 0 0.39 0.37 0.26 8177412 2891968 5285444 0 343756 1533504 305184 466780 2902636 8386556 0 8386556 0 0 1760 0 0 948580 0 537 144 0 0 0 0 67060 544 290 0 0 301 109 0 0 0 0 295 280 66 77 0 0 0 0 0 0 106 106 0 565 565 0 0 0 255666 1920 0 162237 0 0 0 0 0 0 0 0 0 0 0 0 0 0 0 11 150 0 0 1185 536 195 81 23 26 29 64 45 29 1250
20150604 12:39:50 9 0 5 2 0 0 0 83 15 12209 13387 0 959 0 0.48 0.39 0.27 8177412 2918300 5259112 0 343756 1540960 303312 484220 2904684 8386556 0 8386556 0 0 9644 0 0 956056 0 9256 1470 6 0 0 0 64184 544 290 0 0 301 109 0 0 0 0 2510 828 3221 177 0 0 0 0 0 0 448 448 0 9256 9256 0 151 151 257120 1920 0 162964 0 0 0 0 0 0 0 0 0 0 0 0 0 0 0 10 296 0 0 1183 116 30 13 26 22 26 63 47 28 1246
20150604 12:40:00 2 0 2 1 0 0 0 95 3 7758 3688 0 959 0 0.48 0.39 0.27 8177412 2921880 5255532 0 343756 1541592 304136 485052 2905708 8386556 0 8386556 0 0 4412 0 0 956484 0 2133 54 0 0 0 0 64444 544 290 0 0 301 142 0 0 0 0 265 258 52 63 0 0 0 0 0 0 165 165 0 2133 2133 0 157 157 258202 1920 0 163505 0 0 0 0 0 0 0 0 0 0 0 0 0 0 0 9 136 0 0 1089 87 29 15 24 19 24 63 47 27 1246
20150604 12:40:10 3 0 2 3 0 0 0 92 5 7918 4823 6 959 0 0.49 0.39 0.28 8177412 2926240 5251172 0 343756 1534328 307968 486500 2907788 8386556 0 8386556 0 0 824 0 0 950244 0 1716 2198 0 0 0 0 67076 544 290 0 0 301 109 0 0 0 0 297 287 66 78 0 0 0 0 0 0 168 168 0 1716 1716 0 89 89 259790 1952 0 164297 0 0 0 0 0 0 0 0 0 0 0 0 0 0 0 9 156 0 0 1293 252 95 56 35 31 23 60 48 26 1244
20150604 12:40:20 2 0 2 1 0 0 0 95 4 7951 4498 1 959 0 0.41 0.38 0.27 8177412 2929788 5247624 0 343756 1531448 311044 487212 2907788 8386556 0 8386556 0 0 1232 0 0 947448 0 1137 374 0 0 0 0 69228 544 290 0 0 301 109 0 0 0 0 287 277 64 76 0 0 0 0 0 0 145 145 0 1137 1137 0 71 71 261324 1952 0 165063 0 0 0 0 0 0 0 0 0 0 0 0 0 0 0 9 154 0 0 1480 331 126 78 29 28 24 59 47 28 1242
20150604 12:40:30 2 0 2 2 0 0 0 94 4 7699 4478 0 959 0 0.50 0.40 0.28 8177412 2924180 5253232 0 343756 1527028 306644 487608 2907788 8386556 0 8386556 0 0 396 0 0 942740 0 2795 87 1 0 0 0 63920 544 290 0 0 301 129 0 0 0 0 271 257 66 72 0 0 0 0 0 0 234 234 0 2769 2769 0 211 211 262752 1952 0 165759 0 0 0 0 0 0 0 0 0 0 0 0 0 0 0 8 131 0 0 1116 335 136 137 49 33 26 61 47 29 1242
20150604 12:40:40 2 0 2 0 0 0 0 95 5 8025 4481 0 959 0 0.65 0.44 0.30 8177412 2925688 5251724 0 343756 1515324 313160 489584 2910860 8386556 0 8386556 0 0 860 0 0 931780 0 1007 169 1 0 0 0 69508 544 290 0 0 301 109 0 0 0 0 276 279 62 80 0 0 0 0 0 0 129 129 0 1033 1033 0 46 46 264536 1952 0 166667 0 0 0 0 0 0 0 0 0 0 0 0 0 0 0 7 141 0 0 1426 433 191 136 59 38 26 63 46 30 1240
20150604 12:40:50 1 0 1 2 0 0 0 95 3 7588 2953 0 959 0 0.55 0.42 0.29 8177412 2926944 5250468 0 343756 1511976 316584 490376 2910860 8386556 0 8386556 0 0 1300 0 0 928920 0 811 47 0 0 0 0 72284 544 290 0 0 301 138 0 0 0 0 258 251 50 67 0 0 0 0 0 0 85 85 0 676 676 0 73 73 265483 1952 0 167132 0 0 0 0 0 0 0 0 0 0 0 0 0 0 0 12 130 0 0 1515 557 240 187 71 40 27 63 48 30 1238
20150604 12:41:00 0 0 0 4 0 0 0 95 1 7454 1268 0 959 0 0.61 0.44 0.30 8177412 2918352 5259060 0 343756 1511904 308592 490508 2910860 8386556 0 8386556 0 0 72 0 0 928848 0 1748 30 0 0 0 0 64172 544 290 0 0 301 144 0 0 0 0 180 183 20 27 0 0 0 0 0 0 103 103 0 1883 1883 0 166 166 265558 1952 0 167177 0 0 0 0 0 0 0 0 0 0 0 0 0 0 0 5 99 0 0 1580 590 249 294 117 54 28 64 49 31 1237
20150604 12:41:10 1 0 1 0 0 0 0 99 1 7074 1051 6 959 0 0.52 0.43 0.30 8177412 2920776 5256636 0 343756 1511928 308608 490512 2910860 8386556 0 8386556 0 0 156 0 0 928864 0 9 2115 0 0 0 0 64116 544 290 0 0 301 144 0 0 0 0 174 174 18 19 0 0 0 0 0 0 1 1 0 9 9 0 1 1 265558 1952 0 167177 0 0 0 0 0 0 0 0 0 0 0 0 0 0 0 4 98 0 0 1497 634 242 221 119 54 28 64 49 31 1237
20150604 12:41:20 0 0 0 0 0 0 0 100 0 7002 907 0 959 0 0.44 0.41 0.29 8177412 2919000 5258412 0 343756 1511928 308568 490512 2910860 8386556 0 8386556 0 0 56 0 0 928860 0 12 28 0 0 0 0 64076 544 290 0 0 301 110 0 0 0 0 158 158 17 17 0 0 0 0 0 0 1 1 0 12 12 0 0 0 265558 1952 0 167177 0 0 0 0 0 0 0 0 0 0 0 0 0 0 0 3 83 0 0 1560 653 270 246 119 54 28 64 49 31 1237
20150604 12:41:30 0 0 0 0 0 0 0 100 0 7258 958 0 959 0 0.37 0.40 0.29 8177412 2918196 5259216 0 343756 1511928 308568 490512 2910860 8386556 0 8386556 0 0 56 0 0 928860 0 6 29 0 0 0 0 64076 544 290 0 0 301 110 0 0 0 0 172 172 18 18 0 0 0 0 0 0 2 2 0 6 6 0 0 0 265558 1952 0 167177 0 0 0 0 0 0 0 0 0 0 0 0 0 0 0 4 95 0 0 1510 627 266 282 119 54 28 64 49 31 1237
