################################################################################
# Collectl:   V3.6.0-1  HiRes: 1  Options: -o z -D -P -i 10 -f /mnt/vol2/msevilla/ceph-logs/osd/cpu/ 
# Host:       issdm-7  DaemonOpts: -f /var/log/collectl -r00:00,7 -m -F60 -s+YZ
# Distro:       Platform: H8DMR-82
# Date:       20150604-122920  Secs: 1433446160 TZ: -0700
# SubSys:     bcdfijmnstYZ Options: z Interval: 10:60 NumCPUs: 4  NumBud: 4 Flags: i
# Filters:    NfsFilt:  EnvFilt: 
# HZ:         100  Arch: x86_64-linux-gnu-thread-multi PageSize: 4096
# Cpu:        AuthenticAMD Speed(MHz): 2010.310 Cores: 2  Siblings: 2
# Kernel:     3.13.0-52-generic  Memory: 8175576 kB  Swap: 8386556 kB
# NumDisks:   5 DiskNames: sda sdb sdc sde sdd
# NumNets:    6 NetNames: eth0:?? eth1:1000 eth2:1000 lo: lxcbr0: docker0:
# NumSlabs:   134 Version: 2.1
# IConnect:   NumHCAs: 1 PortStates: 0 IBVersion:  PQVersion: 
# SCSI:       CD:0:00:01:00 DA:2:00:00:00 DA:3:00:00:00 DA:4:00:00:00 DA:5:00:00:00 DA:6:00:00:00
################################################################################
#Date Time [CPU]User% [CPU]Nice% [CPU]Sys% [CPU]Wait% [CPU]Irq% [CPU]Soft% [CPU]Steal% [CPU]Idle% [CPU]Totl% [CPU]Intrpt/sec [CPU]Ctx/sec [CPU]Proc/sec [CPU]ProcQue [CPU]ProcRun [CPU]L-Avg1 [CPU]L-Avg5 [CPU]L-Avg15 [MEM]Tot [MEM]Used [MEM]Free [MEM]Shared [MEM]Buf [MEM]Cached [MEM]Slab [MEM]Map [MEM]Commit [MEM]SwapTot [MEM]SwapUsed [MEM]SwapFree [MEM]SwapIn [MEM]SwapOut [MEM]Dirty [MEM]Clean [MEM]Laundry [MEM]Inactive [MEM]PageIn [MEM]PageOut [MEM]PageFaults [MEM]PageMajFaults [MEM]HugeTotal [MEM]HugeFree [MEM]HugeRsvd [MEM]SUnreclaim [SOCK]Used [SOCK]Tcp [SOCK]Orph [SOCK]Tw [SOCK]Alloc [SOCK]Mem [SOCK]Udp [SOCK]Raw [SOCK]Frag [SOCK]FragMem [NET]RxPktTot [NET]TxPktTot [NET]RxKBTot [NET]TxKBTot [NET]RxCmpTot [NET]RxMltTot [NET]TxCmpTot [NET]RxErrsTot [NET]TxErrsTot [DSK]ReadTot [DSK]WriteTot [DSK]OpsTot [DSK]ReadKBTot [DSK]WriteKBTot [DSK]KbTot [DSK]ReadMrgTot [DSK]WriteMrgTot [DSK]MrgTot [INODE]NumDentry [INODE]openFiles [INODE]MaxFile% [INODE]used [NFS]ReadsS [NFS]WritesS [NFS]MetaS [NFS]CommitS [NFS]Udp [NFS]Tcp [NFS]TcpConn [NFS]BadAuth [NFS]BadClient [NFS]ReadsC [NFS]WritesC [NFS]MetaC [NFS]CommitC [NFS]Retrans [NFS]AuthRef [TCP]PureAcks [TCP]HPAcks [TCP]Loss [TCP]FTrans [BUD]1Page [BUD]2Pages [BUD]4Pages [BUD]8Pages [BUD]16Pages [BUD]32Pages [BUD]64Pages [BUD]128Pages [BUD]256Pages [BUD]512Pages [BUD]1024Pages
20150604 12:30:10 3 0 2 0 0 0 0 94 6 9826 6310 8 1011 5 0.01 0.08 0.09 8175576 2018832 6156744 0 442980 803044 251276 419608 2882472 8386556 0 8386556 0 0 500 0 0 584404 0 1561 2276 1 0 0 0 33552 561 291 0 0 302 397 0 0 0 0 560 432 494 77 0 0 0 0 0 0 201 201 0 1561 1561 0 1 1 175266 1920 0 155991 0 0 0 0 0 0 0 0 0 0 0 0 0 0 0 9 180 0 0 2345 3152 4096 2353 1899 5152 3680 2485 1746 11 287
20150604 12:30:20 1 0 1 0 0 0 0 98 2 8117 2738 2 1011 0 0.01 0.08 0.09 8175576 2016832 6158744 0 442980 804684 251216 420164 2882472 8386556 0 8386556 0 0 84 0 0 585704 0 567 63 0 0 0 0 33528 561 291 0 0 302 142 0 0 0 0 240 268 40 44 0 0 0 0 0 0 56 56 0 567 567 0 1 1 175266 1920 0 155991 0 0 0 0 0 0 0 0 0 0 0 0 0 0 0 7 137 0 0 2378 3190 4098 2394 1899 5153 3680 2485 1746 11 287
20150604 12:30:30 0 0 0 0 0 0 0 100 0 7297 895 2 1011 0 0.01 0.07 0.09 8175576 2015680 6159896 0 442980 804688 251208 420184 2882472 8386556 0 8386556 0 0 84 0 0 585708 0 4 32 0 0 0 0 33520 561 291 0 0 302 108 0 0 0 0 188 187 20 20 0 0 0 0 0 0 1 1 0 4 4 0 0 0 175266 1920 0 155991 0 0 0 0 0 0 0 0 0 0 0 0 0 0 0 5 100 0 0 2604 3219 4099 2393 1900 5153 3680 2485 1746 11 287
20150604 12:30:40 0 0 0 0 0 0 0 100 0 7074 945 2 1011 0 0.01 0.07 0.09 8175576 2015700 6159876 0 442980 804816 251200 420188 2882472 8386556 0 8386556 0 0 20 0 0 585832 0 11 34 0 0 0 0 33512 561 291 0 0 302 108 0 0 0 0 188 187 20 20 0 0 0 0 0 0 3 3 0 11 11 0 0 0 175266 1920 0 155991 0 0 0 0 0 0 0 0 0 0 0 0 0 0 0 5 101 0 0 2592 3256 4100 2393 1900 5153 3680 2485 1746 11 287
20150604 12:30:50 0 0 0 0 0 0 0 100 0 6592 804 2 1011 0 0.01 0.07 0.09 8175576 2015160 6160416 0 442984 804816 251200 420192 2882472 8386556 0 8386556 0 0 12 0 0 585832 0 10 31 0 0 0 0 33512 561 291 0 0 302 108 0 0 0 0 163 164 17 17 0 0 0 0 0 0 2 2 0 9 9 0 0 0 175266 1920 0 155991 0 0 0 0 0 0 0 0 0 0 0 0 0 0 0 5 85 0 0 2600 3268 4108 2394 1900 5153 3680 2485 1746 11 287
20150604 12:31:00 0 0 0 0 0 0 0 100 0 6713 821 2 1011 0 0.01 0.07 0.09 8175576 2015036 6160540 0 442984 804816 251196 420192 2882472 8386556 0 8386556 0 0 8 0 0 585832 0 3 30 0 0 0 0 33508 561 291 0 0 302 142 0 0 0 0 166 164 17 18 0 0 0 0 0 0 1 1 0 3 3 0 0 0 175268 1920 0 155991 0 0 0 0 0 0 0 0 0 0 0 0 0 0 0 6 85 0 0 2599 3268 4110 2393 1900 5153 3680 2485 1746 11 287
20150604 12:31:10 3 0 2 0 0 0 0 94 6 9802 5613 8 1011 3 0.01 0.07 0.08 8175576 2022748 6152828 0 442984 809812 251224 420020 2882472 8386556 0 8386556 0 0 2368 0 0 588640 0 1124 2190 0 0 0 0 33536 561 291 0 0 302 365 0 0 0 0 522 423 428 74 0 0 0 0 0 0 182 182 0 1077 1077 0 2 2 175268 1920 0 155992 0 0 0 0 0 0 0 0 0 0 0 0 0 0 0 6 190 0 0 1275 3148 4107 2349 1902 5153 3680 2485 1746 11 287
20150604 12:31:20 2 0 2 0 0 0 0 96 4 8416 4539 2 1011 0 0.00 0.06 0.08 8175576 2023832 6151744 0 442984 812776 251232 420064 2882472 8386556 0 8386556 0 0 112 0 0 590676 0 1101 104 0 0 0 0 33544 561 291 0 0 302 142 0 0 0 0 285 314 116 61 0 0 0 0 0 0 107 107 0 1148 1148 0 1 1 175270 1920 0 155992 0 0 0 0 0 0 0 0 0 0 0 0 0 0 0 6 152 0 0 1101 2945 4112 2391 1902 5153 3680 2485 1746 11 287
20150604 12:31:30 0 0 0 0 0 0 0 100 0 7002 980 2 1011 0 0.00 0.06 0.08 8175576 2022956 6152620 0 442984 812792 251232 420072 2882472 8386556 0 8386556 0 0 88 0 0 590688 0 8 30 0 0 0 0 33544 561 291 0 0 302 108 0 0 0 0 195 195 20 21 0 0 0 0 0 0 2 2 0 8 8 0 0 0 175272 1920 0 155992 0 0 0 0 0 0 0 0 0 0 0 0 0 0 0 5 101 0 0 1269 2978 4112 2388 1903 5153 3680 2485 1746 11 287
20150604 12:31:40 4 0 3 0 0 0 0 92 8 9919 6852 2 1011 4 0.00 0.06 0.08 8175576 2032732 6142844 0 442988 813488 254252 420148 2882472 8386556 0 8386556 0 0 2348 0 0 589156 0 1794 185 1 0 0 0 36516 561 291 0 0 302 298 0 0 0 0 598 504 442 113 0 0 0 0 0 0 223 223 0 1794 1794 0 1 1 176764 1888 0 156739 0 0 0 0 0 0 0 0 0 0 0 0 0 0 0 11 215 0 0 545 2639 4053 2279 1902 5153 3682 2485 1746 11 287
20150604 12:31:50 6 0 4 0 0 0 0 89 10 11921 10248 2 1011 0 0.00 0.06 0.08 8175576 2043156 6132420 0 442988 817916 256720 420052 2882472 8386556 0 8386556 0 0 4340 0 0 589664 0 3136 264 1 0 0 0 38900 561 291 0 0 302 106 0 0 0 0 780 636 644 155 0 0 0 0 0 0 338 338 0 3137 3137 0 80 80 178344 1888 0 157530 0 0 0 0 0 0 0 0 0 0 0 0 0 0 0 10 266 0 0 731 2589 3509 2199 1898 5151 3682 2484 1747 11 287
20150604 12:32:00 2 0 1 0 0 0 0 97 3 7616 2121 2 1011 0 0.00 0.06 0.08 8175576 2041236 6134340 0 442988 813972 255476 419716 2882472 8386556 0 8386556 0 0 900 0 0 585712 0 1153 167 1 0 0 0 37360 561 291 0 0 302 106 0 0 0 0 255 260 51 68 0 0 0 0 0 0 40 40 0 1153 1153 0 0 0 179424 1920 0 158070 0 0 0 0 0 0 0 0 0 0 0 0 0 0 0 8 119 0 0 1510 2612 3392 2237 1890 5151 3682 2484 1747 11 287
20150604 12:32:10 2 0 2 0 0 0 0 96 4 7489 2798 8 1011 0 0.00 0.05 0.08 8175576 2049948 6125628 0 442992 810908 262148 419844 2874316 8386556 0 8386556 0 0 836 0 0 585344 0 461 2157 0 0 0 0 43804 561 291 0 0 302 106 0 0 0 0 289 290 61 69 0 0 0 0 0 0 59 59 0 461 461 0 2 2 180836 1952 0 158773 0 0 0 0 0 0 0 0 0 0 0 0 0 0 0 11 134 0 0 1761 2790 3201 2022 1868 5151 3682 2484 1747 11 287
20150604 12:32:20 3 0 3 1 0 0 0 93 6 9367 5492 2 1011 4 0.08 0.07 0.08 8175576 2053012 6122564 0 442992 814576 259324 419796 2874316 8386556 0 8386556 0 0 2420 0 0 588156 0 2404 111 0 0 0 0 40248 561 291 0 0 302 380 0 0 0 0 478 442 279 111 0 0 0 0 0 0 195 195 0 2404 2404 0 104 104 182350 1952 0 159531 0 0 0 0 0 0 0 0 0 0 0 0 0 0 0 8 182 0 0 1324 2789 3113 2047 1859 5151 3682 2484 1747 11 287
20150604 12:32:30 7 0 5 1 0 0 0 87 12 13143 12711 2 1006 1 0.73 0.21 0.13 8175576 2075648 6099928 0 442992 826736 265036 420964 2874316 8386556 0 8386556 0 0 4224 0 0 597004 0 3413 252 0 0 0 0 44764 559 289 0 2 300 105 0 0 0 0 908 729 825 188 0 0 0 0 0 0 412 412 0 3413 3413 0 1 1 184150 1920 0 160427 0 0 0 0 0 0 0 0 0 0 0 0 0 0 0 8 321 0 0 397 2730 2765 1870 1806 5151 3682 2484 1747 11 286
20150604 12:32:40 2 0 2 0 0 0 0 96 4 7806 2982 2 1006 0 0.62 0.21 0.13 8175576 2082884 6092692 0 442992 827736 268836 421932 2874316 8386556 0 8386556 0 0 1096 0 0 598216 0 1140 75 0 0 0 0 47248 559 289 0 2 300 105 0 0 0 0 318 316 71 87 0 0 0 0 0 0 69 69 0 1140 1140 0 0 0 185850 1920 0 161277 0 0 0 0 0 0 0 0 0 0 0 0 0 0 0 11 144 0 0 429 2734 2762 1824 1716 5151 3682 2484 1747 11 286
20150604 12:32:50 2 0 2 0 0 0 0 96 4 7781 3033 2 1006 1 0.67 0.23 0.14 8175576 2080948 6094628 0 442992 824536 266200 420528 2874316 8386556 0 8386556 0 0 1272 0 0 595004 0 2496 104 1 0 0 0 43300 559 289 0 2 300 105 0 0 0 0 288 290 67 81 0 0 0 0 0 0 134 134 0 2496 2496 0 230 230 187504 1920 0 162103 0 0 0 0 0 0 0 0 0 0 0 0 0 0 0 7 131 0 0 778 2784 2840 1789 1718 5151 3682 2484 1747 11 286
20150604 12:33:00 2 0 2 0 0 0 0 96 4 7880 2894 2 1006 0 0.57 0.23 0.14 8175576 2088968 6086608 0 442992 825636 270028 421240 2874316 8386556 0 8386556 0 0 1156 0 0 596000 0 727 73 0 0 0 0 46276 559 289 0 2 300 106 0 0 0 0 296 302 66 80 0 0 0 0 0 0 78 78 0 727 727 0 0 0 189078 1920 0 162890 0 0 0 0 0 0 0 0 0 0 0 0 0 0 0 7 138 0 0 552 2790 2825 1746 1640 5146 3682 2484 1747 11 286
20150604 12:33:10 7 0 5 0 0 0 0 87 12 11916 10823 9 1007 0 0.48 0.22 0.14 8175576 2098952 6076624 0 442996 826392 272516 420592 2882300 8386556 0 8386556 0 0 3940 0 0 593440 0 2945 2417 2 0 0 0 47400 559 289 0 2 300 139 0 0 0 0 737 652 573 174 0 0 0 0 0 0 317 317 0 2945 2945 0 2 2 190783 1920 0 163738 0 0 0 0 0 0 0 0 0 0 0 0 0 0 0 12 273 0 0 227 2433 2910 1746 1632 5095 3682 2484 1747 11 286
20150604 12:33:20 1 0 1 0 0 0 0 97 2 7724 1873 2 1008 0 0.48 0.23 0.14 8175576 2092336 6083240 0 442996 822716 267928 420968 2882300 8386556 0 8386556 0 0 892 0 0 592964 0 2485 45 0 0 0 0 42288 559 289 0 2 300 139 0 0 0 0 224 230 43 58 0 0 0 0 0 0 104 104 0 2485 2485 0 272 272 191633 1920 0 164162 0 0 0 0 0 0 0 0 0 0 0 0 0 0 0 6 100 0 0 910 2490 2923 1773 1646 5104 3683 2484 1747 11 286
20150604 12:33:30 7 0 5 0 0 0 0 88 12 12104 11438 2 1008 0 0.41 0.22 0.14 8175576 2104132 6071444 0 442996 827496 272668 421536 2882300 8386556 0 8386556 0 0 5380 0 0 594476 0 2769 189 1 0 0 0 45780 559 289 0 0 300 133 0 0 0 0 756 671 576 174 0 0 0 0 0 0 375 375 0 2769 2769 0 0 0 193253 1920 0 164973 0 0 0 0 0 0 0 0 0 0 0 0 0 0 0 8 287 0 0 918 1931 2900 1807 1605 5060 3683 2484 1747 11 286
20150604 12:33:40 2 0 2 0 0 0 0 96 4 7645 2542 2 1008 0 0.34 0.21 0.14 8175576 2100472 6075104 0 442996 819428 273480 420688 2882300 8386556 0 8386556 0 0 1740 0 0 586284 0 1282 196 1 0 0 0 45620 559 289 0 0 300 106 0 0 0 0 321 325 66 79 0 0 0 0 0 0 67 67 0 1282 1282 0 0 0 194736 1888 0 165708 0 0 0 0 0 0 0 0 0 0 0 0 0 0 0 9 158 0 0 1971 2289 2938 1772 1590 5047 3683 2484 1747 11 286
20150604 12:33:50 2 0 1 0 0 0 0 96 3 8027 2695 2 1009 0 0.29 0.21 0.13 8175576 2097984 6077592 0 442996 812376 273724 419732 2882300 8386556 0 8386556 0 0 540 0 0 585440 0 2250 108 0 0 0 0 45164 559 289 0 0 300 140 0 0 0 0 308 312 61 75 0 0 0 0 0 0 132 132 0 2250 2250 0 242 242 196016 1920 0 166346 0 0 0 0 0 0 0 0 0 0 0 0 0 0 0 8 152 0 0 2658 2425 3021 1799 1594 5021 3682 2484 1747 11 286
20150604 12:34:00 10 0 7 1 0 0 0 83 17 15046 16122 2 1009 9 0.25 0.20 0.13 8175576 2117468 6058108 0 442996 823068 276920 422720 2882300 8386556 0 8386556 0 0 5108 0 0 592272 0 4304 341 2 0 0 0 47136 559 289 0 0 300 297 0 0 0 0 1101 902 1052 228 0 0 0 0 0 0 556 556 0 4302 4302 0 1 1 197560 1888 0 167120 0 0 0 0 0 0 0 0 0 0 0 0 0 0 0 11 370 0 0 76 2370 2872 1784 1588 4984 3678 2484 1747 11 286
20150604 12:34:10 3 0 2 0 0 0 0 94 6 8355 3904 8 1007 0 0.37 0.22 0.14 8175576 2129040 6046536 0 442996 824920 281996 424404 2873304 8386556 0 8386556 0 0 5664 0 0 593788 0 767 2228 0 0 0 0 51452 558 288 0 1 299 106 0 0 0 0 360 370 72 94 0 0 0 0 0 0 97 97 0 770 770 0 2 2 199159 1952 0 167931 0 0 0 0 0 0 0 0 0 0 0 0 0 0 0 11 185 0 0 142 2121 2833 1738 1584 4964 3658 2484 1747 11 286
20150604 12:34:20 2 0 2 0 0 0 0 96 4 7982 3309 2 1007 0 0.39 0.23 0.15 8175576 2132236 6043340 0 442996 825616 281920 424876 2873304 8386556 0 8386556 0 0 1152 0 0 594568 0 2422 184 0 0 0 0 49952 558 288 0 1 299 105 0 0 0 0 314 312 69 84 0 0 0 0 0 0 115 115 0 2422 2422 0 182 182 200813 1952 0 168757 0 0 0 0 0 0 0 0 0 0 0 0 0 0 0 7 149 0 0 111 2112 2845 1733 1586 4951 3653 2484 1747 11 286
20150604 12:34:30 2 0 1 0 0 0 0 97 3 7280 2365 2 1007 0 0.33 0.23 0.14 8175576 2136420 6039156 0 442996 822620 286208 423560 2873304 8386556 0 8386556 0 0 820 0 0 594212 0 556 105 0 0 0 0 53512 557 287 0 2 298 106 0 0 0 0 249 248 53 66 0 0 0 0 0 0 61 61 0 556 556 0 0 0 202057 1920 0 169376 0 0 0 0 0 0 0 0 0 0 0 0 0 0 0 6 112 0 0 402 2134 2923 1728 1577 4933 3638 2484 1747 11 286
20150604 12:34:40 4 0 4 0 0 0 0 92 8 10471 7894 2 1007 2 0.28 0.22 0.14 8175576 2135244 6040332 0 442996 820376 282068 425032 2873304 8386556 0 8386556 0 0 3384 0 0 590812 0 2644 231 1 0 0 0 48120 557 287 0 2 298 358 0 0 0 0 670 519 545 129 0 0 0 0 0 0 255 255 0 2644 2644 0 1 1 203621 1920 0 170156 0 0 0 0 0 0 0 0 0 0 0 0 0 0 0 6 234 0 0 925 1777 3002 1788 1609 4938 3626 2483 1747 11 286
20150604 12:34:50 9 0 6 1 0 1 0 84 15 14084 14709 2 1007 0 0.23 0.21 0.14 8175576 2142820 6032756 0 442996 824096 284656 425480 2873304 8386556 0 8386556 0 0 5116 0 0 590096 0 5529 381 2 0 0 0 49692 557 287 0 2 298 249 0 0 0 0 846 802 648 216 0 0 0 0 0 0 514 514 0 5529 5529 0 364 364 205198 1920 0 170942 0 0 0 0 0 0 0 0 0 0 0 0 0 0 0 8 350 0 0 41 2078 2900 1772 1595 4934 3614 2483 1747 11 286
20150604 12:35:00 8 0 6 1 0 1 0 85 15 13862 14887 2 1008 1 0.35 0.24 0.15 8175576 2157736 6017840 0 442996 828584 287416 428324 2873304 8386556 0 8386556 0 0 5276 0 0 591432 0 4403 393 2 0 0 0 51232 557 287 0 2 298 140 0 0 0 0 1064 839 975 211 0 0 0 0 0 0 468 468 0 4403 4403 0 1 1 207004 1920 0 171846 0 0 0 0 0 0 0 0 0 0 0 0 0 0 0 6 385 0 0 23 1607 2787 1678 1583 4940 3593 2481 1747 11 286
20150604 12:35:10 2 0 2 0 0 0 0 96 4 7758 2217 9 1008 0 0.30 0.23 0.15 8175576 2168504 6007072 0 442996 829388 292516 428576 2888560 8386556 0 8386556 0 0 3192 0 0 592360 0 583 2340 0 0 0 0 55332 557 287 0 1 298 105 0 0 0 0 277 269 53 70 0 0 0 0 0 0 45 45 0 583 583 0 2 2 208114 1952 0 172404 0 0 0 0 0 0 0 0 0 0 0 0 0 0 0 11 129 0 0 236 1442 2776 1662 1563 4932 3566 2480 1747 11 286
20150604 12:35:20 2 0 2 0 0 0 0 96 4 7951 2766 2 1008 0 0.33 0.24 0.15 8175576 2164784 6010792 0 442996 826600 289704 428288 2888560 8386556 0 8386556 0 0 976 0 0 592676 0 2113 194 0 0 0 0 51452 557 287 0 0 298 108 0 0 0 0 308 307 66 72 0 0 0 0 0 0 103 103 0 2113 2113 0 141 141 209662 1920 0 173176 0 0 0 0 0 0 0 0 0 0 0 0 0 0 0 6 146 0 0 653 1600 2808 1663 1564 4941 3566 2480 1746 11 286
20150604 12:35:30 6 0 4 0 0 0 0 90 10 11447 9444 2 1008 0 0.28 0.23 0.15 8175576 2177624 5997952 0 442996 834580 293248 429044 2888560 8386556 0 8386556 0 0 4984 0 0 597664 0 2282 288 0 0 0 0 53696 557 287 0 0 298 105 0 0 0 0 710 599 555 154 0 0 0 0 0 0 306 306 0 2282 2282 0 0 0 211268 1920 0 173979 0 0 0 0 0 0 0 0 0 0 0 0 0 0 0 7 263 0 0 24 1508 2748 1615 1554 4935 3558 2475 1745 11 286
20150604 12:35:40 5 0 4 0 0 0 0 90 9 11509 9479 2 1008 0 0.55 0.29 0.17 8175576 2185660 5989916 0 442996 838504 292664 429772 2888560 8386556 0 8386556 0 0 3928 0 0 603136 0 2811 267 0 0 0 0 52288 557 287 0 0 298 105 0 0 0 0 732 612 549 149 0 0 0 0 0 0 301 301 0 2811 2811 0 1 1 212594 1920 0 174642 0 0 0 0 0 0 0 0 0 0 0 0 0 0 0 12 284 0 0 49 966 2742 1614 1538 4934 3556 2471 1745 11 286
20150604 12:35:50 6 0 4 0 0 0 0 89 11 11821 11004 2 1008 0 0.47 0.28 0.17 8175576 2194400 5981176 0 443000 842448 294036 430788 2888560 8386556 0 8386556 0 0 4804 0 0 603984 0 4488 408 1 0 0 0 52436 557 287 0 0 298 105 0 0 0 0 736 652 565 166 0 0 0 0 0 0 385 385 0 4488 4488 0 296 296 214000 1920 0 175346 0 0 0 0 0 0 0 0 0 0 0 0 0 0 0 8 293 0 0 259 1026 2731 1616 1460 4929 3556 2469 1744 10 286
20150604 12:36:00 2 0 2 0 0 0 0 96 4 7535 3481 2 1008 0 0.40 0.27 0.16 8175576 2202520 5973056 0 443000 839508 300576 431236 2888560 8386556 0 8386556 0 0 4928 0 0 603948 0 788 201 0 0 0 0 57704 557 287 0 0 298 107 0 0 0 0 288 290 71 80 0 0 0 0 0 0 73 73 0 788 788 0 0 0 215872 1920 0 176280 0 0 0 0 0 0 0 0 0 0 0 0 0 0 0 10 124 0 0 786 1013 2733 1601 1448 4925 3555 2455 1743 10 286
20150604 12:36:10 2 0 2 0 0 0 0 95 5 7713 2874 8 1008 0 0.33 0.26 0.16 8175576 2203748 5971828 0 443004 832084 301456 432524 2888560 8386556 0 8386556 0 0 1484 0 0 597944 0 1454 2361 1 0 0 0 57540 557 287 0 0 298 105 0 0 0 0 297 297 65 77 0 0 0 0 0 0 74 74 0 1454 1454 0 2 2 217412 1952 0 177049 0 0 0 0 0 0 0 0 0 0 0 0 0 0 0 7 138 0 0 1237 1238 2824 1699 1455 4915 3552 2452 1737 10 286
20150604 12:36:20 5 0 3 0 0 0 0 92 8 10652 8195 2 1008 1 0.28 0.25 0.16 8175576 2212748 5962828 0 443004 839032 300492 433652 2888560 8386556 0 8386556 0 0 3672 0 0 603044 0 3535 186 0 0 0 0 55352 557 287 0 0 298 106 0 0 0 0 674 517 534 129 0 0 0 0 0 0 300 300 0 3535 3535 0 251 251 219062 1952 0 177875 0 0 0 0 0 0 0 0 0 0 0 0 0 0 0 10 236 0 0 131 1008 2776 1683 1453 4918 3553 2450 1736 10 286
20150604 12:36:30 2 0 1 0 0 0 0 97 3 6915 2441 2 1008 1 0.24 0.24 0.16 8175576 2220408 5955168 0 443004 839964 303828 436368 2888560 8386556 0 8386556 0 0 3528 0 0 603792 0 508 143 0 0 0 0 57892 557 287 0 0 298 105 0 0 0 0 273 274 55 71 0 0 0 0 0 0 42 42 0 508 508 0 0 0 220242 1952 0 178465 0 0 0 0 0 0 0 0 0 0 0 0 0 0 0 8 132 0 0 164 886 2745 1614 1435 4917 3555 2449 1737 10 285
20150604 12:36:40 2 0 2 0 0 0 0 96 4 7694 2714 2 1008 1 0.20 0.24 0.16 8175576 2220408 5955168 0 443004 836168 303528 435908 2888560 8386556 0 8386556 0 0 828 0 0 599916 0 1366 110 1 0 0 0 56512 557 287 0 0 298 173 0 0 0 0 319 314 68 81 0 0 0 0 0 0 75 75 0 1366 1366 0 1 1 221808 1920 0 179246 0 0 0 0 0 0 0 0 0 0 0 0 0 0 0 8 149 0 0 394 852 2776 1641 1449 4909 3554 2450 1735 10 285
20150604 12:36:50 4 0 2 0 0 0 0 94 6 8513 5367 2 1008 2 0.17 0.23 0.16 8175576 2224680 5950896 0 443004 835288 304064 436240 2888560 8386556 0 8386556 0 0 2240 0 0 601492 0 2682 287 0 0 0 0 56248 557 287 0 0 298 362 0 0 0 0 432 387 259 103 0 0 0 0 0 0 206 206 0 2679 2679 0 252 252 223080 1920 0 179882 0 0 0 0 0 0 0 0 0 0 0 0 0 0 0 9 169 0 0 352 951 2789 1651 1455 4903 3549 2447 1735 9 285
20150604 12:37:00 7 0 5 0 0 0 0 87 12 13399 13130 2 1009 0 0.15 0.22 0.15 8175576 2231200 5944376 0 443004 835168 304080 441036 2888560 8386556 0 8386556 0 0 3524 0 0 600564 0 3874 352 1 0 0 0 55088 557 287 0 0 298 107 0 0 0 0 907 728 826 180 0 0 0 0 0 0 484 484 0 3877 3877 0 0 0 224612 1920 0 180647 0 0 0 0 0 0 0 0 0 0 0 0 0 0 0 7 322 0 0 115 625 2860 1664 1459 4906 3550 2449 1735 8 284
20150604 12:37:10 3 0 3 0 0 0 0 94 5 7782 2554 12 1010 2 0.12 0.21 0.15 8175576 2240720 5934856 0 443004 831980 307804 441804 2956720 8386556 0 8386556 0 0 1604 0 0 599660 0 786 4320 0 0 0 0 57904 560 287 0 0 298 139 0 0 0 0 297 290 59 68 0 0 0 0 0 0 51 51 0 786 786 0 2 2 225923 1888 0 181306 0 0 0 0 0 0 0 0 0 0 0 0 0 0 0 9 144 0 0 484 808 2845 1660 1444 4907 3549 2445 1732 7 282
20150604 12:37:20 13 0 9 1 0 0 0 76 23 8656 5571 27 1009 1 0.26 0.24 0.16 8175576 2251384 5924192 0 443004 833604 312992 445564 2891640 8386556 0 8386556 0 0 1552 0 0 600900 0 2414 17830 0 0 0 0 61648 559 289 0 0 300 140 0 0 0 0 398 384 121 112 0 0 0 0 0 0 192 192 0 2414 2414 0 250 250 227918 1920 0 182299 0 0 0 0 0 0 0 0 0 0 0 0 0 0 0 9 176 0 0 716 705 2671 1670 1418 4896 3546 2440 1728 6 284
20150604 12:37:30 4 0 2 0 0 0 0 93 6 9658 6518 2 1009 1 0.22 0.23 0.16 8175576 2267072 5908504 0 443008 839728 317312 448452 2891640 8386556 0 8386556 0 0 1864 0 0 604728 0 1795 167 0 0 0 0 65288 559 289 0 0 300 174 0 0 0 0 590 437 485 108 0 0 0 0 0 0 214 214 0 1795 1795 0 3 3 229228 1920 0 182954 0 0 0 0 0 0 0 0 0 0 0 0 0 0 0 6 210 0 0 180 554 2584 1643 1386 4890 3546 2438 1728 3 284
20150604 12:37:40 3 0 2 0 0 0 0 95 5 7973 2987 2 1009 1 0.26 0.24 0.16 8175576 2251064 5924512 0 443008 824392 311680 447632 2891640 8386556 0 8386556 0 0 1524 0 0 592224 0 1713 625 2 0 0 0 58640 559 289 0 0 300 106 0 0 0 0 302 298 66 79 0 0 0 0 0 0 87 87 0 1713 1713 0 1 1 230807 1920 0 183737 0 0 0 0 0 0 0 0 0 0 0 0 0 0 0 11 138 0 0 2806 1668 2831 1707 1428 4900 3543 2439 1729 4 280
20150604 12:37:50 2 0 2 0 0 0 0 96 4 7828 3438 2 1009 1 0.22 0.23 0.16 8175576 2253184 5922392 0 443012 821212 314924 448196 2891640 8386556 0 8386556 0 0 688 0 0 590800 0 2425 106 0 0 0 0 60608 559 289 0 0 300 107 0 0 0 0 290 287 66 77 0 0 0 0 0 0 151 151 0 2425 2425 0 265 265 232445 1920 0 184555 0 0 0 0 0 0 0 0 0 0 0 0 0 0 0 9 137 0 0 2866 2073 2851 1742 1394 4889 3544 2438 1728 3 280
20150604 12:38:00 3 0 2 0 0 0 0 94 6 10020 6003 2 1009 1 0.19 0.22 0.16 8175576 2254100 5921476 0 443012 823060 313396 448184 2891640 8386556 0 8386556 0 0 3768 0 0 593704 0 1524 87 0 0 0 0 58616 559 289 0 0 300 106 0 0 0 0 565 418 496 87 0 0 0 0 0 0 221 221 0 1524 1524 0 0 0 233299 1920 0 184982 0 0 0 0 0 0 0 0 0 0 0 0 0 0 0 7 190 0 0 1911 2234 2875 1738 1427 4893 3542 2438 1727 3 280
20150604 12:38:10 2 0 2 0 0 0 0 95 5 7636 3055 8 1009 1 0.38 0.27 0.17 8175576 2267648 5907928 0 443012 824380 321160 448476 2907720 8386556 0 8386556 0 0 4368 0 0 594984 0 525 2372 0 0 0 0 65296 559 289 0 0 300 107 0 0 0 0 284 280 64 77 0 0 0 0 0 0 51 51 0 525 525 0 2 2 234873 1952 0 185769 0 0 0 0 0 0 0 0 0 0 0 0 0 0 0 10 129 0 0 1494 2190 2872 1714 1405 4888 3541 2434 1725 3 279
20150604 12:38:20 2 0 2 0 0 0 0 95 4 7799 2788 2 1008 0 0.32 0.26 0.17 8175576 2261088 5914488 0 443012 817620 318196 448876 2907720 8386556 0 8386556 0 0 1028 0 0 588180 0 2599 276 1 0 0 0 61348 559 289 0 0 300 106 0 0 0 0 274 279 62 75 0 0 0 0 0 0 133 133 0 2599 2599 0 152 152 236366 1952 0 186507 0 0 0 0 0 0 0 0 0 0 0 0 0 0 0 7 129 0 0 1927 2598 2911 1746 1416 4894 3541 2435 1725 2 279
20150604 12:38:30 2 0 2 0 0 0 0 96 4 7879 3491 2 1008 1 0.27 0.25 0.17 8175576 2268892 5906684 0 443012 814736 325168 448828 2907720 8386556 0 8386556 0 0 1080 0 0 586960 0 688 139 0 0 0 0 66972 559 289 0 0 300 105 0 0 0 0 289 286 71 82 0 0 0 0 0 0 82 82 0 688 688 0 0 0 238242 1920 0 187443 0 0 0 0 0 0 0 0 0 0 0 0 0 0 0 7 123 0 0 2414 2645 2914 1714 1404 4883 3540 2434 1723 2 278
20150604 12:38:40 3 0 2 0 0 0 0 94 5 8552 4678 2 1008 4 0.23 0.24 0.17 8175576 2274016 5901560 0 443016 817492 322728 450616 2907720 8386556 0 8386556 0 0 2440 0 0 589076 0 1564 226 0 0 0 0 63524 559 289 0 0 300 308 0 0 0 0 420 388 217 101 0 0 0 0 0 0 139 139 0 1562 1562 0 0 0 239672 1920 0 188158 0 0 0 0 0 0 0 0 0 0 0 0 0 0 0 7 174 0 0 1383 2632 2904 1804 1424 4883 3535 2433 1722 3 277
20150604 12:38:50 4 0 3 1 0 0 0 92 7 10314 7131 2 1007 1 0.27 0.25 0.17 8175576 2288080 5887496 0 443016 823440 325568 454088 2907720 8386556 0 8386556 0 0 972 0 0 592972 0 3782 301 0 0 0 0 65176 559 289 0 0 300 106 0 0 0 0 565 480 393 123 0 0 0 0 0 0 292 292 0 3784 3784 0 343 343 241171 1920 0 188903 0 0 0 0 0 0 0 0 0 0 0 0 0 0 0 6 228 0 0 559 2329 2696 1745 1405 4882 3536 2433 1724 3 276
20150604 12:39:00 5 0 4 0 0 0 0 90 10 11710 9810 2 1007 1 0.31 0.26 0.17 8175576 2293936 5881640 0 443016 827232 322932 456872 2907720 8386556 0 8386556 0 0 5968 0 0 594128 0 2514 226 1 0 0 0 61848 559 289 0 0 300 106 0 0 0 0 689 615 550 154 0 0 0 0 0 0 306 306 0 2514 2514 0 0 0 242299 1952 0 189467 0 0 0 0 0 0 0 0 0 0 0 0 0 0 0 8 271 0 0 108 2309 2642 1662 1423 4891 3535 2432 1724 4 275
20150604 12:39:10 3 0 2 0 0 0 0 95 5 7767 2887 9 1007 0 0.26 0.25 0.17 8175576 2299256 5876320 0 443016 820152 329016 457948 2914432 8386556 0 8386556 0 0 644 0 0 593620 0 1291 2573 0 0 0 0 66720 559 289 0 0 300 107 0 0 0 0 281 274 64 72 0 0 0 0 0 0 54 54 0 1291 1291 0 2 2 243885 1952 0 190257 0 0 0 0 0 0 0 0 0 0 0 0 0 0 0 11 121 0 0 962 2439 2758 1683 1384 4882 3533 2434 1721 3 274
20150604 12:39:20 4 0 3 0 0 0 0 92 8 10401 8192 2 1007 4 0.22 0.24 0.17 8175576 2304644 5870932 0 443016 822620 326668 459268 2914432 8386556 0 8386556 0 0 1508 0 0 593400 0 3658 230 1 0 0 0 63500 559 289 0 0 300 311 0 0 0 0 676 541 539 134 0 0 0 0 0 0 286 286 0 3658 3658 0 220 220 245191 1952 0 190911 0 0 0 0 0 0 0 0 0 0 0 0 0 0 0 9 246 0 0 517 2080 2718 1669 1396 4890 3534 2433 1720 3 274
20150604 12:39:30 7 0 5 0 0 0 0 87 13 12619 12160 2 1007 0 0.27 0.25 0.17 8175576 2311536 5864040 0 443016 827912 332684 452280 2914432 8386556 0 8386556 0 0 2000 0 0 595424 0 3147 277 1 0 0 0 68232 559 289 0 0 300 105 0 0 0 0 829 775 589 195 0 0 0 0 0 0 365 365 0 3147 3147 0 1 1 246941 1952 0 191787 0 0 0 0 0 0 0 0 0 0 0 0 0 0 0 8 349 0 0 334 1418 2657 1669 1367 4882 3531 2430 1719 2 276
20150604 12:39:40 2 0 2 0 0 0 0 96 4 7782 3016 2 1007 1 0.23 0.24 0.17 8175576 2316560 5859016 0 443016 824680 335540 454044 2914432 8386556 0 8386556 0 0 840 0 0 594928 0 877 378 0 0 0 0 70256 559 289 0 0 300 105 0 0 0 0 304 301 65 79 0 0 0 0 0 0 61 61 0 877 877 0 0 0 248451 1952 0 192541 0 0 0 0 0 0 0 0 0 0 0 0 0 0 0 10 145 0 0 269 1471 2730 1674 1370 4879 3531 2428 1718 2 275
20150604 12:39:50 2 0 2 0 0 0 0 97 3 7942 2897 2 1007 1 0.19 0.23 0.17 8175576 2319680 5855896 0 443016 825800 334504 454716 2914432 8386556 0 8386556 0 0 768 0 0 596016 0 2021 145 0 0 0 0 68268 559 289 0 0 300 105 0 0 0 0 251 250 56 69 0 0 0 0 0 0 132 132 0 2021 2021 0 203 203 249815 1952 0 193223 0 0 0 0 0 0 0 0 0 0 0 0 0 0 0 7 114 0 0 68 1469 2657 1684 1370 4879 3533 2428 1716 2 275
20150604 12:40:00 1 0 1 0 0 0 0 97 3 7205 2439 2 1005 0 0.16 0.23 0.17 8175576 2323348 5852228 0 443016 826348 336172 454676 2914432 8386556 0 8386556 0 0 312 0 0 596524 0 635 52 0 0 0 0 69112 559 289 0 0 300 141 0 0 0 0 257 255 50 60 0 0 0 0 0 0 55 55 0 635 635 0 0 0 250853 1952 0 193733 0 0 0 0 0 0 0 0 0 0 0 0 0 0 0 6 124 0 0 80 1473 2650 1673 1373 4882 3530 2426 1716 3 274
20150604 12:40:10 4 0 3 0 0 0 0 93 7 8513 5136 8 1005 6 0.14 0.22 0.16 8175576 2334660 5840916 0 443020 825624 340440 456364 2920036 8386556 0 8386556 0 0 1812 0 0 597136 0 1316 2261 0 0 0 0 72352 559 289 0 0 300 310 0 0 0 0 435 392 231 109 0 0 0 0 0 0 129 129 0 1314 1314 0 2 2 252521 1888 0 194566 0 0 0 0 0 0 0 0 0 0 0 0 0 0 0 11 176 0 0 397 1343 2676 1672 1367 4880 3530 2425 1712 4 272
20150604 12:40:20 5 0 4 1 0 0 0 89 9 11576 9306 2 1005 4 0.12 0.21 0.16 8175576 2340088 5835488 0 443020 828880 338076 458708 2920036 8386556 0 8386556 0 0 2504 0 0 596952 0 4216 351 1 0 0 0 68756 559 289 0 0 300 340 0 0 0 0 663 555 523 144 0 0 0 0 0 0 376 376 0 4217 4217 0 251 251 253995 1888 0 195304 0 0 0 0 0 0 0 0 0 0 0 0 0 0 0 8 245 0 0 226 1126 2638 1676 1323 4884 3531 2426 1713 3 272
20150604 12:40:30 4 0 3 0 0 0 0 93 7 9730 7112 2 1005 0 0.10 0.20 0.16 8175576 2360072 5815504 0 443020 834768 346236 460960 2920036 8386556 0 8386556 0 0 1692 0 0 601240 0 1760 202 0 0 0 0 75836 559 289 0 0 300 140 0 0 0 0 582 474 410 118 0 0 0 0 0 0 220 220 0 1760 1760 0 0 0 255757 1888 0 196185 0 0 0 0 0 0 0 0 0 0 0 0 0 0 0 8 229 0 0 14 634 2617 1624 1270 4877 3526 2420 1712 3 271
20150604 12:40:40 2 0 2 0 0 0 0 96 4 7614 2596 2 1005 0 0.08 0.20 0.16 8175576 2357176 5818400 0 443020 828092 345764 461636 2920036 8386556 0 8386556 0 0 1004 0 0 594648 0 1358 323 1 0 0 0 74348 559 289 0 0 300 107 0 0 0 0 241 242 59 75 0 0 0 0 0 0 66 66 0 1358 1358 0 1 1 257308 1888 0 196956 0 0 0 0 0 0 0 0 0 0 0 0 0 0 0 7 95 0 0 930 869 2660 1652 1260 4880 3527 2420 1712 3 270
20150604 12:40:50 1 0 1 1 0 0 0 96 3 7872 2324 2 1005 1 0.07 0.19 0.16 8175576 2356268 5819308 0 443020 828688 342676 462208 2920036 8386556 0 8386556 0 0 984 0 0 595192 0 2119 95 0 0 0 0 70324 559 289 0 0 300 134 0 0 0 0 278 282 52 71 0 0 0 0 0 0 122 122 0 2119 2119 0 262 262 258324 1888 0 197464 0 0 0 0 0 0 0 0 0 0 0 0 0 0 0 10 143 0 0 863 897 2658 1657 1290 4879 3527 2420 1711 3 270
20150604 12:41:00 0 0 0 0 0 0 0 99 1 7002 870 2 1005 0 0.06 0.18 0.15 8175576 2353872 5821704 0 443020 828660 341136 462420 2920036 8386556 0 8386556 0 0 280 0 0 595236 0 278 46 0 0 0 0 68592 559 289 0 0 300 107 0 0 0 0 170 171 18 25 0 0 0 0 0 0 8 8 0 278 278 0 0 0 258324 1856 0 197464 0 0 0 0 0 0 0 0 0 0 0 0 0 0 0 5 83 0 0 904 953 2660 1701 1290 4878 3527 2419 1712 3 270
20150604 12:41:10 1 0 1 0 0 0 0 99 1 7122 977 8 1005 1 0.05 0.18 0.15 8175576 2354480 5821096 0 443020 828688 339296 462420 2920036 8386556 0 8386556 0 0 88 0 0 595252 0 147 2161 0 0 0 0 66656 559 289 0 0 300 107 0 0 0 0 170 169 18 18 0 0 0 0 0 0 4 4 0 147 147 0 1 1 258324 1952 0 197464 0 0 0 0 0 0 0 0 0 0 0 0 0 0 0 4 87 0 0 949 1021 2698 1719 1278 4877 3526 2419 1711 3 270
20150604 12:41:20 0 0 0 1 0 0 0 98 1 7219 1038 3 1005 0 0.04 0.17 0.15 8175576 2353116 5822460 0 443020 828692 338596 462420 2920036 8386556 0 8386556 0 0 100 0 0 595248 0 1197 336 0 0 0 0 65956 559 289 0 0 300 107 0 0 0 0 178 178 19 19 0 0 0 0 0 0 86 86 0 1197 1197 0 203 203 258324 1888 0 197464 0 0 0 0 0 0 0 0 0 0 0 0 0 0 0 4 94 0 0 921 1089 2697 1736 1279 4877 3526 2419 1711 3 270
