################################################################################
# Collectl:   V3.6.0-1  HiRes: 1  Options: -o z -D -P -i 10 -f /mnt/vol2/msevilla/ceph-logs/osd/cpu/ 
# Host:       issdm-0  DaemonOpts: -f /var/log/collectl -r00:00,7 -m -F60 -s+YZ
# Distro:       Platform: H8DMR-82
# Date:       20150604-122918  Secs: 1433446158 TZ: -0700
# SubSys:     bcdfijmnstYZ Options: z Interval: 10:60 NumCPUs: 4  NumBud: 4 Flags: i
# Filters:    NfsFilt:  EnvFilt: 
# HZ:         100  Arch: x86_64-linux-gnu-thread-multi PageSize: 4096
# Cpu:        AuthenticAMD Speed(MHz): 2010.210 Cores: 2  Siblings: 2
# Kernel:     3.4.0-030400-generic  Memory: 8177412 kB  Swap: 8386556 kB
# NumDisks:   5 DiskNames: sda sdb sdc sdd sde
# NumNets:    4 NetNames: eth0:?? eth1:1000 eth2:1000 lo:
# NumSlabs:   133 Version: 2.1
# IConnect:   NumHCAs: 1 PortStates: 0 IBVersion:  PQVersion: 
# SCSI:       DA:0:00:00:00 DA:1:00:00:00 DA:2:00:00:00 DA:3:00:00:00 DA:4:00:00:00 CD:6:00:01:00
################################################################################
#Date Time [CPU]User% [CPU]Nice% [CPU]Sys% [CPU]Wait% [CPU]Irq% [CPU]Soft% [CPU]Steal% [CPU]Idle% [CPU]Totl% [CPU]Intrpt/sec [CPU]Ctx/sec [CPU]Proc/sec [CPU]ProcQue [CPU]ProcRun [CPU]L-Avg1 [CPU]L-Avg5 [CPU]L-Avg15 [MEM]Tot [MEM]Used [MEM]Free [MEM]Shared [MEM]Buf [MEM]Cached [MEM]Slab [MEM]Map [MEM]Commit [MEM]SwapTot [MEM]SwapUsed [MEM]SwapFree [MEM]SwapIn [MEM]SwapOut [MEM]Dirty [MEM]Clean [MEM]Laundry [MEM]Inactive [MEM]PageIn [MEM]PageOut [MEM]PageFaults [MEM]PageMajFaults [MEM]HugeTotal [MEM]HugeFree [MEM]HugeRsvd [MEM]SUnreclaim [SOCK]Used [SOCK]Tcp [SOCK]Orph [SOCK]Tw [SOCK]Alloc [SOCK]Mem [SOCK]Udp [SOCK]Raw [SOCK]Frag [SOCK]FragMem [NET]RxPktTot [NET]TxPktTot [NET]RxKBTot [NET]TxKBTot [NET]RxCmpTot [NET]RxMltTot [NET]TxCmpTot [NET]RxErrsTot [NET]TxErrsTot [DSK]ReadTot [DSK]WriteTot [DSK]OpsTot [DSK]ReadKBTot [DSK]WriteKBTot [DSK]KbTot [DSK]ReadMrgTot [DSK]WriteMrgTot [DSK]MrgTot [INODE]NumDentry [INODE]openFiles [INODE]MaxFile% [INODE]used [NFS]ReadsS [NFS]WritesS [NFS]MetaS [NFS]CommitS [NFS]Udp [NFS]Tcp [NFS]TcpConn [NFS]BadAuth [NFS]BadClient [NFS]ReadsC [NFS]WritesC [NFS]MetaC [NFS]CommitC [NFS]Retrans [NFS]AuthRef [TCP]PureAcks [TCP]HPAcks [TCP]Loss [TCP]FTrans [BUD]1Page [BUD]2Pages [BUD]4Pages [BUD]8Pages [BUD]16Pages [BUD]32Pages [BUD]64Pages [BUD]128Pages [BUD]256Pages [BUD]512Pages [BUD]1024Pages
20150604 12:30:10 2 0 2 0 0 0 0 95 5 8524 4908 9 958 0 0.04 0.18 0.21 8177412 1598548 6578864 0 288692 729780 164092 324752 2722884 8386556 0 8386556 0 0 4808 0 0 539228 0 622 2209 0 0 0 0 32860 539 291 0 0 302 145 0 0 0 0 338 376 164 66 0 0 0 0 0 0 89 89 0 623 623 0 2 2 117333 1856 0 96640 0 0 0 0 0 0 0 0 0 0 0 0 0 0 0 14 160 0 0 1207 1764 967 974 742 329 199 165 157 86 1453
20150604 12:30:20 3 0 2 0 0 0 0 95 5 10172 6532 2 958 6 0.03 0.17 0.20 8177412 1603352 6574060 0 288692 735792 164112 325852 2723900 8386556 0 8386556 0 0 1008 0 0 544932 0 1958 112 0 0 0 0 32812 539 291 0 0 302 174 0 0 0 0 589 463 509 74 0 0 0 0 0 0 217 217 0 1958 1958 0 0 0 117333 1856 0 96641 0 0 0 0 0 0 0 0 0 0 0 0 0 0 0 13 220 0 0 1112 1559 960 971 694 329 199 165 157 86 1453
20150604 12:30:30 2 0 1 0 0 0 0 97 3 9344 4544 2 958 0 0.03 0.17 0.20 8177412 1602612 6574800 0 288692 735616 164120 325356 2723900 8386556 0 8386556 0 0 2844 0 0 544712 0 1026 80 1 0 0 0 32780 539 291 0 0 302 112 0 0 0 0 477 343 404 50 0 0 0 0 0 0 143 143 0 1026 1026 0 0 0 117337 1888 0 96642 0 0 0 0 0 0 0 0 0 0 0 0 0 0 0 12 170 0 0 1444 1550 967 975 688 329 199 165 157 86 1453
20150604 12:30:40 2 0 1 0 0 0 0 96 3 8502 3900 2 958 6 0.02 0.16 0.20 8177412 1604648 6572764 0 288692 738164 164132 325860 2723900 8386556 0 8386556 0 0 1372 0 0 546872 0 871 65 0 0 0 0 32780 539 291 0 0 302 177 0 0 0 0 314 335 168 56 0 0 0 0 0 0 94 94 0 863 863 0 0 0 117337 1856 0 96643 0 0 0 0 0 0 0 0 0 0 0 0 0 0 0 12 138 0 0 1253 1347 973 981 689 329 199 165 157 86 1453
20150604 12:30:50 2 0 1 0 0 0 0 96 4 9174 5159 2 958 0 0.02 0.16 0.20 8177412 1609000 6568412 0 288692 742592 164268 326328 2723900 8386556 0 8386556 0 0 3960 0 0 551368 0 952 67 0 0 0 0 32780 539 291 0 0 302 112 0 0 0 0 440 364 358 60 0 0 0 0 0 0 158 158 0 960 960 0 0 0 117337 1856 0 96643 0 0 0 0 0 0 0 0 0 0 0 0 0 0 0 11 170 0 0 1189 1149 968 973 655 329 199 165 157 86 1453
20150604 12:31:00 0 0 0 0 0 0 0 99 1 6796 892 3 958 0 0.02 0.15 0.20 8177412 1608988 6568424 0 288692 742592 164268 326328 2723900 8386556 0 8386556 0 0 8 0 0 551352 0 400 28 0 0 0 0 32780 539 291 0 0 302 112 0 0 0 0 181 180 19 19 0 0 0 0 0 0 2 2 0 400 400 0 0 0 117329 1856 0 96635 0 0 0 0 0 0 0 0 0 0 0 0 0 0 0 11 93 0 0 1150 1164 969 974 655 329 199 165 157 86 1453
20150604 12:31:10 1 0 0 0 0 0 0 99 1 7343 1132 9 958 0 0.33 0.21 0.22 8177412 1612124 6565288 0 288692 742616 164264 326428 2724032 8386556 0 8386556 0 0 72 0 0 551372 0 14 2114 0 0 0 0 32772 539 291 0 0 302 112 0 0 0 0 207 206 22 22 0 0 0 0 0 0 2 2 0 14 14 0 1 1 117337 1856 0 96643 0 0 0 0 0 0 0 0 0 0 0 0 0 0 0 13 104 0 0 998 1076 1001 993 661 323 191 164 157 86 1453
20150604 12:31:20 0 0 0 0 0 0 0 99 1 6642 838 2 958 0 0.28 0.21 0.21 8177412 1610636 6566776 0 288692 742616 164264 326432 2724032 8386556 0 8386556 0 0 28 0 0 551372 0 4 28 0 0 0 0 32772 539 291 0 0 302 146 0 0 0 0 173 176 18 19 0 0 0 0 0 0 1 1 0 4 4 0 0 0 117337 1856 0 96643 0 0 0 0 0 0 0 0 0 0 0 0 0 0 0 12 88 0 0 1203 1121 1000 993 668 323 191 164 157 86 1453
20150604 12:31:30 0 0 0 0 0 0 0 99 1 7128 979 2 958 0 0.24 0.20 0.21 8177412 1610184 6567228 0 288692 742628 164264 326432 2724032 8386556 0 8386556 0 0 44 0 0 551380 0 0 28 0 0 0 0 32772 539 291 0 0 302 111 0 0 0 0 196 192 20 21 0 0 0 0 0 0 0 0 0 0 0 0 0 0 117339 1856 0 96643 0 0 0 0 0 0 0 0 0 0 0 0 0 0 0 11 96 0 0 1221 1129 1008 993 669 323 191 164 157 86 1453
20150604 12:31:40 2 0 2 0 0 0 0 96 4 8005 4266 2 958 0 0.20 0.19 0.21 8177412 1617496 6559916 0 288692 744100 166936 325508 2724032 8386556 0 8386556 0 0 956 0 0 552776 0 1015 57 0 0 0 0 35420 539 291 0 0 302 144 0 0 0 0 315 301 67 67 0 0 0 0 0 0 138 138 0 1015 1015 0 60 60 118953 1856 0 97450 0 0 0 0 0 0 0 0 0 0 0 0 0 0 0 14 145 0 0 577 897 986 894 673 322 191 165 157 86 1453
20150604 12:31:50 6 0 5 0 0 1 0 88 11 11644 12495 2 958 0 0.17 0.19 0.21 8177412 1627232 6550180 0 288692 743212 171236 323540 2724032 8386556 0 8386556 0 0 3640 0 0 551580 0 2653 241 2 0 0 0 39428 539 291 0 0 302 109 0 0 0 0 747 684 563 165 0 0 0 0 0 0 365 365 0 2653 2653 0 19 19 120640 1888 0 98290 0 0 0 0 0 0 0 0 0 0 0 0 0 0 0 20 308 0 0 897 664 680 785 663 321 191 165 157 86 1453
20150604 12:32:00 4 0 4 0 0 0 0 92 8 8012 3731 17 961 2 0.14 0.18 0.21 8177412 1636716 6540696 0 288692 739696 171120 333024 2733756 8386556 0 8386556 0 0 1044 0 0 548460 0 1586 9131 0 0 0 0 39088 539 291 0 0 302 144 0 0 0 0 283 268 54 72 0 0 0 0 0 0 106 106 0 1586 1586 0 140 140 121769 1856 0 98856 0 0 0 0 0 0 0 0 0 0 0 0 0 0 0 16 131 0 0 901 510 389 765 659 301 190 165 157 86 1453
20150604 12:32:10 11 0 4 0 0 0 0 85 15 7766 4879 19 958 0 0.20 0.19 0.21 8177412 1629952 6547460 0 288700 740740 168420 324996 2724796 8386556 0 8386556 0 0 1340 0 0 549472 0 2054 15189 0 0 0 0 35828 540 292 0 0 303 109 0 0 0 0 315 298 70 80 0 0 0 0 0 0 180 180 0 2054 2054 0 179 179 123220 1888 0 99574 0 0 0 0 0 0 0 0 0 0 0 0 0 0 0 19 141 0 0 1417 644 402 883 683 325 195 165 159 88 1450
20150604 12:32:20 2 0 2 0 0 0 0 95 5 8297 4814 2 958 0 0.57 0.27 0.24 8177412 1626416 6550996 0 288700 729184 173088 321884 2724796 8386556 0 8386556 0 0 916 0 0 538212 0 1289 164 1 0 0 0 39472 540 292 0 0 303 143 0 0 0 0 352 332 71 80 0 0 0 0 0 0 161 161 0 1289 1289 0 46 46 124815 1856 0 100365 0 0 0 0 0 0 0 0 0 0 0 0 0 0 0 18 175 0 0 1781 1314 408 710 687 324 195 165 159 87 1451
20150604 12:32:30 2 0 2 0 0 0 0 96 4 7829 4169 2 952 0 0.48 0.26 0.23 8177412 1627540 6549872 0 288700 726112 174912 322748 2724796 8386556 0 8386556 0 0 1184 0 0 535380 0 1169 56 0 0 0 0 40436 537 289 0 3 300 143 0 0 0 0 284 271 63 76 0 0 0 0 0 0 107 107 0 1169 1169 0 84 84 126362 1856 0 101136 0 0 0 0 0 0 0 0 0 0 0 0 0 0 0 16 126 0 0 2178 1313 400 679 664 325 194 165 159 87 1451
20150604 12:32:40 6 0 5 1 0 0 0 88 11 12183 12934 2 952 0 0.41 0.25 0.23 8177412 1636520 6540892 0 288700 730452 173704 325136 2726844 8386556 0 8386556 0 0 1140 0 0 539328 0 4574 250 1 0 0 0 38192 537 289 0 3 300 109 0 0 0 0 741 678 567 173 0 0 0 0 0 0 476 476 0 4574 4574 0 229 229 127966 1856 0 101938 0 0 0 0 0 0 0 0 0 0 0 0 0 0 0 19 294 0 0 1435 950 296 640 657 323 192 167 159 87 1451
20150604 12:32:50 2 0 2 0 0 0 0 96 4 7668 4601 2 952 0 0.34 0.24 0.23 8177412 1639732 6537680 0 288700 727188 176796 325176 2726844 8386556 0 8386556 0 0 1396 0 0 536412 0 984 55 0 0 0 0 40472 537 289 0 3 300 144 0 0 0 0 322 301 67 80 0 0 0 0 0 0 144 144 0 984 984 0 45 45 129496 1888 0 102702 0 0 0 0 0 0 0 0 0 0 0 0 0 0 0 18 164 0 0 1538 1119 307 541 626 323 192 167 159 87 1451
20150604 12:33:00 4 0 3 0 0 0 0 92 8 10051 8525 2 952 0 0.36 0.25 0.23 8177412 1651960 6525452 0 288700 733652 179484 326432 2726844 8386556 0 8386556 0 0 3868 0 0 542632 0 2597 85 0 0 0 0 42116 537 289 0 3 300 109 0 0 0 0 638 464 520 112 0 0 0 0 0 0 346 346 0 2597 2597 0 133 133 131150 1888 0 103529 0 0 0 0 0 0 0 0 0 0 0 0 0 0 0 15 230 0 0 813 909 265 519 528 323 192 167 159 87 1451
20150604 12:33:10 2 0 2 1 0 0 0 94 5 8386 4627 10 952 0 0.31 0.24 0.23 8177412 1657580 6519832 0 288704 735008 178408 326560 2726860 8386556 0 8386556 0 0 1584 0 0 543964 0 2404 2438 0 0 0 0 40068 537 289 0 3 300 143 0 0 0 0 298 280 71 79 0 0 0 0 0 0 202 202 0 2404 2404 0 190 190 132702 1856 0 104306 0 0 0 0 0 0 0 0 0 0 0 0 0 0 0 16 133 0 0 828 835 255 445 514 310 192 167 159 87 1451
20150604 12:33:20 4 0 3 0 0 0 0 92 7 10833 8571 2 952 0 0.34 0.25 0.23 8177412 1668332 6509080 0 288704 741744 179536 328680 2728908 8386556 0 8386556 0 0 3596 0 0 550412 0 2212 159 0 0 0 0 40564 537 289 0 3 300 110 0 0 0 0 648 530 517 121 0 0 0 0 0 0 290 290 0 2212 2212 0 46 46 133540 1824 0 104724 0 0 0 0 0 0 0 0 0 0 0 0 0 0 0 17 251 0 0 832 503 252 415 405 309 192 167 159 87 1451
20150604 12:33:30 2 0 2 0 0 0 0 95 5 7791 4490 2 952 0 0.29 0.24 0.23 8177412 1674060 6503352 0 288704 738408 184460 328304 2729932 8386556 0 8386556 0 0 4092 0 0 547028 0 1178 100 1 0 0 0 44348 537 289 0 0 300 139 0 0 0 0 327 310 70 78 0 0 0 0 0 0 150 150 0 1178 1178 0 73 73 135194 1856 0 105551 0 0 0 0 0 0 0 0 0 0 0 0 0 0 0 15 155 0 0 1353 438 258 416 321 294 192 167 159 87 1451
20150604 12:33:40 6 0 5 1 0 0 0 88 11 12224 12785 2 952 1 0.24 0.23 0.22 8177412 1684752 6492660 0 288704 747240 181416 331936 2733004 8386556 0 8386556 0 0 5572 0 0 555532 0 4261 220 0 0 0 0 40500 537 289 0 0 300 111 0 0 0 0 729 706 566 173 0 0 0 0 0 0 477 477 0 4261 4261 0 200 200 136578 1856 0 106244 0 0 0 0 0 0 0 0 0 0 0 0 0 0 0 20 303 0 0 819 5 140 435 339 264 189 166 159 87 1451
20150604 12:33:50 1 0 2 0 0 0 0 97 3 7860 3230 2 952 0 0.21 0.23 0.22 8177412 1692348 6485064 0 288704 748072 185636 332344 2733004 8386556 0 8386556 0 0 1076 0 0 556376 0 1169 61 0 0 0 0 43848 537 289 0 0 300 144 0 0 0 0 310 302 58 71 0 0 0 0 0 0 97 97 0 1169 1169 0 38 38 137746 1856 0 106827 0 0 0 0 0 0 0 0 0 0 0 0 0 0 0 19 153 0 0 816 5 88 411 310 234 188 166 159 87 1451
20150604 12:34:00 2 0 2 0 0 0 0 96 4 7675 3983 2 952 0 0.17 0.22 0.22 8177412 1696928 6480484 0 288708 745128 188132 331932 2734028 8386556 0 8386556 0 0 1052 0 0 553652 0 1386 69 0 0 0 0 45328 537 289 0 0 300 109 0 0 0 0 281 267 62 69 0 0 0 0 0 0 161 161 0 1386 1386 0 100 100 139280 1856 0 107592 0 0 0 0 0 0 0 0 0 0 0 0 0 0 0 15 129 0 0 1065 114 55 412 289 202 188 165 159 87 1451
20150604 12:34:10 8 0 5 1 0 0 0 85 13 12826 14409 9 952 0 0.23 0.23 0.22 8177412 1706556 6470856 0 288712 744912 186904 337832 2739180 8386556 0 8386556 0 0 3144 0 0 553136 0 4353 2424 2 0 0 0 43176 537 289 0 0 300 109 0 0 0 0 785 760 578 184 0 0 0 0 0 0 486 486 0 4353 4353 0 176 176 140918 1856 0 108412 0 0 0 0 0 0 0 0 0 0 0 0 0 0 0 21 330 0 0 1012 200 97 345 335 157 187 158 157 87 1451
20150604 12:34:20 7 0 5 1 0 0 0 87 12 12715 13648 2 952 0 0.19 0.22 0.22 8177412 1720860 6456552 0 288712 749764 188980 343320 2745324 8386556 0 8386556 0 0 5748 0 0 557604 0 3440 328 1 0 0 0 44092 537 289 0 0 300 109 0 0 0 0 757 740 575 184 0 0 0 0 0 0 473 473 0 3440 3440 0 65 65 142450 1888 0 109178 0 0 0 0 0 0 0 0 0 0 0 0 0 0 0 16 322 0 0 816 3 3 163 308 145 184 159 156 87 1451
20150604 12:34:30 3 0 2 0 0 0 0 95 5 8116 5343 2 952 5 0.16 0.21 0.22 8177412 1728848 6448564 0 288712 751948 193056 344224 2745324 8386556 0 8386556 0 0 7168 0 0 559628 0 1243 75 0 0 0 0 47364 537 289 0 0 300 205 0 0 0 0 350 337 149 88 0 0 0 0 0 0 143 143 0 1240 1240 0 75 75 143734 1824 0 109820 0 0 0 0 0 0 0 0 0 0 0 0 0 0 0 13 152 0 0 845 2 4 160 293 122 172 159 155 87 1451
20150604 12:34:40 5 0 4 1 0 0 0 90 9 10799 10396 2 952 2 0.29 0.24 0.23 8177412 1735808 6441604 0 288716 754364 190996 346268 2748524 8386556 0 8386556 0 0 5428 0 0 561844 0 4110 208 1 0 0 0 44084 537 289 0 0 300 221 0 0 0 0 677 529 533 129 0 0 0 0 0 0 419 419 0 4107 4107 0 202 202 145262 1856 0 110585 0 0 0 0 0 0 0 0 0 0 0 0 0 0 0 12 256 0 0 1190 177 35 87 281 109 165 158 156 85 1451
20150604 12:34:50 4 0 3 0 0 0 0 92 8 9849 8862 2 952 0 0.25 0.23 0.23 8177412 1744392 6433020 0 288716 756336 194652 346288 2748524 8386556 0 8386556 0 0 5300 0 0 563876 0 2259 88 0 0 0 0 46652 537 289 0 0 300 109 0 0 0 0 624 478 449 117 0 0 0 0 0 0 312 312 0 2265 2265 0 46 46 146886 1856 0 111396 0 0 0 0 0 0 0 0 0 0 0 0 0 0 0 13 257 0 0 1367 150 29 37 264 105 150 158 156 86 1450
20150604 12:35:00 2 0 2 0 0 0 0 95 5 7477 4823 2 952 0 0.21 0.22 0.22 8177412 1750140 6427272 0 288716 753584 198804 347500 2748524 8386556 0 8386556 0 0 1164 0 0 561416 0 1984 59 0 0 0 0 49712 537 289 0 0 300 109 0 0 0 0 320 303 71 84 0 0 0 0 0 0 157 157 0 1983 1983 0 142 142 148610 1888 0 112257 0 0 0 0 0 0 0 0 0 0 0 0 0 0 0 12 161 0 0 1606 198 38 43 270 76 138 156 156 86 1450
20150604 12:35:10 2 0 2 0 0 0 0 96 4 8114 3667 9 952 0 0.34 0.25 0.23 8177412 1750080 6427332 0 288716 754376 194652 347548 2748524 8386556 0 8386556 0 0 1208 0 0 562200 0 2041 2231 0 0 0 0 44828 537 289 0 0 300 144 0 0 0 0 304 286 57 72 0 0 0 0 0 0 146 146 0 2041 2041 0 186 186 149750 1888 0 112826 0 0 0 0 0 0 0 0 0 0 0 0 0 0 0 14 149 0 0 1292 322 52 104 305 73 130 153 156 86 1450
20150604 12:35:20 2 0 2 0 0 0 0 96 4 8112 4284 2 952 0 0.29 0.24 0.23 8177412 1759588 6417824 0 288716 755336 200520 347376 2749548 8386556 0 8386556 0 0 992 0 0 563120 0 861 75 0 0 0 0 49752 537 289 0 0 300 143 0 0 0 0 298 283 64 70 0 0 0 0 0 0 135 135 0 861 861 0 35 35 151276 1888 0 113588 0 0 0 0 0 0 0 0 0 0 0 0 0 0 0 9 144 0 0 1046 329 52 46 264 66 119 152 156 86 1450
20150604 12:35:30 4 0 4 0 0 0 0 91 9 10766 9927 2 952 0 0.24 0.23 0.23 8177412 1765880 6411532 0 288716 753708 199464 353352 2753772 8386556 0 8386556 0 0 2048 0 0 561560 0 2962 257 1 0 0 0 47620 537 289 0 0 300 177 0 0 0 0 665 524 533 128 0 0 0 0 0 0 345 345 0 2962 2962 0 71 71 152868 1856 0 114384 0 0 0 0 0 0 0 0 0 0 0 0 0 0 0 14 246 0 0 1201 119 45 74 258 68 116 148 155 87 1449
20150604 12:35:40 5 0 3 1 0 0 0 91 8 11011 9332 2 952 0 0.20 0.23 0.22 8177412 1777584 6399828 0 288716 756048 199384 357672 2758924 8386556 0 8386556 0 0 964 0 0 563636 0 3883 269 1 0 0 0 46708 537 289 0 0 300 109 0 0 0 0 672 536 529 127 0 0 0 0 0 0 378 378 0 3883 3883 0 214 214 154178 1888 0 115040 0 0 0 0 0 0 0 0 0 0 0 0 0 0 0 13 247 0 0 1421 100 32 56 192 68 115 148 154 86 1448
20150604 12:35:50 2 0 2 0 0 0 0 96 4 7525 3859 2 952 0 0.17 0.22 0.22 8177412 1782432 6394980 0 288716 752912 204608 359388 2760076 8386556 0 8386556 0 0 1256 0 0 560848 0 732 75 0 0 0 0 50960 537 289 0 0 300 143 0 0 0 0 319 304 64 76 0 0 0 0 0 0 102 102 0 732 732 0 37 37 155588 1856 0 115744 0 0 0 0 0 0 0 0 0 0 0 0 0 0 0 14 157 0 0 1607 315 43 32 181 63 106 142 154 86 1448
20150604 12:36:00 3 0 2 0 0 0 0 95 5 7767 4828 2 952 0 0.15 0.21 0.22 8177412 1783928 6393484 0 288716 749588 204772 360252 2761132 8386556 0 8386556 0 0 796 0 0 557500 0 1904 104 1 0 0 0 50028 537 289 0 0 300 110 0 0 0 0 301 281 69 79 0 0 0 0 0 0 174 174 0 1904 1904 0 119 119 157356 1888 0 116627 0 0 0 0 0 0 0 0 0 0 0 0 0 0 0 11 146 0 0 1475 340 86 84 216 72 99 144 150 85 1448
20150604 12:36:10 3 0 2 0 0 0 0 95 5 8061 4531 9 952 0 0.28 0.24 0.23 8177412 1791072 6386340 0 288716 750768 206580 359596 2761132 8386556 0 8386556 0 0 1468 0 0 558704 0 1699 2132 0 0 0 0 50892 537 289 0 0 300 143 0 0 0 0 299 279 63 73 0 0 0 0 0 0 169 169 0 1699 1699 0 158 158 158836 1888 0 117366 0 0 0 0 0 0 0 0 0 0 0 0 0 0 0 13 140 0 0 1229 334 98 79 190 63 96 139 150 85 1448
20150604 12:36:20 7 0 5 1 0 1 0 87 12 12250 13485 2 952 0 0.24 0.23 0.23 8177412 1798904 6378508 0 288716 747476 210448 364124 2765228 8386556 0 8386556 0 0 1068 0 0 555376 0 3659 408 2 0 0 0 53832 537 289 0 0 300 143 0 0 0 0 794 752 574 179 0 0 0 0 0 0 446 446 0 3659 3659 0 80 80 160343 1856 0 118115 0 0 0 0 0 0 0 0 0 0 0 0 0 0 0 14 352 0 0 1033 257 132 97 196 63 97 137 149 84 1447
20150604 12:36:30 4 0 3 0 0 0 0 93 7 9806 7710 2 952 0 0.83 0.35 0.27 8177412 1803096 6374316 0 288716 749912 210344 363944 2765228 8386556 0 8386556 0 0 3144 0 0 557868 0 2280 88 0 0 0 0 52960 537 289 0 0 300 109 0 0 0 0 626 470 513 109 0 0 0 0 0 0 258 258 0 2279 2279 0 76 76 161501 1856 0 118692 0 0 0 0 0 0 0 0 0 0 0 0 0 0 0 12 233 0 0 821 119 146 104 208 68 99 134 148 83 1447
20150604 12:36:40 2 0 2 1 0 0 0 95 4 8072 4894 2 952 0 0.70 0.34 0.26 8177412 1803516 6373896 0 288720 747032 210188 364580 2765228 8386556 0 8386556 0 0 992 0 0 555340 0 2394 57 0 0 0 0 51756 537 289 0 0 300 109 0 0 0 0 324 304 70 82 0 0 0 0 0 0 192 192 0 2394 2394 0 198 198 163153 1888 0 119517 0 0 0 0 0 0 0 0 0 0 0 0 0 0 0 12 158 0 0 890 120 126 156 242 71 97 136 147 83 1446
20150604 12:36:50 9 0 6 1 0 0 0 85 15 13684 17157 2 952 0 0.68 0.35 0.27 8177412 1816136 6361276 0 288720 749080 213260 369452 2769324 8386556 0 8386556 0 0 3804 0 0 557124 0 4349 471 2 0 0 0 54004 537 289 0 0 300 110 0 0 0 0 1049 866 1017 204 0 0 0 0 0 0 566 566 0 4349 4349 0 36 36 164514 1856 0 120194 0 0 0 0 0 0 0 0 0 0 0 0 0 0 0 14 374 0 0 941 93 40 79 169 65 96 136 144 83 1446
20150604 12:37:00 2 0 2 0 0 0 0 95 4 8189 4433 2 952 0 0.57 0.34 0.26 8177412 1822468 6354944 0 288720 750360 214992 369964 2770348 8386556 0 8386556 0 0 1916 0 0 558400 0 1853 67 0 0 0 0 54696 537 289 0 0 300 110 0 0 0 0 307 293 67 79 0 0 0 0 0 0 147 147 0 1853 1853 0 149 149 166108 1856 0 120990 0 0 0 0 0 0 0 0 0 0 0 0 0 0 0 11 148 0 0 826 27 32 92 181 65 95 136 142 81 1446
20150604 12:37:10 2 0 2 0 0 0 0 95 4 8151 3769 9 952 0 0.48 0.33 0.26 8177412 1827152 6350260 0 288720 751216 214220 370036 2771372 8386556 0 8386556 0 0 1168 0 0 559232 0 1784 2158 0 0 0 0 53120 535 287 0 2 298 145 0 0 0 0 311 298 60 70 0 0 0 0 0 0 152 152 0 1784 1784 0 141 141 167394 1856 0 121630 0 0 0 0 0 0 0 0 0 0 0 0 0 0 0 11 157 0 0 847 39 38 37 169 68 98 135 139 81 1446
20150604 12:37:20 7 0 5 1 0 0 0 87 12 11670 12611 2 952 0 0.41 0.32 0.26 8177412 1839360 6338052 0 288720 751764 216352 375340 2776492 8386556 0 8386556 0 0 4020 0 0 559516 0 3675 440 2 0 0 0 54016 535 287 0 2 298 110 0 0 0 0 762 695 571 176 0 0 0 0 0 0 382 382 0 3435 3435 0 115 115 169289 1824 0 122573 0 0 0 0 0 0 0 0 0 0 0 0 0 0 0 14 316 0 0 831 179 60 104 133 67 98 135 136 78 1445
20150604 12:37:30 4 0 3 0 0 0 0 92 7 9738 7803 2 952 5 0.35 0.30 0.26 8177412 1849436 6327976 0 288720 757408 217740 377592 2778540 8386556 0 8386556 0 0 3012 0 0 564672 0 2414 142 0 0 0 0 54584 535 287 0 2 298 213 0 0 0 0 536 466 395 121 0 0 0 0 0 0 265 265 0 2653 2653 0 88 88 170587 1856 0 123223 0 0 0 0 0 0 0 0 0 0 0 0 0 0 0 12 198 0 0 830 6 4 38 78 66 98 135 136 77 1445
20150604 12:37:40 6 0 4 1 0 0 0 89 11 11444 10923 2 952 5 0.29 0.29 0.25 8177412 1851932 6325480 0 288724 751436 217836 381376 2782764 8386556 0 8386556 0 0 3700 0 0 558928 0 3815 273 1 0 0 0 53636 535 287 0 2 298 203 0 0 0 0 624 642 399 162 0 0 0 0 0 0 408 408 0 3812 3812 0 185 185 172169 1856 0 124013 0 0 0 0 0 0 0 0 0 0 0 0 0 0 0 12 280 0 0 1000 91 86 102 69 66 100 137 134 76 1444
20150604 12:37:50 4 0 3 0 0 0 0 92 8 10203 8578 3 953 0 0.40 0.32 0.26 8177412 1862896 6314516 0 288724 752264 222784 383264 2784812 8386556 0 8386556 0 0 2360 0 0 559872 0 2512 153 1 0 0 0 57624 535 287 0 2 298 110 0 0 0 0 543 462 382 113 0 0 0 0 0 0 291 291 0 2359 2359 0 71 71 173701 1856 0 124779 0 0 0 0 0 0 0 0 0 0 0 0 0 0 0 13 224 0 0 835 3 33 91 38 62 97 135 132 75 1444
20150604 12:38:00 1 0 1 0 0 0 0 97 2 7648 2418 2 953 0 0.41 0.32 0.26 8177412 1865352 6312060 0 288724 752840 223628 383832 2784812 8386556 0 8386556 0 0 924 0 0 560424 0 824 43 0 0 0 0 57912 535 287 0 2 298 110 0 0 0 0 240 236 43 52 0 0 0 0 0 0 84 84 0 981 981 0 52 52 174521 1856 0 125189 0 0 0 0 0 0 0 0 0 0 0 0 0 0 0 9 117 0 0 835 12 27 71 46 66 98 137 132 75 1443
20150604 12:38:10 2 0 2 1 0 0 0 95 5 7951 4438 9 953 0 0.35 0.31 0.26 8177412 1870544 6306868 0 288728 753888 222984 383884 2784812 8386556 0 8386556 0 0 1528 0 0 561444 0 1989 2131 0 0 0 0 56276 535 287 0 0 298 109 0 0 0 0 281 261 63 74 0 0 0 0 0 0 200 200 0 1989 1989 0 163 163 176087 1856 0 125975 0 0 0 0 0 0 0 0 0 0 0 0 0 0 0 13 128 0 0 986 79 61 20 24 69 102 137 131 75 1442
20150604 12:38:20 3 0 3 0 0 0 0 94 6 9077 6469 2 953 2 0.30 0.30 0.26 8177412 1877916 6299496 0 288728 756724 225716 382740 2784812 8386556 0 8386556 0 0 2320 0 0 564064 0 1669 80 0 0 0 0 58020 535 287 0 0 298 210 0 0 0 0 397 389 183 102 0 0 0 0 0 0 232 232 0 1669 1669 0 62 62 177585 1856 0 126725 0 0 0 0 0 0 0 0 0 0 0 0 0 0 0 12 181 0 0 912 71 49 79 28 57 101 141 128 72 1442
20150604 12:38:30 4 0 3 0 0 0 0 91 8 10347 9298 2 953 0 0.32 0.31 0.26 8177412 1897188 6280224 0 288728 758948 234440 387860 2789036 8386556 0 8386556 0 0 5004 0 0 566608 0 1883 207 0 0 0 0 65524 535 287 0 0 298 110 0 0 0 0 614 502 434 126 0 0 0 0 0 0 302 302 0 1883 1883 0 56 56 179371 1856 0 127617 0 0 0 0 0 0 0 0 0 0 0 0 0 0 0 12 247 0 0 1102 91 45 14 10 12 97 137 126 69 1442
20150604 12:38:40 2 0 2 0 0 0 0 95 4 8225 4204 4 953 0 0.35 0.32 0.26 8177412 1887716 6289696 0 288728 750824 227728 389148 2790060 8386556 0 8386556 0 0 3284 0 0 558756 0 2907 409 1 0 0 0 57900 535 287 0 0 298 109 0 0 0 0 290 271 61 73 0 0 0 0 0 0 198 198 0 2907 2907 0 236 236 180797 1824 0 128328 0 0 0 0 0 0 0 0 0 0 0 0 0 0 0 12 141 0 0 1468 302 94 75 54 20 96 139 127 68 1442
20150604 12:38:50 2 0 2 0 0 0 0 96 4 7897 4089 2 953 0 0.30 0.30 0.26 8177412 1896932 6280480 0 288728 752168 233780 388100 2790060 8386556 0 8386556 0 0 1620 0 0 560084 0 899 66 0 0 0 0 63024 535 287 0 0 298 109 0 0 0 0 315 296 65 79 0 0 0 0 0 0 122 122 0 899 899 0 22 22 182289 1856 0 129074 0 0 0 0 0 0 0 0 0 0 0 0 0 0 0 13 156 0 0 1326 305 96 47 28 8 96 138 125 67 1442
20150604 12:39:00 4 0 3 0 0 0 0 92 7 10352 8230 2 953 0 0.25 0.29 0.26 8177412 1897144 6280268 0 288728 750632 230832 390336 2791116 8386556 0 8386556 0 0 2796 0 0 558860 0 3006 123 0 0 0 0 59256 535 287 0 0 298 110 0 0 0 0 619 460 516 113 0 0 0 0 0 0 313 313 0 3006 3006 0 148 148 183491 1888 0 129674 0 0 0 0 0 0 0 0 0 0 0 0 0 0 0 12 219 0 0 1139 286 107 77 57 10 96 137 123 67 1442
20150604 12:39:10 3 0 2 1 0 0 0 95 5 8125 4718 9 953 0 0.22 0.29 0.25 8177412 1899796 6277616 0 288728 746804 231900 391132 2791116 8386556 0 8386556 0 0 1064 0 0 555032 0 2231 2333 1 0 0 0 59360 535 287 0 0 298 109 0 0 0 0 295 276 63 70 0 0 0 0 0 0 203 203 0 2231 2231 0 172 172 184983 1856 0 130420 0 0 0 0 0 0 0 0 0 0 0 0 0 0 0 12 141 0 0 1296 460 158 113 47 15 102 139 122 65 1441
20150604 12:39:20 2 0 2 0 0 0 0 96 4 7580 3820 2 953 0 0.18 0.28 0.25 8177412 1906364 6271048 0 288728 747828 235708 391712 2792140 8386556 0 8386556 0 0 1076 0 0 556032 0 1013 75 0 0 0 0 62372 535 287 0 0 298 143 0 0 0 0 306 287 61 76 0 0 0 0 0 0 123 123 0 1013 1013 0 64 64 186301 1856 0 131079 0 0 0 0 0 0 0 0 0 0 0 0 0 0 0 14 150 0 0 1098 448 160 97 40 18 102 139 123 64 1440
20150604 12:39:30 2 0 2 0 0 0 0 96 4 8154 4304 2 953 0 0.23 0.28 0.25 8177412 1912880 6264532 0 288728 744760 241168 393156 2793164 8386556 0 8386556 0 0 1560 0 0 553300 0 870 90 0 0 0 0 66904 535 287 0 0 298 144 0 0 0 0 345 331 69 78 0 0 0 0 0 0 130 130 0 870 870 0 48 48 187833 1888 0 131844 0 0 0 0 0 0 0 0 0 0 0 0 0 0 0 12 181 0 0 1235 363 193 101 46 18 103 136 119 65 1439
20150604 12:39:40 2 0 2 0 0 0 0 95 4 8123 4282 2 953 0 0.19 0.27 0.25 8177412 1912788 6264624 0 288728 745912 236384 394704 2795212 8386556 0 8386556 0 0 1288 0 0 554444 0 2693 81 0 0 0 0 61024 535 287 0 0 298 109 0 0 0 0 316 298 68 81 0 0 0 0 0 0 208 208 0 2693 2693 0 244 244 189467 1856 0 132661 0 0 0 0 0 0 0 0 0 0 0 0 0 0 0 13 152 0 0 1024 334 192 132 83 25 107 138 116 64 1439
20150604 12:39:50 2 0 2 0 0 0 0 96 4 7996 3562 2 953 0 0.16 0.26 0.25 8177412 1919916 6257496 0 288728 742712 241464 396180 2797260 8386556 0 8386556 0 0 1500 0 0 551636 0 668 91 0 0 0 0 65296 535 287 0 0 298 111 0 0 0 0 261 243 56 68 0 0 0 0 0 0 110 110 0 668 668 0 20 20 190797 1888 0 133325 0 0 0 0 0 0 0 0 0 0 0 0 0 0 0 10 120 0 0 948 307 249 111 48 19 104 136 116 63 1439
20150604 12:40:00 2 0 1 0 0 0 0 97 3 7655 3117 2 953 0 0.21 0.27 0.25 8177412 1919324 6258088 0 288728 739512 240344 396692 2797260 8386556 0 8386556 0 0 968 0 0 548700 0 1418 67 0 0 0 0 63532 535 287 0 0 298 143 0 0 0 0 264 253 50 61 0 0 0 0 0 0 128 128 0 1418 1418 0 120 120 191825 1856 0 133838 0 0 0 0 0 0 0 0 0 0 0 0 0 0 0 12 125 0 0 1159 396 269 115 64 19 104 137 117 63 1438
20150604 12:40:10 3 0 2 1 0 0 0 94 5 7615 4659 9 953 0 0.18 0.26 0.25 8177412 1923264 6254148 0 288732 735972 239848 398624 2799308 8386556 0 8386556 0 0 1260 0 0 545140 0 2234 2224 1 0 0 0 62100 535 287 0 0 298 118 0 0 0 0 291 272 64 76 0 0 0 0 0 0 211 211 0 2234 2234 0 177 177 193377 1856 0 134612 0 0 0 0 0 0 0 0 0 0 0 0 0 0 0 12 144 0 0 1111 317 320 150 57 18 103 137 117 61 1438
20150604 12:40:20 2 0 2 0 0 0 0 96 4 7847 3984 2 953 0 0.15 0.25 0.24 8177412 1930188 6247224 0 288732 736932 244272 399124 2799308 8386556 0 8386556 0 0 1156 0 0 546108 0 1024 53 0 0 0 0 65612 535 287 0 0 298 109 0 0 0 0 261 254 58 72 0 0 0 0 0 0 136 136 0 1024 1024 0 56 56 194789 1856 0 135317 0 0 0 0 0 0 0 0 0 0 0 0 0 0 0 12 119 0 0 1146 344 315 131 56 11 101 137 118 60 1437
20150604 12:40:30 9 0 7 1 0 0 0 82 17 14732 18776 2 953 0 0.13 0.25 0.24 8177412 1952140 6225272 0 288732 747480 247864 403728 2804460 8386556 0 8386556 0 0 2388 0 0 556044 0 4954 354 2 0 0 0 68136 535 287 0 0 298 110 0 0 0 0 1124 973 1044 233 0 0 0 0 0 0 668 668 0 4954 4954 0 54 54 196371 1888 0 136109 0 0 0 0 0 0 0 0 0 0 0 0 0 0 0 15 436 0 0 835 4 65 28 14 8 101 138 116 59 1436
20150604 12:40:40 4 0 4 1 0 0 0 91 8 10859 9315 2 953 0 0.19 0.25 0.24 8177412 1961004 6216408 0 288732 750440 243420 410160 2810764 8386556 0 8386556 0 0 3276 0 0 559088 0 4087 270 0 0 0 0 62772 535 287 0 0 298 206 0 0 0 0 632 502 529 126 0 0 0 0 0 0 406 406 0 4087 4087 0 242 242 197827 1888 0 136837 0 0 0 0 0 0 0 0 0 0 0 0 0 0 0 12 229 0 0 836 4 7 18 22 13 92 135 117 60 1434
20150604 12:40:50 2 0 1 0 0 0 0 97 3 7785 2996 2 953 0 0.16 0.25 0.24 8177412 1963244 6214168 0 288732 746632 247040 410744 2810764 8386556 0 8386556 0 0 3600 0 0 555244 0 729 80 1 0 0 0 65740 535 287 0 0 298 104 0 0 0 0 280 274 53 72 0 0 0 0 0 0 87 87 0 729 729 0 19 19 198911 1888 0 137379 0 0 0 0 0 0 0 0 0 0 0 0 0 0 0 14 140 0 0 1463 167 50 19 8 6 86 135 116 59 1434
20150604 12:41:00 0 0 0 0 0 0 0 99 0 6954 1062 2 953 0 0.14 0.24 0.24 8177412 1959448 6217964 0 288732 746632 244156 410748 2810764 8386556 0 8386556 0 0 156 0 0 555268 0 1177 28 0 0 0 0 62848 535 287 0 0 298 110 0 0 0 0 216 213 23 30 0 0 0 0 0 0 42 42 0 1020 1020 0 100 100 198911 1824 0 137379 0 0 0 0 0 0 0 0 0 0 0 0 0 0 0 12 118 0 0 1478 178 57 92 24 7 86 135 116 59 1434
20150604 12:41:10 1 0 1 0 0 0 0 99 1 7356 1190 9 953 0 0.11 0.23 0.23 8177412 1961984 6215428 0 288732 746656 243488 410744 2810764 8386556 0 8386556 0 0 80 0 0 555284 0 352 2108 0 0 0 0 62100 535 287 0 0 298 144 0 0 0 0 177 176 18 19 0 0 0 0 0 0 54 54 0 509 509 0 26 26 198911 1888 0 137379 0 0 0 0 0 0 0 0 0 0 0 0 0 0 0 9 87 0 0 1284 229 98 77 18 8 87 137 117 57 1434
20150604 12:41:20 0 0 0 0 0 0 0 99 1 6854 938 2 953 0 0.10 0.22 0.23 8177412 1960372 6217040 0 288732 746656 243488 410728 2810764 8386556 0 8386556 0 0 36 0 0 555284 0 4 29 0 0 0 0 62100 535 287 0 0 298 110 0 0 0 0 182 182 19 19 0 0 0 0 0 0 1 1 0 4 4 0 0 0 198911 1824 0 137379 0 0 0 0 0 0 0 0 0 0 0 0 0 0 0 8 95 0 0 1333 237 101 98 22 7 86 136 118 57 1434
