################################################################################
# Collectl:   V3.6.0-1  HiRes: 1  Options: -o z -D -P -i 10 -f /mnt/vol2/msevilla/ceph-logs/osd/cpu/ 
# Host:       issdm-11  DaemonOpts: -f /var/log/collectl -r00:00,7 -m -F60 -s+YZ
# Distro:       Platform: H8DMR-82
# Date:       20150604-122921  Secs: 1433446161 TZ: -0700
# SubSys:     bcdfijmnstYZ Options: z Interval: 10:60 NumCPUs: 4  NumBud: 4 Flags: i
# Filters:    NfsFilt:  EnvFilt: 
# HZ:         100  Arch: x86_64-linux-gnu-thread-multi PageSize: 4096
# Cpu:        AuthenticAMD Speed(MHz): 2010.286 Cores: 2  Siblings: 2
# Kernel:     3.4.0-030400-generic  Memory: 8177412 kB  Swap: 8386556 kB
# NumDisks:   5 DiskNames: sda sdb sdc sdd sde
# NumNets:    4 NetNames: eth0:?? eth1:1000 eth2:1000 lo:
# NumSlabs:   133 Version: 2.1
# IConnect:   NumHCAs: 1 PortStates: 0 IBVersion:  PQVersion: 
# SCSI:       DA:0:00:00:00 DA:1:00:00:00 DA:2:00:00:00 DA:3:00:00:00 CD:4:00:01:00 DA:7:00:00:00
################################################################################
#Date Time [CPU]User% [CPU]Nice% [CPU]Sys% [CPU]Wait% [CPU]Irq% [CPU]Soft% [CPU]Steal% [CPU]Idle% [CPU]Totl% [CPU]Intrpt/sec [CPU]Ctx/sec [CPU]Proc/sec [CPU]ProcQue [CPU]ProcRun [CPU]L-Avg1 [CPU]L-Avg5 [CPU]L-Avg15 [MEM]Tot [MEM]Used [MEM]Free [MEM]Shared [MEM]Buf [MEM]Cached [MEM]Slab [MEM]Map [MEM]Commit [MEM]SwapTot [MEM]SwapUsed [MEM]SwapFree [MEM]SwapIn [MEM]SwapOut [MEM]Dirty [MEM]Clean [MEM]Laundry [MEM]Inactive [MEM]PageIn [MEM]PageOut [MEM]PageFaults [MEM]PageMajFaults [MEM]HugeTotal [MEM]HugeFree [MEM]HugeRsvd [MEM]SUnreclaim [SOCK]Used [SOCK]Tcp [SOCK]Orph [SOCK]Tw [SOCK]Alloc [SOCK]Mem [SOCK]Udp [SOCK]Raw [SOCK]Frag [SOCK]FragMem [NET]RxPktTot [NET]TxPktTot [NET]RxKBTot [NET]TxKBTot [NET]RxCmpTot [NET]RxMltTot [NET]TxCmpTot [NET]RxErrsTot [NET]TxErrsTot [DSK]ReadTot [DSK]WriteTot [DSK]OpsTot [DSK]ReadKBTot [DSK]WriteKBTot [DSK]KbTot [DSK]ReadMrgTot [DSK]WriteMrgTot [DSK]MrgTot [INODE]NumDentry [INODE]openFiles [INODE]MaxFile% [INODE]used [NFS]ReadsS [NFS]WritesS [NFS]MetaS [NFS]CommitS [NFS]Udp [NFS]Tcp [NFS]TcpConn [NFS]BadAuth [NFS]BadClient [NFS]ReadsC [NFS]WritesC [NFS]MetaC [NFS]CommitC [NFS]Retrans [NFS]AuthRef [TCP]PureAcks [TCP]HPAcks [TCP]Loss [TCP]FTrans [BUD]1Page [BUD]2Pages [BUD]4Pages [BUD]8Pages [BUD]16Pages [BUD]32Pages [BUD]64Pages [BUD]128Pages [BUD]256Pages [BUD]512Pages [BUD]1024Pages
20150604 12:30:10 1 0 0 0 0 0 0 98 1 7048 1139 6 964 0 0.01 0.07 0.11 8177412 1661388 6516024 0 264564 726264 152020 428596 2841208 8386556 0 8386556 0 0 48 0 0 523160 0 150 2139 0 0 0 0 32000 546 292 0 0 303 104 0 0 0 0 190 190 20 20 0 0 0 0 0 0 2 2 0 150 150 0 2 2 106160 1952 0 86935 0 0 0 0 0 0 0 0 0 0 0 0 0 0 0 8 105 0 0 528 411 944 757 414 252 141 44 21 12 1540
20150604 12:30:20 5 0 3 0 0 0 0 91 9 11462 9752 0 964 0 0.01 0.06 0.10 8177412 1659064 6518348 0 264564 724580 151984 426668 2843256 8386556 0 8386556 0 0 3324 0 0 521056 0 2053 243 1 0 0 0 32024 546 292 0 0 303 137 0 0 0 0 613 622 525 120 0 0 0 0 0 0 323 323 0 2053 2053 0 0 0 106169 1952 0 86933 0 0 0 0 0 0 0 0 0 0 0 0 0 0 0 12 263 0 0 626 666 999 766 418 253 139 42 21 12 1540
20150604 12:30:30 1 0 1 0 0 0 0 97 3 8442 3154 0 964 5 0.01 0.06 0.10 8177412 1659900 6517512 0 264564 726560 151944 426460 2843256 8386556 0 8386556 0 0 704 0 0 522580 0 747 56 0 0 0 0 32016 546 292 0 0 303 186 0 0 0 0 294 310 136 49 0 0 0 0 0 0 73 73 0 747 747 0 1 1 106169 1952 0 86934 0 0 0 0 0 0 0 0 0 0 0 0 0 0 0 12 144 0 0 653 567 952 770 418 253 140 42 21 12 1540
20150604 12:30:40 9 0 7 1 0 1 0 83 16 16174 19028 0 964 0 0.01 0.06 0.10 8177412 1676384 6501028 0 264568 740616 152384 427128 2844280 8386556 0 8386556 0 0 5444 0 0 535752 0 4587 264 2 0 0 0 32208 546 292 0 0 303 136 0 0 0 0 1269 1039 1356 208 0 0 0 0 0 0 639 639 0 4587 4587 0 0 0 106173 1952 0 86937 0 0 0 0 0 0 0 0 0 0 0 0 0 0 0 11 441 0 0 596 391 825 616 418 252 138 40 19 10 1540
20150604 12:30:50 2 0 1 0 0 0 0 96 4 8100 4800 0 964 2 0.01 0.06 0.10 8177412 1669688 6507724 0 264568 733876 152304 425304 2844280 8386556 0 8386556 0 0 1584 0 0 529052 0 1479 182 1 0 0 0 32100 546 292 0 0 303 155 0 0 0 0 327 329 212 59 0 0 0 0 0 0 106 106 0 1477 1477 0 2 2 106178 1952 0 86935 0 0 0 0 0 0 0 0 0 0 0 0 0 0 0 7 148 0 0 991 823 925 608 420 258 141 41 19 9 1540
20150604 12:31:00 3 0 2 0 0 0 0 95 5 9488 6063 0 964 0 0.00 0.06 0.10 8177412 1674152 6503260 0 264568 738692 152296 425576 2844280 8386556 0 8386556 0 0 5096 0 0 533828 0 984 83 0 0 0 0 32052 546 292 0 0 303 103 0 0 0 0 406 390 325 72 0 0 0 0 0 0 176 176 0 986 986 0 0 0 106178 1952 0 86935 0 0 0 0 0 0 0 0 0 0 0 0 0 0 0 6 176 0 0 667 542 874 611 420 258 141 41 19 9 1540
20150604 12:31:10 4 0 3 1 0 0 0 91 8 11270 9360 6 964 0 0.00 0.05 0.10 8177412 1683652 6493760 0 264572 746140 152372 426052 2844412 8386556 0 8386556 0 0 5360 0 0 540940 0 2022 2194 0 0 0 0 32028 546 292 0 0 303 104 0 0 0 0 611 559 515 105 0 0 0 0 0 0 282 282 0 2022 2022 0 2 2 106180 1920 0 86936 0 0 0 0 0 0 0 0 0 0 0 0 0 0 0 9 243 0 0 314 362 824 586 391 259 145 43 20 10 1538
20150604 12:31:20 3 0 2 0 0 0 0 95 5 8902 6408 0 964 6 0.00 0.05 0.10 8177412 1687800 6489612 0 264572 751140 152616 424972 2844412 8386556 0 8386556 0 0 7400 0 0 545812 0 1218 82 0 0 0 0 32204 546 292 0 0 303 214 0 0 0 0 488 416 421 75 0 0 0 0 0 0 182 182 0 1218 1218 0 0 0 106180 1920 0 86937 0 0 0 0 0 0 0 0 0 0 0 0 0 0 0 12 182 0 0 377 357 823 581 353 247 143 43 20 10 1538
20150604 12:31:30 2 0 1 0 0 0 0 96 3 8499 3927 1 964 0 0.00 0.05 0.10 8177412 1692832 6484580 0 264572 753884 152576 426812 2846460 8386556 0 8386556 0 0 48 0 0 548396 0 1445 400 0 0 0 0 32044 546 292 0 0 303 103 0 0 0 0 303 336 118 56 0 0 0 0 0 0 92 92 0 1445 1445 0 1 1 106180 1920 0 86937 0 0 0 0 0 0 0 0 0 0 0 0 0 0 0 9 162 0 0 335 379 829 588 354 227 138 40 20 10 1538
20150604 12:31:40 3 0 2 0 0 0 0 95 5 7766 4521 0 964 0 0.00 0.05 0.10 8177412 1692356 6485056 0 264576 745144 156300 426448 2846460 8386556 0 8386556 0 0 676 0 0 539748 0 869 110 2 0 0 0 35720 546 292 0 0 303 141 0 0 0 0 304 288 70 68 0 0 0 0 0 0 107 107 0 869 869 0 0 0 107932 1920 0 87812 0 0 0 0 0 0 0 0 0 0 0 0 0 0 0 10 142 0 0 537 259 908 528 381 228 138 41 19 10 1538
20150604 12:31:50 2 0 2 0 0 0 0 95 5 8183 4784 0 964 0 0.16 0.08 0.11 8177412 1696800 6480612 0 264576 742676 158872 425920 2846460 8386556 0 8386556 0 0 728 0 0 537344 0 1669 58 0 0 0 0 38068 546 292 0 0 303 102 0 0 0 0 310 305 70 84 0 0 0 0 0 0 168 168 0 1669 1669 0 161 161 109644 1920 0 88667 0 0 0 0 0 0 0 0 0 0 0 0 0 0 0 12 148 0 0 661 320 613 473 386 231 138 41 19 10 1538
20150604 12:32:00 6 0 4 0 0 0 0 90 10 11303 11325 0 964 0 0.13 0.08 0.11 8177412 1708980 6468432 0 264576 750520 161496 426612 2846460 8386556 0 8386556 0 0 6548 0 0 544924 0 1989 129 0 0 0 0 40376 546 292 0 0 303 137 0 0 0 0 675 594 547 154 0 0 0 0 0 0 341 341 0 1989 1989 0 0 0 110842 1920 0 89267 0 0 0 0 0 0 0 0 0 0 0 0 0 0 0 10 266 0 0 175 101 290 367 388 232 138 41 19 10 1538
20150604 12:32:10 2 0 2 0 0 0 0 95 5 7915 4446 6 964 0 0.11 0.07 0.10 8177412 1713908 6463504 0 264576 751572 159636 425904 2846460 8386556 0 8386556 0 0 528 0 0 545904 0 2681 2131 0 0 0 0 37820 546 292 0 0 303 102 0 0 0 0 295 284 63 72 0 0 0 0 0 0 156 156 0 2681 2681 0 223 223 112330 1920 0 90011 0 0 0 0 0 0 0 0 0 0 0 0 0 0 0 10 148 0 0 242 165 221 291 379 228 141 41 19 9 1538
20150604 12:32:20 2 0 2 0 0 0 0 95 4 8388 4793 0 963 0 0.09 0.07 0.10 8177412 1716408 6461004 0 264576 748572 162156 426852 2846460 8386556 0 8386556 0 0 1628 0 0 543484 0 1418 56 0 0 0 0 39268 546 292 0 0 303 137 0 0 0 0 334 325 69 79 0 0 0 0 0 0 178 178 0 1418 1418 0 99 99 113894 1920 0 90786 0 0 0 0 0 0 0 0 0 0 0 0 0 0 0 11 173 0 0 547 251 245 162 375 228 141 41 19 9 1538
20150604 12:32:30 4 0 3 1 0 0 0 92 7 8781 7900 0 957 4 0.08 0.07 0.10 8177412 1714596 6462816 0 264576 742892 160368 429800 2849532 8386556 0 8386556 0 0 1172 0 0 537352 0 2849 218 2 0 0 0 36668 543 289 0 3 300 233 0 0 0 0 438 410 244 110 0 0 0 0 0 0 272 272 0 2690 2690 0 147 147 115341 1920 0 91501 0 0 0 0 0 0 0 0 0 0 0 0 0 0 0 9 195 0 0 492 333 314 170 376 229 141 41 19 9 1538
20150604 12:32:40 8 0 6 0 0 1 0 85 14 13615 15928 0 958 0 0.31 0.12 0.12 8177412 1723748 6453664 0 264580 743412 164136 429916 2849532 8386556 0 8386556 0 0 9588 0 0 538284 0 2977 163 1 0 0 0 39236 543 289 0 3 300 102 0 0 0 0 968 788 858 194 0 0 0 0 0 0 530 530 0 3136 3136 0 1 1 117303 1920 0 92487 0 0 0 0 0 0 0 0 0 0 0 0 0 0 0 12 363 0 0 362 174 197 171 274 232 142 41 19 9 1538
20150604 12:32:50 5 0 4 3 0 0 0 88 10 11242 10482 0 959 6 0.34 0.13 0.12 8177412 1736020 6441392 0 264580 744788 166284 433984 2854684 8386556 0 8386556 0 0 1904 0 0 539924 0 4797 263 1 0 0 0 40268 543 289 0 3 300 266 0 0 0 0 631 518 503 137 0 0 0 0 0 0 432 432 0 4793 4793 0 252 252 119091 1920 0 93382 0 0 0 0 0 0 0 0 0 0 0 0 0 0 0 14 226 0 0 616 252 233 85 158 214 139 41 20 10 1537
20150604 12:33:00 3 0 3 1 0 0 0 93 6 8822 6904 0 959 0 0.36 0.14 0.13 8177412 1743332 6434080 0 264580 743544 172260 435284 2854684 8386556 0 8386556 0 0 2868 0 0 538816 0 1342 80 0 0 0 0 45180 543 289 0 3 300 137 0 0 0 0 357 369 122 103 0 0 0 0 0 0 217 217 0 1345 1345 0 48 48 120775 1920 0 94220 0 0 0 0 0 0 0 0 0 0 0 0 0 0 0 10 182 0 0 302 390 261 89 39 210 139 41 20 10 1537
20150604 12:33:10 3 0 3 2 0 0 0 92 6 9567 6622 6 959 0 0.31 0.14 0.13 8177412 1749844 6427568 0 264580 747408 171248 435808 2854684 8386556 0 8386556 0 0 1312 0 0 542424 0 2596 2148 0 0 0 0 43040 543 289 0 3 300 232 0 0 0 0 462 353 321 92 0 0 0 0 0 0 236 236 0 2361 2361 0 160 160 122276 1920 0 94971 0 0 0 0 0 0 0 0 0 0 0 0 0 0 0 13 165 0 0 250 313 203 113 54 183 131 39 20 10 1537
20150604 12:33:20 9 0 6 2 0 1 0 83 16 13803 17426 0 959 9 0.48 0.18 0.14 8177412 1754540 6422872 0 264580 749024 167836 438820 2858908 8386556 0 8386556 0 0 4380 0 0 543360 0 5302 481 2 0 0 0 38924 543 289 0 3 300 287 0 0 0 0 939 880 829 213 0 0 0 0 0 0 563 563 0 5537 5537 0 150 150 123414 1920 0 95544 0 0 0 0 0 0 0 0 0 0 0 0 0 0 0 12 375 0 0 147 108 151 114 58 167 132 39 20 10 1537
20150604 12:33:30 8 0 7 1 0 1 0 84 15 13134 20138 0 959 12 0.41 0.18 0.14 8177412 1768672 6408740 0 264580 753980 172384 440012 2859932 8386556 0 8386556 0 0 7392 0 0 548444 0 4313 197 1 0 0 0 42524 543 289 0 0 300 374 0 0 0 0 1124 896 1078 212 0 0 0 0 0 0 548 548 0 4306 4306 0 51 51 125118 1920 0 96395 0 0 0 0 0 0 0 0 0 0 0 0 0 0 0 11 400 0 0 146 108 150 64 21 130 127 37 19 9 1537
20150604 12:33:40 5 0 4 2 0 0 0 88 9 10314 10452 0 959 0 0.50 0.20 0.15 8177412 1783516 6393896 0 264580 760968 175176 442180 2859932 8386556 0 8386556 0 0 5180 0 0 555128 0 3223 164 0 0 0 0 44044 543 289 0 0 300 102 0 0 0 0 626 550 441 136 0 0 0 0 0 0 325 325 0 3230 3230 0 141 141 126708 1920 0 97190 0 0 0 0 0 0 0 0 0 0 0 0 0 0 0 12 258 0 0 146 107 149 53 20 91 121 37 19 7 1536
20150604 12:33:50 7 0 5 1 0 1 0 86 12 12530 13388 0 959 2 0.66 0.25 0.16 8177412 1788548 6388864 0 264580 760816 173164 445500 2863004 8386556 0 8386556 0 0 2008 0 0 554652 0 4842 296 2 0 0 0 41144 543 289 0 0 300 139 0 0 0 0 747 673 568 173 0 0 0 0 0 0 517 517 0 4842 4842 0 165 165 128010 1920 0 97841 0 0 0 0 0 0 0 0 0 0 0 0 0 0 0 15 305 0 0 149 108 163 70 33 84 121 36 18 7 1535
20150604 12:34:00 2 0 2 1 0 0 0 94 5 7673 4659 0 959 0 0.56 0.24 0.16 8177412 1788368 6389044 0 264580 754132 175680 445460 2863004 8386556 0 8386556 0 0 624 0 0 548068 0 1710 219 1 0 0 0 42876 543 289 0 0 300 104 0 0 0 0 280 266 66 72 0 0 0 0 0 0 148 148 0 1549 1549 0 67 67 129603 1920 0 98625 0 0 0 0 0 0 0 0 0 0 0 0 0 0 0 9 139 0 0 481 358 235 176 75 26 117 37 18 8 1534
20150604 12:34:10 6 0 4 1 0 0 0 88 11 10872 11003 6 959 4 0.55 0.25 0.16 8177412 1799876 6377536 0 264580 756984 180708 445472 2863036 8386556 0 8386556 0 0 3716 0 0 550804 0 2424 2191 0 0 0 0 46588 543 289 0 0 300 169 0 0 0 0 685 571 522 143 0 0 0 0 0 0 372 372 0 2583 2583 0 81 81 131415 1952 0 99536 0 0 0 0 0 0 0 0 0 0 0 0 0 0 0 14 266 0 0 194 299 216 128 65 11 105 36 18 7 1534
20150604 12:34:20 6 0 5 2 0 0 0 87 11 11559 14006 0 959 9 0.55 0.26 0.17 8177412 1812248 6365164 0 264580 765732 180372 448380 2864060 8386556 0 8386556 0 0 7692 0 0 559300 0 3993 170 0 0 0 0 44996 543 289 0 0 300 381 0 0 0 0 802 660 669 165 0 0 0 0 0 0 494 494 0 3992 3992 0 199 199 133115 1952 0 100388 0 0 0 0 0 0 0 0 0 0 0 0 0 0 0 10 299 0 0 187 109 149 54 24 15 87 34 18 7 1534
20150604 12:34:30 9 0 7 1 0 1 0 83 16 14730 19424 0 959 0 0.61 0.28 0.18 8177412 1828572 6348840 0 264580 776116 182296 448192 2865084 8386556 0 8386556 0 0 5024 0 0 568868 0 5260 249 2 0 0 0 45868 542 288 0 1 299 102 0 0 0 0 1010 884 944 217 0 0 0 0 0 0 667 667 0 5263 5263 0 70 70 134457 1952 0 101059 0 0 0 0 0 0 0 0 0 0 0 0 0 0 0 11 384 0 0 186 107 150 49 26 4 79 33 18 7 1531
20150604 12:34:40 2 0 2 1 0 0 0 96 4 7824 4180 0 959 0 0.52 0.27 0.17 8177412 1833992 6343420 0 264580 773036 187536 449756 2865084 8386556 0 8386556 0 0 1064 0 0 566412 0 1327 73 0 0 0 0 50156 542 288 0 1 299 115 0 0 0 0 297 284 66 77 0 0 0 0 0 0 115 115 0 1127 1127 0 70 70 135801 1952 0 101722 0 0 0 0 0 0 0 0 0 0 0 0 0 0 0 6 160 0 0 592 208 175 53 21 4 51 31 18 7 1531
20150604 12:34:50 2 0 2 2 0 0 0 93 5 8368 5241 0 959 0 1.08 0.39 0.21 8177412 1836596 6340816 0 264580 770340 184892 451860 2869180 8386556 0 8386556 0 0 716 0 0 563756 0 2453 157 0 0 0 0 46428 542 288 0 1 299 102 0 0 0 0 287 287 66 83 0 0 0 0 0 0 215 215 0 2653 2653 0 187 187 137635 1952 0 102645 0 0 0 0 0 0 0 0 0 0 0 0 0 0 0 6 141 0 0 407 262 180 59 35 10 44 31 18 8 1530
20150604 12:35:00 14 0 6 0 0 0 0 79 20 7717 6624 24 959 0 1.15 0.43 0.23 8177412 1854344 6323068 0 264584 767340 194640 458252 2874932 8386556 0 8386556 0 0 2252 0 0 561180 0 548 21162 0 0 0 0 55004 544 290 0 1 301 136 0 0 0 0 311 283 80 94 0 0 0 0 0 0 144 144 0 548 548 0 2 2 139537 1888 0 103590 0 0 0 0 0 0 0 0 0 0 0 0 0 0 0 8 140 0 0 747 423 395 160 54 35 31 26 21 10 1522
20150604 12:35:10 4 0 4 3 0 0 0 89 8 10459 8668 7 959 3 1.12 0.45 0.24 8177412 1848192 6329220 0 264584 763508 186724 461632 2879044 8386556 0 8386556 0 0 1688 0 0 556744 0 4087 2431 2 0 0 0 46064 544 290 0 1 301 265 0 0 0 0 564 476 400 119 0 0 0 0 0 0 342 342 0 4087 4087 0 265 265 140707 1952 0 104176 0 0 0 0 0 0 0 0 0 0 0 0 0 0 0 9 223 0 0 271 249 478 309 108 49 28 24 21 10 1522
20150604 12:35:20 8 0 7 1 0 0 0 83 16 14260 17100 0 959 0 1.03 0.45 0.24 8177412 1863324 6314088 0 264584 766840 190300 466664 2883268 8386556 0 8386556 0 0 8256 0 0 560372 0 3837 323 2 0 0 0 48764 544 290 0 1 301 141 0 0 0 0 887 854 723 207 0 0 0 0 0 0 594 594 0 3837 3837 0 80 80 142395 1952 0 105020 0 0 0 0 0 0 0 0 0 0 0 0 0 0 0 7 385 0 0 532 209 193 146 85 26 22 25 20 10 1522
20150604 12:35:30 2 0 2 1 0 0 0 94 5 8474 4831 0 959 0 0.95 0.45 0.24 8177412 1861272 6316140 0 264584 759892 191040 465624 2883268 8386556 0 8386556 0 0 360 0 0 553820 0 2743 63 0 0 0 0 48532 544 290 0 0 301 136 0 0 0 0 300 287 69 83 0 0 0 0 0 0 178 178 0 2543 2543 0 154 154 144099 1952 0 105870 0 0 0 0 0 0 0 0 0 0 0 0 0 0 0 9 149 0 0 881 336 312 202 66 20 19 25 19 10 1522
20150604 12:35:40 2 0 2 1 0 0 0 95 4 7980 3870 0 959 0 0.88 0.45 0.24 8177412 1863572 6313840 0 264584 752996 197120 466428 2883268 8386556 0 8386556 0 0 1312 0 0 547824 0 503 55 0 0 0 0 53532 544 290 0 0 301 136 0 0 0 0 315 296 66 81 0 0 0 0 0 0 103 103 0 703 703 0 14 14 145607 1952 0 106621 0 0 0 0 0 0 0 0 0 0 0 0 0 0 0 9 157 0 0 1123 455 372 239 88 28 14 12 18 10 1522
20150604 12:35:50 4 0 3 2 0 1 0 91 7 9040 7291 0 959 5 0.82 0.46 0.25 8177412 1864140 6313272 0 264584 751868 192860 471996 2886468 8386556 0 8386556 0 0 2276 0 0 546432 0 3417 260 1 0 0 0 48288 544 290 0 0 301 266 0 0 0 0 435 417 227 109 0 0 0 0 0 0 310 310 0 3417 3417 0 241 241 147112 1952 0 107374 0 0 0 0 0 0 0 0 0 0 0 0 0 0 0 10 196 0 0 341 443 434 260 105 38 13 12 19 11 1521
20150604 12:36:00 7 0 5 0 0 0 0 87 12 11551 13263 0 959 6 0.70 0.44 0.24 8177412 1875484 6301928 0 264584 752528 197848 471756 2889540 8386556 0 8386556 0 0 6392 0 0 546812 0 2822 326 1 0 0 0 52184 544 290 0 0 301 220 0 0 0 0 717 663 540 168 0 0 0 0 0 0 412 412 0 2822 2822 0 13 13 149030 1952 0 108327 0 0 0 0 0 0 0 0 0 0 0 0 0 0 0 8 304 0 0 290 75 313 311 111 38 13 12 11 11 1521
20150604 12:36:10 7 0 5 2 0 0 0 86 12 11857 11819 6 959 6 0.59 0.43 0.24 8177412 1887352 6290060 0 264588 756188 201392 474072 2891588 8386556 0 8386556 0 0 1796 0 0 550172 0 3935 2277 1 0 0 0 54752 544 290 0 0 301 263 0 0 0 0 706 646 555 158 0 0 0 0 0 0 392 392 0 3776 3776 0 143 143 150376 1952 0 108991 0 0 0 0 0 0 0 0 0 0 0 0 0 0 0 9 290 0 0 304 106 180 197 99 35 14 11 10 11 1520
20150604 12:36:20 5 0 4 1 0 0 0 88 10 11517 11083 0 959 0 0.65 0.45 0.25 8177412 1890228 6287184 0 264588 754224 200300 473036 2891588 8386556 0 8386556 0 0 2216 0 0 548620 0 3880 142 1 0 0 0 52392 544 290 0 0 301 103 0 0 0 0 625 559 442 144 0 0 0 0 0 0 432 432 0 4040 4040 0 172 172 152382 1952 0 110001 0 0 0 0 0 0 0 0 0 0 0 0 0 0 0 6 268 0 0 751 337 252 89 97 34 13 12 12 10 1519
20150604 12:36:30 2 0 2 0 0 0 0 96 4 7200 3471 0 959 0 0.55 0.43 0.25 8177412 1889936 6287476 0 264588 747116 205028 474304 2892612 8386556 0 8386556 0 0 1648 0 0 541880 0 748 68 0 0 0 0 56512 544 290 0 0 301 103 0 0 0 0 250 235 54 67 0 0 0 0 0 0 99 99 0 748 748 0 46 46 153614 1952 0 110615 0 0 0 0 0 0 0 0 0 0 0 0 0 0 0 8 119 0 0 619 497 356 131 108 35 17 13 10 10 1518
20150604 12:36:40 6 0 5 3 0 1 0 85 12 12184 13076 0 959 4 0.69 0.47 0.26 8177412 1899120 6278292 0 264588 752552 201432 479768 2896708 8386556 0 8386556 0 0 4964 0 0 547228 0 4060 260 0 0 0 0 51704 544 290 0 0 301 184 0 0 0 0 830 707 679 173 0 0 0 0 0 0 484 484 0 4055 4055 0 150 150 155306 1952 0 111462 0 0 0 0 0 0 0 0 0 0 0 0 0 0 0 10 346 0 0 276 78 172 146 125 35 19 12 9 11 1517
20150604 12:36:50 5 0 4 1 0 0 0 89 10 10312 10780 0 959 0 0.74 0.48 0.27 8177412 1905164 6272248 0 264588 750932 202868 482512 2899780 8386556 0 8386556 0 0 4336 0 0 545480 0 3694 363 2 0 0 0 52364 544 290 0 0 301 103 0 0 0 0 596 541 429 138 0 0 0 0 0 0 373 373 0 3699 3699 0 184 184 156763 1952 0 112184 0 0 0 0 0 0 0 0 0 0 0 0 0 0 0 10 266 0 0 440 224 222 70 92 28 12 11 10 10 1517
20150604 12:37:00 2 0 2 1 0 0 0 95 5 8183 4690 0 959 0 0.63 0.47 0.26 8177412 1916736 6260676 0 264588 752148 208488 484232 2900804 8386556 0 8386556 0 0 604 0 0 546800 0 1640 99 0 0 0 0 56944 544 290 0 0 301 102 0 0 0 0 283 274 68 81 0 0 0 0 0 0 147 147 0 1440 1440 0 71 71 158487 1952 0 113046 0 0 0 0 0 0 0 0 0 0 0 0 0 0 0 5 136 0 0 257 132 229 141 94 27 12 11 8 11 1514
20150604 12:37:10 10 0 8 3 0 0 0 79 18 15205 18942 6 959 8 0.68 0.49 0.27 8177412 1931932 6245480 0 264592 758732 207804 491504 2904936 8386556 0 8386556 0 0 5652 0 0 552188 0 4908 2508 3 0 0 0 55228 544 290 0 0 301 250 0 0 0 0 1103 952 1035 221 0 0 0 0 0 0 671 671 0 5108 5108 0 85 85 159862 1920 0 113736 0 0 0 0 0 0 0 0 0 0 0 0 0 0 0 9 431 0 0 602 324 192 115 52 5 12 8 9 12 1511
20150604 12:37:20 3 0 2 8 0 1 0 86 6 8386 5699 0 959 0 0.74 0.50 0.28 8177412 1934352 6243060 0 264592 752264 210728 489712 2906984 8386556 0 8386556 0 0 1560 0 0 546520 0 2657 203 0 0 0 0 56880 544 290 0 0 301 136 0 0 0 0 340 324 80 95 0 0 0 0 0 0 227 227 0 2657 2657 0 183 183 161874 1888 0 114736 0 0 0 0 0 0 0 0 0 0 0 0 0 0 0 6 171 0 0 800 357 338 88 29 13 15 9 7 12 1510
20150604 12:37:30 2 0 2 1 0 0 0 96 4 7051 3374 0 959 0 0.62 0.49 0.28 8177412 1933236 6244176 0 264592 748796 210212 490336 2906984 8386556 0 8386556 0 0 640 0 0 543424 0 1480 63 0 0 0 0 55548 544 290 0 0 301 106 0 0 0 0 254 250 55 72 0 0 0 0 0 0 119 119 0 1480 1480 0 89 89 163150 1888 0 115373 0 0 0 0 0 0 0 0 0 0 0 0 0 0 0 7 122 0 0 920 452 377 103 40 10 13 9 8 11 1510
20150604 12:37:40 2 0 2 1 0 0 0 95 4 8008 3622 0 959 0 0.53 0.47 0.27 8177412 1941532 6235880 0 264592 749884 215464 492372 2908008 8386556 0 8386556 0 0 1100 0 0 544464 0 957 70 0 0 0 0 59776 544 290 0 0 301 102 0 0 0 0 299 289 67 77 0 0 0 0 0 0 91 91 0 880 880 0 76 76 164592 1888 0 116089 0 0 0 0 0 0 0 0 0 0 0 0 0 0 0 6 148 0 0 672 475 384 124 39 11 12 7 9 11 1508
20150604 12:37:50 2 0 2 1 0 0 0 94 5 7927 4735 0 959 0 0.45 0.45 0.27 8177412 1944928 6232484 0 264592 751000 212460 493568 2910056 8386556 0 8386556 0 0 852 0 0 545688 0 2776 105 0 0 0 0 55748 544 290 0 0 301 104 0 0 0 0 307 296 69 80 0 0 0 0 0 0 218 218 0 2674 2674 0 230 230 166418 1888 0 117006 0 0 0 0 0 0 0 0 0 0 0 0 0 0 0 10 159 0 0 256 310 401 131 57 13 14 8 10 9 1508
20150604 12:38:00 1 0 1 0 0 0 0 97 3 7550 2871 0 959 0 0.38 0.44 0.27 8177412 1951704 6225708 0 264592 751860 216972 493040 2910056 8386556 0 8386556 0 0 1048 0 0 546304 0 218 44 0 0 0 0 59668 544 290 0 0 301 137 0 0 0 0 240 236 46 54 0 0 0 0 0 0 76 76 0 398 398 0 0 0 167342 1888 0 117467 0 0 0 0 0 0 0 0 0 0 0 0 0 0 0 5 124 0 0 257 217 403 109 38 10 12 9 8 10 1507
20150604 12:38:10 4 0 3 2 0 0 0 90 8 9321 7755 6 959 9 0.55 0.47 0.28 8177412 1952108 6225304 0 264592 746184 214596 496184 2913160 8386556 0 8386556 0 0 2184 0 0 541104 0 2318 2262 1 0 0 0 56264 544 290 0 0 301 278 0 0 0 0 429 408 207 107 0 0 0 0 0 0 263 263 0 2312 2312 0 106 106 168888 1952 0 118200 0 0 0 0 0 0 0 0 0 0 0 0 0 0 0 9 210 0 0 479 480 372 173 52 16 13 8 8 9 1506
20150604 12:38:20 10 0 7 1 0 1 0 81 18 15580 20386 0 959 0 0.47 0.46 0.28 8177412 1970240 6207172 0 264592 752152 217176 500888 2917416 8386556 0 8386556 0 0 5992 0 0 546716 0 5496 366 2 0 0 0 57864 544 290 0 0 301 103 0 0 0 0 1034 963 931 241 0 0 0 0 0 0 734 734 0 5501 5501 0 182 182 170646 1952 0 119119 0 0 0 0 0 0 0 0 0 0 0 0 0 0 0 6 423 0 0 257 71 152 46 30 16 9 10 9 10 1504
20150604 12:38:30 2 0 2 0 0 0 0 95 5 7939 5143 0 959 0 0.40 0.44 0.27 8177412 1978816 6198596 0 264592 749336 223068 503104 2919592 8386556 0 8386556 0 0 6200 0 0 544208 0 868 108 0 0 0 0 62584 544 290 0 0 301 136 0 0 0 0 293 271 69 80 0 0 0 0 0 0 152 152 0 868 868 0 18 18 172410 1952 0 119999 0 0 0 0 0 0 0 0 0 0 0 0 0 0 0 5 144 0 0 287 72 162 80 26 8 6 7 9 9 1503
20150604 12:38:40 2 0 2 3 0 0 0 93 4 7880 4848 0 959 0 0.41 0.45 0.28 8177412 1982668 6194744 0 264596 745728 225552 504544 2921640 8386556 0 8386556 0 0 1072 0 0 540620 0 2198 136 1 0 0 0 64064 544 290 0 0 301 136 0 0 0 0 293 281 64 75 0 0 0 0 0 0 160 160 0 2198 2198 0 145 145 173932 1952 0 120760 0 0 0 0 0 0 0 0 0 0 0 0 0 0 0 5 156 0 0 446 175 208 68 31 4 6 8 7 9 1502
20150604 12:38:50 4 0 4 2 0 0 0 90 8 10540 9184 0 959 6 0.43 0.45 0.28 8177412 1974436 6202976 0 264596 738820 220252 505752 2923688 8386556 0 8386556 0 0 2876 0 0 534140 0 3633 156 1 0 0 0 57896 544 290 0 0 301 267 0 0 0 0 583 486 452 126 0 0 0 0 0 0 340 340 0 3630 3630 0 180 180 175420 1952 0 121503 0 0 0 0 0 0 0 0 0 0 0 0 0 0 0 10 216 0 0 878 512 317 143 59 14 7 1 7 9 1502
20150604 12:39:00 3 0 3 0 0 0 0 94 6 9236 6082 0 959 0 0.36 0.43 0.28 8177412 1986320 6191092 0 264596 741696 225136 508176 2924712 8386556 0 8386556 0 0 4300 0 0 536916 0 1242 125 0 0 0 0 61856 544 290 0 0 301 104 0 0 0 0 355 366 151 97 0 0 0 0 0 0 214 214 0 1244 1244 0 58 58 176602 1952 0 122094 0 0 0 0 0 0 0 0 0 0 0 0 0 0 0 6 181 0 0 289 397 268 95 38 12 6 2 8 8 1501
20150604 12:39:10 2 0 2 2 0 0 0 93 5 8164 4350 7 959 0 0.39 0.44 0.28 8177412 1999148 6178264 0 264596 743064 230796 509044 2926888 8386556 0 8386556 0 0 1252 0 0 538184 0 1347 2525 0 0 0 0 66804 544 290 0 0 301 136 0 0 0 0 296 289 65 72 0 0 0 0 0 0 125 125 0 1347 1347 0 73 73 178166 1920 0 122876 0 0 0 0 0 0 0 0 0 0 0 0 0 0 0 6 150 0 0 289 279 294 118 53 14 11 4 6 5 1499
20150604 12:39:20 2 0 1 2 0 0 0 95 4 7755 3922 0 959 0 0.49 0.45 0.29 8177412 1995392 6182020 0 264596 739908 227188 509604 2926888 8386556 0 8386556 0 0 836 0 0 535476 0 2270 54 0 0 0 0 62156 544 290 0 0 301 103 0 0 0 0 272 260 58 73 0 0 0 0 0 0 177 177 0 2270 2270 0 190 190 179484 1920 0 123533 0 0 0 0 0 0 0 0 0 0 0 0 0 0 0 7 134 0 0 547 349 325 128 65 16 14 5 5 5 1499
20150604 12:39:30 3 0 2 1 0 0 0 94 5 8118 4924 0 959 0 0.41 0.44 0.28 8177412 1994380 6183032 0 264596 732140 230420 509112 2926888 8386556 0 8386556 0 0 1224 0 0 527868 0 1254 85 1 0 0 0 64384 544 290 0 0 301 102 0 0 0 0 329 318 72 82 0 0 0 0 0 0 142 142 0 1046 1046 0 42 42 181210 1920 0 124393 0 0 0 0 0 0 0 0 0 0 0 0 0 0 0 6 171 0 0 840 495 404 188 93 15 12 4 4 5 1498
20150604 12:39:40 5 0 4 4 0 0 0 87 9 10529 9869 0 959 12 0.50 0.46 0.29 8177412 2004872 6172540 0 264600 739392 230016 510644 2927912 8386556 0 8386556 0 0 3612 0 0 534624 0 3236 135 0 0 0 0 63088 544 290 0 0 301 302 0 0 0 0 649 530 532 135 0 0 0 0 0 0 347 347 0 3442 3442 0 176 176 182832 1920 0 125205 0 0 0 0 0 0 0 0 0 0 0 0 0 0 0 9 236 0 0 292 80 300 189 110 25 12 5 4 8 1495
20150604 12:39:50 6 0 5 1 0 0 0 87 11 12086 13899 0 959 2 1.45 0.66 0.36 8177412 2026732 6150680 0 264600 748672 232252 516976 2934056 8386556 0 8386556 0 0 7932 0 0 543556 0 3506 306 0 0 0 0 64376 544 290 0 0 301 237 0 0 0 0 752 644 644 161 0 0 0 0 0 0 464 464 0 3507 3507 0 133 133 184322 1920 0 125949 0 0 0 0 0 0 0 0 0 0 0 0 0 0 0 6 295 0 0 290 56 151 56 24 2 5 4 4 6 1495
20150604 12:40:00 10 0 8 2 0 1 0 80 18 15151 19245 0 959 6 1.30 0.65 0.36 8177412 2038348 6139064 0 264600 755496 231364 521296 2938152 8386556 0 8386556 0 0 5408 0 0 549920 0 6265 365 2 0 0 0 62716 542 288 0 2 299 218 0 0 0 0 1131 1020 1074 242 0 0 0 0 0 0 658 658 0 6088 6088 0 116 116 185476 1920 0 126526 0 0 0 0 0 0 0 0 0 0 0 0 0 0 0 8 442 0 0 307 173 188 94 36 8 4 5 2 5 1492
20150604 12:40:10 8 0 6 1 0 1 0 85 14 13310 15432 6 959 0 1.17 0.65 0.36 8177412 2055784 6121628 0 264604 759948 236600 523300 2940200 8386556 0 8386556 0 0 5392 0 0 553756 0 4004 2545 2 0 0 0 66908 542 288 0 2 299 105 0 0 0 0 918 710 889 177 0 0 0 0 0 0 505 505 0 4181 4181 0 12 12 187106 1952 0 127338 0 0 0 0 0 0 0 0 0 0 0 0 0 0 0 6 318 0 0 306 56 148 57 28 12 8 4 3 3 1489
20150604 12:40:20 2 0 2 5 0 0 0 91 4 8023 4317 0 959 1 1.07 0.64 0.36 8177412 2057712 6119700 0 264604 761024 234972 524848 2940200 8386556 0 8386556 0 0 1124 0 0 554920 0 2940 54 0 0 0 0 64252 542 288 0 2 299 116 0 0 0 0 277 259 66 76 0 0 0 0 0 0 224 224 0 2881 2881 0 247 247 188681 1952 0 128071 0 0 0 0 0 0 0 0 0 0 0 0 0 0 0 10 138 0 0 328 67 151 66 39 13 9 7 4 2 1488
20150604 12:40:30 4 0 3 0 0 0 0 93 7 8450 7212 0 959 8 0.91 0.62 0.36 8177412 2064680 6112732 0 264604 756092 239020 526628 2944296 8386556 0 8386556 0 0 2756 0 0 550464 0 1547 187 0 0 0 0 66904 542 288 0 2 299 300 0 0 0 0 400 378 199 107 0 0 0 0 0 0 215 215 0 1604 1604 0 21 21 190544 1952 0 129055 0 0 0 0 0 0 0 0 0 0 0 0 0 0 0 10 173 0 0 345 163 168 117 58 10 7 4 4 2 1486
20150604 12:40:40 5 0 3 3 0 0 0 89 8 10146 9286 0 959 1 0.77 0.60 0.35 8177412 2071064 6106348 0 264604 754172 242612 529496 2945320 8386556 0 8386556 0 0 1016 0 0 548476 0 3228 374 2 0 0 0 69820 542 288 0 2 299 120 0 0 0 0 555 463 418 121 0 0 0 0 0 0 288 288 0 3119 3119 0 148 148 191806 1952 0 129675 0 0 0 0 0 0 0 0 0 0 0 0 0 0 0 7 225 0 0 319 265 240 67 30 8 4 4 2 3 1485
20150604 12:40:50 2 0 2 3 0 0 0 93 4 7873 3986 0 959 0 0.73 0.60 0.36 8177412 2070020 6107392 0 264604 755132 238648 530388 2945320 8386556 0 8386556 0 0 924 0 0 549400 0 2357 51 0 0 0 0 64860 542 288 0 2 299 98 0 0 0 0 269 265 52 74 0 0 0 0 0 0 196 196 0 2469 2469 0 211 211 193122 1952 0 130339 0 0 0 0 0 0 0 0 0 0 0 0 0 0 0 7 143 0 0 360 263 250 133 98 19 6 3 3 3 1483
20150604 12:41:00 0 0 0 0 0 0 0 99 1 6944 861 0 959 0 0.62 0.58 0.35 8177412 2069440 6107972 0 264604 755132 238980 530568 2945320 8386556 0 8386556 0 0 500 0 0 549440 0 174 28 0 0 0 0 65012 542 288 0 0 299 137 0 0 0 0 156 157 17 23 0 0 0 0 0 0 14 14 0 174 174 0 8 8 193114 1952 0 130331 0 0 0 0 0 0 0 0 0 0 0 0 0 0 0 4 78 0 0 421 296 253 141 98 19 6 3 3 3 1483
20150604 12:41:10 1 0 1 0 0 0 0 98 1 7284 1209 6 959 0 0.52 0.56 0.35 8177412 2071916 6105496 0 264604 755156 238308 530564 2945320 8386556 0 8386556 0 0 48 0 0 549456 0 270 2100 0 0 0 0 64248 542 288 0 0 299 171 0 0 0 0 186 186 20 20 0 0 0 0 0 0 27 27 0 270 270 0 16 16 193122 1888 0 130339 0 0 0 0 0 0 0 0 0 0 0 0 0 0 0 5 107 0 0 572 287 301 93 89 18 8 5 4 3 1482
20150604 12:41:20 0 0 0 0 0 0 0 99 1 7046 919 0 959 0 0.44 0.54 0.34 8177412 2070304 6107108 0 264604 755156 238308 530564 2945320 8386556 0 8386556 0 0 48 0 0 549456 0 62 28 0 0 0 0 64248 542 288 0 0 299 103 0 0 0 0 158 158 17 17 0 0 0 0 0 0 7 7 0 62 62 0 1 1 193122 1888 0 130339 0 0 0 0 0 0 0 0 0 0 0 0 0 0 0 3 83 0 0 567 320 316 130 92 18 8 5 4 3 1482
20150604 12:41:30 0 0 0 0 0 0 0 99 1 7266 989 1 959 0 0.37 0.52 0.34 8177412 2069792 6107620 0 264608 755156 238256 530564 2945320 8386556 0 8386556 0 0 52 0 0 549460 0 3 332 0 0 0 0 64196 542 288 0 0 299 103 0 0 0 0 171 172 18 18 0 0 0 0 0 0 1 1 0 3 3 0 0 0 193122 1920 0 130339 0 0 0 0 0 0 0 0 0 0 0 0 0 0 0 4 95 0 0 533 326 318 136 92 19 8 5 4 3 1482
