################################################################################
# Collectl:   V3.6.0-1  HiRes: 1  Options: -o z -D -P -i 10 -f /mnt/vol2/msevilla/ceph-logs/client/cpu/ 
# Host:       issdm-41  DaemonOpts: -f /var/log/collectl -r00:00,7 -m -F60 -s+YZ
# Distro:       Platform: H8DMR-82
# Date:       20150604-130349  Secs: 1433448229 TZ: -0700
# SubSys:     bcdfijmnstYZ Options: z Interval: 10:60 NumCPUs: 4  NumBud: 4 Flags: i
# Filters:    NfsFilt:  EnvFilt: 
# HZ:         100  Arch: x86_64-linux-gnu-thread-multi PageSize: 4096
# Cpu:        AuthenticAMD Speed(MHz): 2010.244 Cores: 2  Siblings: 2
# Kernel:     3.4.0-030400-generic  Memory: 8177412 kB  Swap: 8386556 kB
# NumDisks:   4 DiskNames: sda sdb sdc sdd
# NumNets:    4 NetNames: eth0:?? eth1:1000 eth2:1000 lo:
# NumSlabs:   132 Version: 2.1
# SCSI:       CD:0:00:01:00 DA:2:00:00:00 DA:3:00:00:00 DA:4:00:00:00 DA:5:00:00:00
################################################################################
#Date Time [CPU]User% [CPU]Nice% [CPU]Sys% [CPU]Wait% [CPU]Irq% [CPU]Soft% [CPU]Steal% [CPU]Idle% [CPU]Totl% [CPU]Intrpt/sec [CPU]Ctx/sec [CPU]Proc/sec [CPU]ProcQue [CPU]ProcRun [CPU]L-Avg1 [CPU]L-Avg5 [CPU]L-Avg15 [MEM]Tot [MEM]Used [MEM]Free [MEM]Shared [MEM]Buf [MEM]Cached [MEM]Slab [MEM]Map [MEM]Commit [MEM]SwapTot [MEM]SwapUsed [MEM]SwapFree [MEM]SwapIn [MEM]SwapOut [MEM]Dirty [MEM]Clean [MEM]Laundry [MEM]Inactive [MEM]PageIn [MEM]PageOut [MEM]PageFaults [MEM]PageMajFaults [MEM]HugeTotal [MEM]HugeFree [MEM]HugeRsvd [MEM]SUnreclaim [SOCK]Used [SOCK]Tcp [SOCK]Orph [SOCK]Tw [SOCK]Alloc [SOCK]Mem [SOCK]Udp [SOCK]Raw [SOCK]Frag [SOCK]FragMem [NET]RxPktTot [NET]TxPktTot [NET]RxKBTot [NET]TxKBTot [NET]RxCmpTot [NET]RxMltTot [NET]TxCmpTot [NET]RxErrsTot [NET]TxErrsTot [DSK]ReadTot [DSK]WriteTot [DSK]OpsTot [DSK]ReadKBTot [DSK]WriteKBTot [DSK]KbTot [DSK]ReadMrgTot [DSK]WriteMrgTot [DSK]MrgTot [INODE]NumDentry [INODE]openFiles [INODE]MaxFile% [INODE]used [NFS]ReadsS [NFS]WritesS [NFS]MetaS [NFS]CommitS [NFS]Udp [NFS]Tcp [NFS]TcpConn [NFS]BadAuth [NFS]BadClient [NFS]ReadsC [NFS]WritesC [NFS]MetaC [NFS]CommitC [NFS]Retrans [NFS]AuthRef [TCP]PureAcks [TCP]HPAcks [TCP]Loss [TCP]FTrans [BUD]1Page [BUD]2Pages [BUD]4Pages [BUD]8Pages [BUD]16Pages [BUD]32Pages [BUD]64Pages [BUD]128Pages [BUD]256Pages [BUD]512Pages [BUD]1024Pages
20150604 13:04:10 2 0 2 0 0 0 0 95 5 2262 4443 38 246 0 0.00 0.01 0.05 8177412 2213444 5963968 0 320768 1490148 195676 135632 525424 8386556 0 8386556 0 0 116 0 0 888724 0 24 13564 0 0 0 0 21716 281 29 0 0 42 2 0 0 0 0 192 167 78 36 0 0 0 0 0 0 2 2 0 24 24 0 4 4 163724 1152 0 113673 0 0 0 0 0 0 0 0 0 0 0 2 0 0 3 3 99 0 0 1956 1162 1349 867 91 39 17 50 31 38 1403
20150604 13:04:20 2 0 2 0 0 0 0 96 4 7815 16020 0 246 0 0.08 0.03 0.05 8177412 2216092 5961320 0 320768 1490148 195596 139648 525372 8386556 0 8386556 0 0 116 0 0 888724 0 2 134 0 0 0 0 21636 281 29 0 0 42 2 0 0 0 0 810 693 350 159 0 0 0 0 0 0 0 0 0 2 2 0 0 0 163723 1152 0 113672 0 0 0 0 0 0 0 0 0 0 0 0 0 0 0 0 470 0 0 1610 1186 1331 846 91 39 17 50 31 38 1403
20150604 13:04:30 2 0 2 0 0 0 0 95 5 7877 16362 0 247 1 0.07 0.03 0.05 8177412 2215660 5961752 0 320768 1490148 195548 140024 533704 8386556 0 8386556 0 0 28 0 0 888724 0 20 39 0 0 0 0 21588 281 29 0 0 42 2 0 0 0 0 837 715 364 163 0 0 0 0 0 0 3 3 0 20 20 0 2 2 163709 1184 0 113658 0 0 0 0 0 0 0 0 0 0 0 0 0 0 0 0 484 0 0 1613 1230 1350 842 91 39 17 50 31 38 1403
20150604 13:04:40 2 0 2 0 0 0 0 96 4 7065 15415 0 247 0 0.14 0.05 0.05 8177412 2215556 5961856 0 320768 1490148 195532 140456 533800 8386556 0 8386556 0 0 32 0 0 888724 0 0 38 0 0 0 0 21572 281 29 0 0 42 2 0 0 0 0 796 680 346 156 0 0 0 0 0 0 0 0 0 0 0 0 0 0 163696 1184 0 113645 0 0 0 0 0 0 0 0 0 0 0 0 0 0 0 0 464 0 0 1606 1234 1345 844 91 39 17 50 31 38 1403
20150604 13:04:50 2 0 2 0 0 0 0 95 5 7702 16270 0 247 0 0.12 0.04 0.05 8177412 2215632 5961780 0 320768 1490148 195452 140464 533800 8386556 0 8386556 0 0 32 0 0 888724 0 0 28 0 0 0 0 21492 281 29 0 0 42 3 0 0 0 0 823 704 358 161 0 0 0 0 0 0 0 0 0 0 0 0 0 0 163700 1184 0 113650 0 0 0 0 0 0 0 0 0 0 0 0 0 0 0 0 479 0 0 1547 1235 1347 846 90 40 17 50 31 38 1403
20150604 13:05:00 2 0 2 0 0 0 0 96 4 7548 15813 0 247 0 0.25 0.08 0.06 8177412 2215816 5961596 0 320768 1490156 195608 140584 533800 8386556 0 8386556 0 0 40 0 0 888724 0 2 29 0 0 0 0 21648 281 29 0 0 42 2 0 0 0 0 805 688 348 158 0 0 0 0 0 0 0 0 0 2 2 0 0 0 163704 1184 0 113654 0 0 0 0 0 0 0 0 0 0 0 0 0 0 0 0 469 0 0 1545 1240 1336 845 90 40 17 50 31 38 1403
20150604 13:05:10 13 0 7 0 0 0 0 80 20 7868 17359 30 249 1 0.37 0.11 0.07 8177412 2221472 5955940 0 320772 1490184 195448 143044 614656 8386556 0 8386556 0 0 124 0 0 888736 0 29 22606 0 0 0 0 21456 282 30 0 0 43 2 0 0 0 0 834 710 359 162 0 0 0 0 0 0 2 2 0 29 29 0 2 2 163710 1216 0 113651 0 0 0 0 0 0 0 0 0 0 0 0 0 0 0 2 469 0 0 1503 1174 1389 738 84 40 19 48 31 38 1403
20150604 13:05:20 3 0 2 0 0 0 0 94 6 8033 16342 0 248 0 0.39 0.12 0.08 8177412 2218584 5958828 0 320772 1490180 195500 141068 542268 8386556 0 8386556 0 0 148 0 0 888752 0 18 1243 0 0 0 0 21540 282 30 0 0 43 2 0 0 0 0 812 694 352 164 0 0 0 0 0 0 1 1 0 18 18 0 2 2 163742 1216 0 113680 0 0 0 0 0 0 0 0 0 0 0 0 0 0 0 1 469 0 0 1645 1187 1380 771 85 40 19 48 31 38 1403
20150604 13:05:30 2 0 2 0 0 0 0 96 4 7414 15182 0 248 0 0.33 0.11 0.08 8177412 2216860 5960552 0 320772 1490180 195352 140872 542268 8386556 0 8386556 0 0 144 0 0 888752 0 5 29 0 0 0 0 21392 282 30 0 0 43 2 0 0 0 0 774 663 334 152 0 0 0 0 0 0 1 1 0 5 5 0 0 0 163736 1216 0 113675 0 0 0 0 0 0 0 0 0 0 0 0 0 0 0 0 449 0 0 1776 1227 1376 790 86 40 19 48 31 38 1403
20150604 13:05:40 2 0 2 0 0 0 0 96 4 8120 16503 0 248 0 0.50 0.16 0.09 8177412 2216664 5960748 0 320772 1490180 195348 140884 542268 8386556 0 8386556 0 0 120 0 0 888752 0 2 29 0 0 0 0 21388 282 30 0 0 43 2 0 0 0 0 826 705 359 161 0 0 0 0 0 0 0 0 0 2 2 0 0 0 163754 1216 0 113692 0 0 0 0 0 0 0 0 0 0 0 0 0 0 0 0 481 0 0 1805 1227 1380 789 85 39 18 49 31 38 1403
20150604 13:05:50 2 0 2 0 0 0 0 96 4 6626 13481 0 248 0 0.43 0.16 0.09 8177412 2216724 5960688 0 320772 1490180 195412 140928 542268 8386556 0 8386556 0 0 8 0 0 888752 0 13 29 0 0 0 0 21452 282 30 0 0 43 2 0 0 0 0 672 573 293 132 0 0 0 0 0 0 3 3 0 13 13 0 0 0 163585 1216 0 113523 0 0 0 0 0 0 0 0 0 0 0 0 0 0 0 0 390 0 0 1806 1228 1374 790 85 39 18 49 31 38 1403
20150604 13:06:00 2 0 2 0 0 0 0 96 4 7638 15590 0 248 0 0.36 0.15 0.09 8177412 2216680 5960732 0 320772 1490188 195380 140924 542268 8386556 0 8386556 0 0 20 0 0 888752 0 3 28 0 0 0 0 21420 282 30 0 0 43 2 0 0 0 0 797 685 345 157 0 0 0 0 0 0 1 1 0 3 3 0 0 0 163712 1216 0 113651 0 0 0 0 0 0 0 0 0 0 0 0 0 0 0 0 464 0 0 1809 1228 1373 791 85 39 18 49 31 38 1403
20150604 13:06:10 3 0 2 0 0 0 0 95 5 7383 15316 6 248 0 0.53 0.19 0.10 8177412 2219532 5957880 0 320776 1490212 195468 141032 542268 8386556 0 8386556 0 0 88 0 0 888780 0 8 1864 0 0 0 0 21508 282 30 0 0 43 2 0 0 0 0 767 656 335 150 0 0 0 0 0 0 1 1 0 8 8 0 1 1 163700 1248 0 113638 0 0 0 0 0 0 0 0 0 0 0 0 0 0 0 0 444 0 0 1637 1062 1361 773 86 39 18 49 31 38 1403
20150604 13:06:20 2 0 2 0 0 0 0 95 5 7531 15469 0 248 0 0.45 0.19 0.10 8177412 2218216 5959196 0 320776 1490212 195516 141056 542268 8386556 0 8386556 0 0 40 0 0 888784 0 5 28 0 0 0 0 21556 282 30 0 0 43 2 0 0 0 0 784 670 340 154 0 0 0 0 0 0 1 1 0 5 5 0 0 0 163711 1248 0 113650 0 0 0 0 0 0 0 0 0 0 0 0 0 0 0 0 456 0 0 1826 1112 1360 776 87 39 18 49 31 38 1403
20150604 13:06:30 2 0 2 0 0 0 0 96 4 6848 13896 0 248 0 0.45 0.20 0.11 8177412 2217428 5959984 0 320776 1490212 195500 140924 542268 8386556 0 8386556 0 0 8 0 0 888784 0 7 28 0 0 0 0 21540 282 30 0 0 43 2 0 0 0 0 702 601 306 138 0 0 0 0 0 0 1 1 0 7 7 0 0 0 163645 1248 0 113583 0 0 0 0 0 0 0 0 0 0 0 0 0 0 0 0 409 0 0 1931 1153 1364 778 86 39 18 49 31 38 1403
20150604 13:06:40 2 0 2 0 0 0 0 96 4 7742 15644 0 248 0 0.38 0.19 0.11 8177412 2216984 5960428 0 320776 1490212 195436 140928 542268 8386556 0 8386556 0 0 8 0 0 888784 0 0 29 0 0 0 0 21476 282 30 0 0 43 2 0 0 0 0 784 669 341 153 0 0 0 0 0 0 0 0 0 0 0 0 0 0 163737 1248 0 113675 0 0 0 0 0 0 0 0 0 0 0 0 0 0 0 0 455 0 0 1951 1158 1362 777 89 40 18 49 31 38 1403
20150604 13:06:50 2 0 2 0 0 0 0 96 4 7299 14932 0 248 3 0.40 0.20 0.11 8177412 2216912 5960500 0 320776 1490212 195436 140908 542268 8386556 0 8386556 0 0 4 0 0 888784 0 0 28 0 0 0 0 21476 282 30 0 0 43 2 0 0 0 0 757 648 328 149 0 0 0 0 0 0 0 0 0 0 0 0 0 0 163694 1248 0 113632 0 0 0 0 0 0 0 0 0 0 0 0 0 0 0 0 438 0 0 1945 1161 1358 778 90 40 18 49 31 38 1403
20150604 13:07:00 2 0 2 0 0 0 0 96 4 7414 15121 0 248 0 0.33 0.19 0.11 8177412 2217036 5960376 0 320776 1490216 195580 140912 542268 8386556 0 8386556 0 0 20 0 0 888784 0 2 28 0 0 0 0 21620 282 30 0 0 43 2 0 0 0 0 768 660 331 152 0 0 0 0 0 0 0 0 0 2 2 0 0 0 163672 1248 0 113611 0 0 0 0 0 0 0 0 0 0 0 0 0 0 0 0 449 0 0 1946 1162 1350 777 90 40 18 49 31 38 1403
20150604 13:07:10 2 0 3 0 0 0 0 95 5 7454 15518 6 248 0 0.50 0.24 0.13 8177412 2218912 5958500 0 320776 1490240 195524 141128 542268 8386556 0 8386556 0 0 92 0 0 888804 0 8 1866 0 0 0 0 21560 282 30 0 0 43 2 0 0 0 0 788 675 342 155 0 0 0 0 0 0 1 1 0 8 8 0 1 1 163727 1248 0 113665 0 0 0 0 0 0 0 0 0 0 0 0 0 0 0 0 459 0 0 1566 1121 1362 774 90 40 18 49 31 38 1403
20150604 13:07:20 2 0 2 0 0 0 0 96 4 7443 15108 0 248 0 0.50 0.25 0.13 8177412 2217464 5959948 0 320776 1490240 195476 141028 542268 8386556 0 8386556 0 0 92 0 0 888804 0 0 34 0 0 0 0 21512 282 30 0 0 43 2 0 0 0 0 767 658 330 152 0 0 0 0 0 0 0 0 0 0 0 0 0 0 163729 1248 0 113667 0 0 0 0 0 0 0 0 0 0 0 0 0 0 0 0 449 0 0 1821 1166 1371 775 89 41 18 49 31 38 1403
20150604 13:07:30 2 0 2 0 0 0 0 95 5 7378 14955 0 248 0 0.50 0.25 0.13 8177412 2216896 5960516 0 320776 1490240 195600 141028 542268 8386556 0 8386556 0 0 52 0 0 888804 0 7 28 0 0 0 0 21640 282 30 0 0 43 2 0 0 0 0 761 650 328 149 0 0 0 0 0 0 1 1 0 7 7 0 0 0 163692 1248 0 113630 0 0 0 0 0 0 0 0 0 0 0 0 0 0 0 0 439 0 0 1848 1180 1365 776 89 41 18 49 31 38 1403
20150604 13:07:40 2 0 2 0 0 0 0 96 4 6765 13800 1 248 0 0.49 0.26 0.14 8177412 2216804 5960608 0 320776 1490244 195456 140828 542268 8386556 0 8386556 0 0 72 0 0 888804 0 4 331 0 0 0 0 21496 282 30 0 0 43 2 0 0 0 0 699 596 301 137 0 0 0 0 0 0 0 0 0 4 4 0 0 0 163571 1248 0 113510 0 0 0 0 0 0 0 0 0 0 0 0 0 0 0 0 404 0 0 1799 1210 1377 777 89 41 18 49 31 38 1403
20150604 13:07:50 2 0 2 0 0 0 0 96 4 6568 13208 0 248 0 0.50 0.27 0.14 8177412 2216808 5960604 0 320776 1490244 195536 141000 542268 8386556 0 8386556 0 0 4 0 0 888804 0 7 28 0 0 0 0 21576 282 30 0 0 43 2 0 0 0 0 667 571 287 131 0 0 0 0 0 0 1 1 0 7 7 0 0 0 163741 1248 0 113679 0 0 0 0 0 0 0 0 0 0 0 0 0 0 0 0 386 0 0 1803 1210 1369 778 89 41 18 49 31 38 1403
20150604 13:08:00 2 0 2 0 0 0 0 96 4 6901 14540 0 248 0 0.50 0.28 0.14 8177412 2217052 5960360 0 320776 1490244 195680 140984 542268 8386556 0 8386556 0 0 16 0 0 888804 0 2 28 0 0 0 0 21720 282 30 0 0 43 2 0 0 0 0 746 638 322 146 0 0 0 0 0 0 0 0 0 2 2 0 0 0 163698 1248 0 113636 0 0 0 0 0 0 0 0 0 0 0 0 0 0 0 0 433 0 0 1778 1210 1363 777 89 41 18 49 31 38 1403
20150604 13:08:10 2 0 2 0 0 0 0 95 5 7034 14908 6 248 0 0.42 0.27 0.14 8177412 2219376 5958036 0 320776 1490272 195636 140980 542264 8386556 0 8386556 0 0 92 0 0 888820 0 8 1863 0 0 0 0 21644 282 30 0 0 43 2 0 0 0 0 754 645 327 148 0 0 0 0 0 0 1 1 0 8 8 0 1 1 163667 1248 0 113606 0 0 0 0 0 0 0 0 0 0 0 0 0 0 0 0 436 0 0 1634 1131 1361 755 89 41 18 49 31 38 1403
20150604 13:08:20 2 0 2 0 0 0 0 96 4 7123 14827 0 248 0 0.36 0.26 0.14 8177412 2217912 5959500 0 320776 1490272 195624 141092 542268 8386556 0 8386556 0 0 92 0 0 888820 0 0 28 0 0 0 0 21664 282 30 0 0 43 2 0 0 0 0 757 650 329 150 0 0 0 0 0 0 0 0 0 0 0 0 0 0 163704 1248 0 113642 0 0 0 0 0 0 0 0 0 0 0 0 0 0 0 0 444 0 0 1825 1178 1361 759 90 41 18 49 31 38 1403
20150604 13:08:30 1 0 1 0 0 0 0 97 3 4852 9778 0 248 0 0.30 0.25 0.14 8177412 2216956 5960456 0 320776 1490272 195592 140864 542268 8386556 0 8386556 0 0 60 0 0 888820 0 8 28 0 0 0 0 21632 282 30 0 0 43 2 0 0 0 0 480 410 210 94 0 0 0 0 0 0 1 1 0 8 8 0 0 0 163657 1248 0 113595 0 0 0 0 0 0 0 0 0 0 0 0 0 0 0 0 279 0 0 1890 1214 1371 761 89 41 18 49 31 38 1403
20150604 13:08:40 2 0 2 0 0 0 0 96 4 7270 15063 0 248 0 0.41 0.28 0.15 8177412 2217000 5960412 0 320776 1490272 195648 140976 542268 8386556 0 8386556 0 0 20 0 0 888820 0 8 28 0 0 0 0 21688 282 30 0 0 43 2 0 0 0 0 770 657 333 150 0 0 0 0 0 0 1 1 0 8 8 0 0 0 163675 1248 0 113613 0 0 0 0 0 0 0 0 0 0 0 0 0 0 0 0 446 0 0 1887 1216 1362 764 89 41 18 49 31 38 1403
20150604 13:08:50 2 0 2 0 0 0 0 96 4 7366 14856 0 248 0 0.43 0.28 0.15 8177412 2216820 5960592 0 320776 1490272 195488 140956 542268 8386556 0 8386556 0 0 20 0 0 888816 0 0 28 0 0 0 0 21528 282 30 0 0 43 2 0 0 0 0 738 631 321 145 0 0 0 0 0 0 0 0 0 0 0 0 0 0 163695 1248 0 113633 0 0 0 0 0 0 0 0 0 0 0 0 0 0 0 0 430 0 0 1870 1224 1374 763 89 41 18 49 31 38 1403
20150604 13:09:00 2 0 2 0 0 0 0 96 4 7439 15315 0 248 0 0.36 0.27 0.15 8177412 2216868 5960544 0 320776 1490276 195632 140840 542268 8386556 0 8386556 0 0 36 0 0 888816 0 2 28 0 0 0 0 21672 282 30 0 0 43 2 0 0 0 0 771 660 335 151 0 0 0 0 0 0 0 0 0 2 2 0 0 0 163668 1248 0 113606 0 0 0 0 0 0 0 0 0 0 0 0 0 0 0 0 446 0 0 1890 1225 1364 764 89 41 18 49 31 38 1403
20150604 13:09:10 2 0 2 0 0 0 0 95 5 7461 15503 7 248 0 0.38 0.28 0.15 8177412 2219844 5957568 0 320776 1490304 195756 140952 542268 8386556 0 8386556 0 0 108 0 0 888832 0 9 2527 0 0 0 0 21796 282 30 0 0 43 2 0 0 0 0 789 674 341 155 0 0 0 0 0 0 1 1 0 9 9 0 1 1 163692 1280 0 113630 0 0 0 0 0 0 0 0 0 0 0 0 0 0 0 0 457 0 0 1602 1110 1371 745 87 41 18 49 31 38 1403
20150604 13:09:20 2 0 2 0 0 0 0 96 4 7489 15220 0 248 1 0.32 0.27 0.15 8177412 2218508 5958904 0 320776 1490304 195780 140836 542268 8386556 0 8386556 0 0 48 0 0 888832 0 6 28 0 0 0 0 21820 282 30 0 0 43 2 0 0 0 0 761 652 329 150 0 0 0 0 0 0 1 1 0 6 6 0 0 0 163703 1280 0 113641 0 0 0 0 0 0 0 0 0 0 0 0 0 0 0 0 444 0 0 1697 1143 1380 756 88 41 18 49 31 38 1403
20150604 13:09:30 2 0 2 0 0 0 0 96 4 6611 13546 0 248 0 0.27 0.26 0.15 8177412 2217392 5960020 0 320776 1490304 195636 140840 542268 8386556 0 8386556 0 0 12 0 0 888832 0 7 28 0 0 0 0 21676 282 30 0 0 43 2 0 0 0 0 682 584 296 134 0 0 0 0 0 0 1 1 0 7 7 0 0 0 163750 1280 0 113689 0 0 0 0 0 0 0 0 0 0 0 0 0 0 0 0 396 0 0 1854 1165 1388 756 90 41 18 49 31 38 1403
20150604 13:09:40 2 0 2 0 0 0 0 96 4 6501 13219 0 248 0 0.38 0.29 0.16 8177412 2217240 5960172 0 320776 1490304 195748 140948 542268 8386556 0 8386556 0 0 24 0 0 888828 0 3 28 0 0 0 0 21788 282 30 0 0 43 2 0 0 0 0 667 570 289 131 0 0 0 0 0 0 0 0 0 3 3 0 0 0 163742 1280 0 113680 0 0 0 0 0 0 0 0 0 0 0 0 0 0 0 0 386 0 0 1883 1172 1386 756 89 41 18 49 31 38 1403
20150604 13:09:50 2 0 2 0 0 0 0 96 4 7385 15201 0 248 0 0.32 0.28 0.16 8177412 2217364 5960048 0 320776 1490304 195892 140952 542268 8386556 0 8386556 0 0 24 0 0 888828 0 0 28 0 0 0 0 21932 282 30 0 0 43 2 0 0 0 0 774 663 335 152 0 0 0 0 0 0 0 0 0 0 0 0 0 0 163745 1280 0 113683 0 0 0 0 0 0 0 0 0 0 0 0 0 0 0 0 449 0 0 1886 1171 1376 756 89 41 18 49 31 38 1403
20150604 13:10:00 2 0 2 0 0 0 0 96 4 7357 14924 0 248 0 0.35 0.29 0.16 8177412 2217144 5960268 0 320776 1490312 195700 140968 542268 8386556 0 8386556 0 0 24 0 0 888820 0 4 29 0 0 0 0 21740 282 30 0 0 43 2 0 0 0 0 747 639 324 147 0 0 0 0 0 0 1 1 0 4 4 0 0 0 163686 1248 0 113625 0 0 0 0 0 0 0 0 0 0 0 0 0 0 0 0 433 0 0 1893 1171 1384 759 89 41 18 49 31 38 1403
20150604 13:10:10 2 0 2 0 0 0 0 96 4 6694 13926 6 248 0 0.30 0.28 0.16 8177412 2219752 5957660 0 320776 1490336 195864 140968 542268 8386556 0 8386556 0 0 96 0 0 888836 0 8 1866 0 0 0 0 21888 280 28 0 2 41 2 0 0 0 0 698 599 302 138 0 0 0 0 0 0 1 1 0 8 8 0 1 1 163733 1248 0 113670 0 0 0 0 0 0 0 0 0 0 0 0 0 0 0 0 408 0 0 1509 1142 1385 739 89 41 18 49 31 38 1403
20150604 13:10:20 2 0 2 0 0 0 0 96 4 6857 14790 0 248 0 0.33 0.28 0.16 8177412 2218104 5959308 0 320776 1490336 195800 140852 542268 8386556 0 8386556 0 0 92 0 0 888832 0 0 28 0 0 0 0 21840 280 28 0 2 41 2 0 0 0 0 770 659 334 151 0 0 0 0 0 0 0 0 0 0 0 0 0 0 163669 1248 0 113606 0 0 0 0 0 0 0 0 0 0 0 0 0 0 0 0 448 0 0 1706 1180 1394 753 87 41 18 49 31 38 1403
20150604 13:10:30 2 0 2 0 0 0 0 97 3 6473 13191 0 248 1 0.36 0.29 0.16 8177412 2217320 5960092 0 320776 1490336 195688 140948 542268 8386556 0 8386556 0 0 56 0 0 888832 0 7 28 0 0 0 0 21728 280 28 0 2 41 1 0 0 0 0 665 568 289 131 0 0 0 0 0 0 1 1 0 7 7 0 0 0 163523 1248 0 113460 0 0 0 0 0 0 0 0 0 0 0 0 0 0 0 0 390 0 0 1766 1226 1397 755 88 41 18 49 31 38 1403
20150604 13:10:40 2 0 2 0 0 0 0 96 4 6696 13687 0 248 0 0.30 0.28 0.16 8177412 2217304 5960108 0 320776 1490336 195832 140968 542268 8386556 0 8386556 0 0 56 0 0 888828 0 0 28 0 0 0 0 21872 280 28 0 2 41 2 0 0 0 0 680 581 294 134 0 0 0 0 0 0 0 0 0 0 0 0 0 0 163682 1248 0 113618 0 0 0 0 0 0 0 0 0 0 0 0 0 0 0 0 398 0 0 1744 1230 1388 754 88 41 18 49 31 38 1403
20150604 13:10:50 2 0 2 0 0 0 0 96 4 7553 15270 0 248 0 0.26 0.27 0.16 8177412 2217304 5960108 0 320776 1490336 195704 140924 542268 8386556 0 8386556 0 0 8 0 0 888828 0 7 28 0 0 0 0 21744 280 28 0 2 41 2 0 0 0 0 768 655 333 150 0 0 0 0 0 0 2 2 0 7 7 0 0 0 163667 1248 0 113604 0 0 0 0 0 0 0 0 0 0 0 0 0 0 0 0 445 0 0 1743 1229 1391 755 89 41 18 49 31 38 1403
20150604 13:11:00 2 0 2 0 0 0 0 96 4 7185 14693 0 248 0 0.37 0.30 0.17 8177412 2217348 5960064 0 320776 1490340 195832 140832 542268 8386556 0 8386556 0 0 20 0 0 888828 0 2 28 0 0 0 0 21872 280 28 0 2 41 2 0 0 0 0 741 633 322 145 0 0 0 0 0 0 0 0 0 2 2 0 0 0 163680 1248 0 113616 0 0 0 0 0 0 0 0 0 0 0 0 0 0 0 0 431 0 0 1754 1229 1385 755 89 41 18 49 31 38 1403
20150604 13:11:10 2 0 2 0 0 0 0 96 4 5949 12399 6 248 0 0.31 0.29 0.17 8177412 2218916 5958496 0 320776 1490364 195672 140852 542268 8386556 0 8386556 0 0 96 0 0 888848 0 8 1862 0 0 0 0 21712 280 28 0 0 41 1 0 0 0 0 630 539 271 124 0 0 0 0 0 0 1 1 0 8 8 0 1 1 163523 1248 0 113460 0 0 0 0 0 0 0 0 0 0 0 0 0 0 0 0 364 0 0 1823 1095 1374 748 89 41 18 49 31 38 1403
20150604 13:11:20 2 0 2 0 0 0 0 96 4 7168 14559 0 248 0 0.34 0.29 0.17 8177412 2217424 5959988 0 320776 1490364 195688 140944 542268 8386556 0 8386556 0 0 44 0 0 888848 0 5 28 0 0 0 0 21728 280 28 0 0 41 2 0 0 0 0 735 629 317 144 0 0 0 0 0 0 1 1 0 5 5 0 0 0 163662 1248 0 113598 0 0 0 0 0 0 0 0 0 0 0 0 0 0 0 0 424 0 0 1942 1175 1378 750 89 41 18 49 31 38 1403
20150604 13:11:30 2 0 2 0 0 0 0 96 4 6683 13722 0 248 0 0.45 0.32 0.18 8177412 2216760 5960652 0 320776 1490364 195576 140828 542268 8386556 0 8386556 0 0 8 0 0 888848 0 7 28 0 0 0 0 21616 280 28 0 0 41 2 0 0 0 0 692 594 299 136 0 0 0 0 0 0 1 1 0 7 7 0 0 0 163720 1248 0 113656 0 0 0 0 0 0 0 0 0 0 0 0 0 0 0 0 404 0 0 1963 1206 1380 751 89 42 18 49 31 38 1403
20150604 13:11:40 2 0 2 0 0 0 0 96 4 7477 15167 0 248 0 0.53 0.34 0.19 8177412 2216748 5960664 0 320776 1490364 195576 140824 542268 8386556 0 8386556 0 0 4 0 0 888848 0 0 28 0 0 0 0 21616 280 28 0 0 41 2 0 0 0 0 771 660 331 152 0 0 0 0 0 0 0 0 0 0 0 0 0 0 163652 1248 0 113589 0 0 0 0 0 0 0 0 0 0 0 0 0 0 0 0 446 0 0 1962 1209 1381 751 89 42 18 49 31 38 1403
20150604 13:11:50 2 0 2 0 0 0 0 95 5 7678 15972 0 248 0 0.52 0.34 0.19 8177412 2216636 5960776 0 320776 1490364 195480 140816 542268 8386556 0 8386556 0 0 8 0 0 888848 0 0 28 0 0 0 0 21520 280 28 0 0 41 2 0 0 0 0 790 676 345 155 0 0 0 0 0 0 0 0 0 0 0 0 0 0 163721 1248 0 113657 0 0 0 0 0 0 0 0 0 0 0 0 0 0 0 0 463 0 0 1962 1211 1387 751 89 42 18 49 31 38 1403
20150604 13:12:00 2 0 2 0 0 0 0 96 4 7137 14824 0 248 1 0.44 0.33 0.19 8177412 2216664 5960748 0 320776 1490364 195656 140816 542268 8386556 0 8386556 0 0 20 0 0 888848 0 2 28 0 0 0 0 21696 280 28 0 0 41 2 0 0 0 0 759 649 331 148 0 0 0 0 0 0 0 0 0 2 2 0 0 0 163726 1248 0 113662 0 0 0 0 0 0 0 0 0 0 0 0 0 0 0 0 440 0 0 1993 1209 1378 751 89 42 18 49 31 38 1403
20150604 13:12:10 2 0 2 0 0 0 0 95 5 7517 15281 6 248 0 0.37 0.32 0.19 8177412 2219600 5957812 0 320776 1490388 195660 140812 542268 8386556 0 8386556 0 0 88 0 0 888860 0 9 1862 0 0 0 0 21656 280 28 0 0 41 2 0 0 0 0 761 653 330 150 0 0 0 0 0 0 1 1 0 9 9 0 1 1 163679 1280 0 113616 0 0 0 0 0 0 0 0 0 0 0 0 0 0 0 0 445 0 0 1476 1153 1381 748 89 42 18 49 31 38 1403
20150604 13:12:20 2 0 2 0 0 0 0 95 5 8001 16181 0 248 0 0.39 0.33 0.19 8177412 2217556 5959856 0 320776 1490388 195536 140924 542268 8386556 0 8386556 0 0 84 0 0 888860 0 0 28 0 0 0 0 21576 280 28 0 0 41 2 0 0 0 0 798 682 348 156 0 0 0 0 0 0 0 0 0 0 0 0 0 0 163706 1280 0 113643 0 0 0 0 0 0 0 0 0 0 0 0 0 0 0 0 463 0 0 1767 1192 1389 754 89 42 18 49 31 38 1403
20150604 13:12:30 2 0 2 0 0 0 0 96 4 6258 12792 0 248 0 0.33 0.32 0.19 8177412 2217136 5960276 0 320776 1490388 195520 140916 542268 8386556 0 8386556 0 0 56 0 0 888860 0 8 28 0 0 0 0 21560 280 28 0 0 41 2 0 0 0 0 632 539 275 123 0 0 0 0 0 0 1 1 0 8 8 0 0 0 163733 1280 0 113670 0 0 0 0 0 0 0 0 0 0 0 0 0 0 0 0 366 0 0 1803 1197 1389 757 89 42 18 49 31 38 1403
20150604 13:12:40 2 0 2 0 0 0 0 96 4 7520 14823 0 248 0 0.36 0.32 0.19 8177412 2217164 5960248 0 320776 1490388 195616 140804 542268 8386556 0 8386556 0 0 56 0 0 888860 0 0 34 0 0 0 0 21656 280 28 0 0 41 2 0 0 0 0 736 630 317 144 0 0 0 0 0 0 0 0 0 0 0 0 0 0 163650 1280 0 113586 0 0 0 0 0 0 0 0 0 0 0 0 0 0 0 0 425 0 0 1822 1201 1388 756 88 42 18 49 31 38 1403
20150604 13:12:50 2 0 2 0 0 0 0 96 4 7746 15778 0 248 0 0.30 0.31 0.19 8177412 2217004 5960408 0 320776 1490388 195616 140804 542268 8386556 0 8386556 0 0 4 0 0 888860 0 6 28 0 0 0 0 21656 280 28 0 0 41 2 0 0 0 0 791 674 343 154 0 0 0 0 0 0 1 1 0 6 6 0 0 0 163720 1280 0 113656 0 0 0 0 0 0 0 0 0 0 0 0 0 0 0 0 456 0 0 1848 1207 1388 756 88 42 18 49 31 38 1403
20150604 13:13:00 2 0 2 0 0 0 0 96 4 6628 13535 0 248 0 0.33 0.32 0.19 8177412 2217092 5960320 0 320776 1490392 195584 140916 542268 8386556 0 8386556 0 0 20 0 0 888860 0 2 28 0 0 0 0 21624 280 28 0 0 41 2 0 0 0 0 670 572 294 131 0 0 0 0 0 0 0 0 0 2 2 0 0 0 163759 1280 0 113696 0 0 0 0 0 0 0 0 0 0 0 0 0 0 0 0 390 0 0 1820 1207 1389 756 88 42 18 49 31 38 1403
20150604 13:13:10 2 0 2 0 0 0 0 95 5 6999 14672 6 248 0 0.43 0.34 0.20 8177412 2218808 5958604 0 320776 1490416 195596 140804 542268 8386556 0 8386556 0 0 92 0 0 888880 0 8 1865 0 0 0 0 21636 280 28 0 0 41 2 0 0 0 0 742 636 322 146 0 0 0 0 0 0 1 1 0 8 8 0 1 1 163705 1248 0 113641 0 0 0 0 0 0 0 0 0 0 0 0 0 0 0 0 432 0 0 1585 1186 1393 743 88 42 18 49 31 38 1403
20150604 13:13:20 2 0 2 0 0 0 0 96 4 6851 13994 0 248 0 0.37 0.33 0.20 8177412 2217804 5959608 0 320776 1490416 195644 140800 542268 8386556 0 8386556 0 0 92 0 0 888876 0 0 28 0 0 0 0 21684 280 28 0 0 41 2 0 0 0 0 698 597 302 136 0 0 0 0 0 0 0 0 0 0 0 0 0 0 163767 1248 0 113704 0 0 0 0 0 0 0 0 0 0 0 0 0 0 0 0 403 0 0 1695 1218 1384 753 88 42 18 49 31 38 1403
20150604 13:13:30 2 0 2 0 0 0 0 96 4 7483 15146 0 248 0 0.31 0.32 0.20 8177412 2217212 5960200 0 320776 1490416 195600 140804 542268 8386556 0 8386556 0 0 52 0 0 888876 0 7 28 0 0 0 0 21636 280 28 0 0 41 2 0 0 0 0 752 642 327 148 0 0 0 0 0 0 1 1 0 7 7 0 0 0 163684 1248 0 113620 0 0 0 0 0 0 0 0 0 0 0 0 0 0 0 0 439 0 0 1771 1233 1385 754 89 42 18 49 31 38 1403
20150604 13:13:40 2 0 2 0 0 0 0 95 5 8118 16656 0 248 0 0.34 0.32 0.20 8177412 2217280 5960132 0 320776 1490416 195740 140808 542268 8386556 0 8386556 0 0 56 0 0 888872 0 0 28 0 0 0 0 21780 280 28 0 0 41 2 0 0 0 0 827 704 362 162 0 0 0 0 0 0 0 0 0 0 0 0 0 0 163717 1248 0 113654 0 0 0 0 0 0 0 0 0 0 0 0 0 0 0 0 482 0 0 1771 1235 1376 752 90 42 18 49 31 38 1403
20150604 13:13:50 2 0 2 0 0 0 0 97 3 5893 11890 0 248 0 0.36 0.33 0.21 8177412 2216988 5960424 0 320776 1490416 195580 141024 542268 8386556 0 8386556 0 0 4 0 0 888872 0 5 28 0 0 0 0 21620 280 28 0 0 41 2 0 0 0 0 592 504 256 115 0 0 0 0 0 0 1 1 0 5 5 0 0 0 163786 1248 0 113723 0 0 0 0 0 0 0 0 0 0 0 0 0 0 0 0 339 0 0 1798 1246 1384 752 89 42 18 49 31 38 1403
20150604 13:14:00 2 0 2 0 0 0 0 96 4 7531 15459 0 248 0 0.38 0.34 0.21 8177412 2216892 5960520 0 320776 1490416 195560 140916 542268 8386556 0 8386556 0 0 16 0 0 888872 0 2 28 0 0 0 0 21600 280 28 0 0 41 2 0 0 0 0 783 670 340 154 0 0 0 0 0 0 0 0 0 2 2 0 0 0 163695 1248 0 113631 0 0 0 0 0 0 0 0 0 0 0 0 0 0 0 0 454 0 0 1812 1247 1382 755 89 42 18 49 31 38 1403
20150604 13:14:10 2 0 2 0 0 0 0 95 5 7145 14937 6 248 0 0.32 0.32 0.21 8177412 2219892 5957520 0 320776 1490440 195636 140912 542268 8386556 0 8386556 0 0 84 0 0 888884 0 8 1863 0 0 0 0 21676 280 28 0 0 41 2 0 0 0 0 760 652 327 150 0 0 0 0 0 0 1 1 0 8 8 0 1 1 163709 1248 0 113646 0 0 0 0 0 0 0 0 0 0 0 0 0 0 0 0 444 0 0 1472 1106 1393 751 88 42 18 49 31 38 1403
20150604 13:14:20 2 0 2 0 0 0 0 96 4 6846 13785 0 248 0 0.27 0.31 0.20 8177412 2217876 5959536 0 320776 1490440 195604 140908 542268 8386556 0 8386556 0 0 88 0 0 888884 0 0 28 0 0 0 0 21644 280 28 0 0 41 2 0 0 0 0 692 589 300 135 0 0 0 0 0 0 0 0 0 0 0 0 0 0 163594 1248 0 113530 0 0 0 0 0 0 0 0 0 0 0 0 0 0 0 0 399 0 0 1788 1153 1395 752 89 42 18 49 31 38 1403
20150604 13:14:30 2 0 2 0 0 0 0 96 4 7187 14905 0 248 0 0.31 0.32 0.21 8177412 2217172 5960240 0 320776 1490440 195688 140904 542268 8386556 0 8386556 0 0 56 0 0 888884 0 7 28 0 0 0 0 21728 280 28 0 0 41 2 0 0 0 0 759 649 330 149 0 0 0 0 0 0 1 1 0 7 7 0 0 0 163670 1248 0 113607 0 0 0 0 0 0 0 0 0 0 0 0 0 0 0 0 444 0 0 1851 1199 1391 753 89 42 18 49 31 38 1403
20150604 13:14:40 2 0 2 0 0 0 0 96 4 7613 15518 0 248 1 0.26 0.31 0.21 8177412 2216944 5960468 0 320776 1490440 195612 140908 542268 8386556 0 8386556 0 0 56 0 0 888884 0 0 28 0 0 0 0 21652 280 28 0 0 41 2 0 0 0 0 765 653 336 149 0 0 0 0 0 0 0 0 0 0 0 0 0 0 163641 1248 0 113578 0 0 0 0 0 0 0 0 0 0 0 0 0 0 0 0 442 0 0 1824 1199 1392 755 89 42 18 49 31 38 1403
20150604 13:14:50 2 0 3 0 0 0 0 95 5 7261 15062 0 248 0 0.29 0.31 0.21 8177412 2217152 5960260 0 320776 1490440 195712 140904 542268 8386556 0 8386556 0 0 4 0 0 888884 0 5 28 0 0 0 0 21748 280 28 0 0 41 2 0 0 0 0 766 657 333 151 0 0 0 0 0 0 1 1 0 5 5 0 0 0 163691 1248 0 113628 0 0 0 0 0 0 0 0 0 0 0 0 0 0 0 0 449 0 0 1825 1200 1384 756 89 42 18 49 31 38 1403
20150604 13:15:00 2 0 2 0 0 0 0 96 4 7263 14841 0 248 0 0.40 0.34 0.22 8177412 2216940 5960472 0 320776 1490444 195516 140680 542268 8386556 0 8386556 0 0 20 0 0 888880 0 2 28 0 0 0 0 21556 280 28 0 0 41 2 0 0 0 0 750 641 326 146 0 0 0 0 0 0 0 0 0 2 2 0 0 0 163729 1248 0 113665 0 0 0 0 0 0 0 0 0 0 0 0 0 0 0 0 433 0 0 1835 1209 1393 758 89 42 18 49 31 38 1403
20150604 13:15:10 2 0 2 0 0 0 0 96 4 5815 12078 6 248 1 0.41 0.34 0.22 8177412 2219348 5958064 0 320776 1490472 195660 141012 542268 8386556 0 8386556 0 0 96 0 0 888908 0 8 1959 0 0 0 0 21632 280 28 0 0 41 2 0 0 0 0 616 527 266 121 0 0 0 0 0 0 1 1 0 8 8 0 1 1 163761 1216 0 113697 0 0 0 0 0 0 0 0 0 0 0 0 0 0 0 0 358 0 0 1548 1117 1382 757 86 42 18 49 31 38 1403
20150604 13:15:20 1 0 1 0 0 0 0 97 3 4614 9653 0 248 0 0.42 0.35 0.23 8177412 2217772 5959640 0 320776 1490472 195756 140900 542268 8386556 0 8386556 0 0 92 0 0 888904 0 0 29 0 0 0 0 21792 280 28 0 0 41 2 0 0 0 0 481 413 210 94 0 0 0 0 0 0 0 0 0 0 0 0 0 0 163715 1216 0 113651 0 0 0 0 0 0 0 0 0 0 0 0 0 0 0 0 280 0 0 1754 1184 1370 762 86 42 18 49 31 38 1403
20150604 13:15:30 2 0 2 0 0 0 0 96 4 6747 13537 0 248 0 0.43 0.35 0.23 8177412 2217204 5960208 0 320776 1490472 195628 140792 542268 8386556 0 8386556 0 0 60 0 0 888904 0 7 28 0 0 0 0 21664 280 28 0 0 41 0 0 0 0 0 668 570 290 131 0 0 0 0 0 0 1 1 0 7 7 0 0 0 163574 1216 0 113511 0 0 0 0 0 0 0 0 0 0 0 0 0 0 0 0 387 0 0 1791 1214 1398 760 85 42 18 49 31 38 1403
20150604 13:15:40 2 0 2 0 0 0 0 96 4 6584 13351 0 248 0 0.44 0.36 0.23 8177412 2217132 5960280 0 320776 1490472 195780 140788 542268 8386556 0 8386556 0 0 68 0 0 888904 0 3 28 0 0 0 0 21816 280 28 0 0 41 2 0 0 0 0 665 568 291 130 0 0 0 0 0 0 0 0 0 3 3 0 0 0 163632 1216 0 113569 0 0 0 0 0 0 0 0 0 0 0 0 0 0 0 0 387 0 0 1808 1216 1394 760 86 43 17 49 31 38 1403
20150604 13:15:50 2 0 2 0 0 0 0 96 4 7372 15363 0 248 0 0.45 0.36 0.23 8177412 2216932 5960480 0 320776 1490472 195652 140672 542268 8386556 0 8386556 0 0 8 0 0 888904 0 8 28 0 0 0 0 21688 280 28 0 0 41 2 0 0 0 0 777 667 335 153 0 0 0 0 0 0 2 2 0 8 8 0 0 0 163671 1216 0 113607 0 0 0 0 0 0 0 0 0 0 0 0 0 0 0 0 453 0 0 1816 1221 1396 759 86 42 18 49 31 38 1403
20150604 13:16:00 2 0 2 0 0 0 0 96 4 6071 12559 0 248 0 0.45 0.37 0.24 8177412 2216796 5960616 0 320776 1490472 195652 140668 542268 8386556 0 8386556 0 0 20 0 0 888900 0 2 28 0 0 0 0 21688 280 28 0 0 41 0 0 0 0 0 644 553 276 127 0 0 0 0 0 0 0 0 0 2 2 0 0 0 163522 1216 0 113458 0 0 0 0 0 0 0 0 0 0 0 0 0 0 0 0 372 0 0 1824 1226 1389 760 88 42 18 49 31 38 1403
20150604 13:16:10 2 0 2 0 0 0 0 96 4 6111 12586 6 248 0 0.38 0.35 0.23 8177412 2218792 5958620 0 320776 1490496 195600 140712 542268 8386556 0 8386556 0 0 92 0 0 888912 0 8 1864 0 0 0 0 21636 280 28 0 0 41 2 0 0 0 0 639 548 277 125 0 0 0 0 0 0 1 1 0 8 8 0 1 1 163705 1216 0 113641 0 0 0 0 0 0 0 0 0 0 0 0 0 0 0 0 369 0 0 1708 1101 1382 753 87 42 18 49 31 38 1403
20150604 13:16:20 2 0 2 0 0 0 0 96 4 6954 14040 0 248 0 0.32 0.34 0.23 8177412 2217360 5960052 0 320776 1490496 195648 140696 542268 8386556 0 8386556 0 0 40 0 0 888912 0 6 28 0 0 0 0 21684 280 28 0 0 41 2 0 0 0 0 697 596 305 136 0 0 0 0 0 0 1 1 0 6 6 0 0 0 163628 1216 0 113564 0 0 0 0 0 0 0 0 0 0 0 0 0 0 0 0 404 0 0 1838 1178 1389 757 88 42 18 49 31 38 1403
20150604 13:16:30 1 0 1 0 0 0 0 99 1 2860 5778 0 248 0 0.35 0.35 0.23 8177412 2216916 5960496 0 320776 1490496 195648 140588 542268 8386556 0 8386556 0 0 4 0 0 888912 0 7 28 0 0 0 0 21684 280 28 0 0 41 2 0 0 0 0 286 245 123 56 0 0 0 0 0 0 1 1 0 7 7 0 0 0 163556 1216 0 113493 0 0 0 0 0 0 0 0 0 0 0 0 0 0 0 0 165 0 0 1887 1184 1401 757 88 42 18 49 31 38 1403
20150604 13:16:40 2 0 2 0 0 0 0 95 5 8000 16106 0 248 1 0.37 0.35 0.24 8177412 2216640 5960772 0 320776 1490496 195632 140584 542268 8386556 0 8386556 0 0 8 0 0 888912 0 0 28 0 0 0 0 21668 280 28 0 0 41 2 0 0 0 0 807 690 350 158 0 0 0 0 0 0 0 0 0 0 0 0 0 0 163679 1216 0 113615 0 0 0 0 0 0 0 0 0 0 0 0 0 0 0 0 469 0 0 1911 1189 1404 760 88 43 17 49 31 38 1403
20150604 13:16:50 2 0 2 0 0 0 0 96 4 7394 15206 0 248 0 0.31 0.34 0.23 8177412 2216724 5960688 0 320776 1490496 195728 140696 542268 8386556 0 8386556 0 0 8 0 0 888912 0 0 28 0 0 0 0 21764 280 28 0 0 41 2 0 0 0 0 774 663 336 152 0 0 0 0 0 0 0 0 0 0 0 0 0 0 163711 1216 0 113648 0 0 0 0 0 0 0 0 0 0 0 0 0 0 0 0 452 0 0 1910 1189 1395 762 88 43 17 49 31 38 1403
20150604 13:17:00 2 0 2 0 0 0 0 97 3 5709 11738 0 248 0 0.34 0.35 0.23 8177412 2216576 5960836 0 320776 1490508 195584 140712 542268 8386556 0 8386556 0 0 28 0 0 888912 0 3 28 0 0 0 0 21620 280 28 0 0 41 2 0 0 0 0 589 504 256 115 0 0 0 0 0 0 1 1 0 3 3 0 0 0 163717 1216 0 113653 0 0 0 0 0 0 0 0 0 0 0 0 0 0 0 0 340 0 0 1907 1190 1397 761 88 42 18 49 31 38 1403
20150604 13:17:10 2 0 2 0 0 0 0 96 4 6060 12560 6 248 0 0.37 0.35 0.24 8177412 2219916 5957496 0 320776 1490532 195640 140584 542268 8386556 0 8386556 0 0 96 0 0 888932 0 8 1957 0 0 0 0 21672 280 28 0 0 41 0 0 0 0 0 633 542 273 125 0 0 0 0 0 0 1 1 0 8 8 0 1 1 163522 1248 0 113459 0 0 0 0 0 0 0 0 0 0 0 0 0 0 0 0 368 0 0 1429 1081 1390 762 85 41 18 49 31 38 1403
20150604 13:17:20 2 0 2 0 0 0 0 96 4 6964 14321 0 248 0 0.31 0.34 0.23 8177412 2218308 5959104 0 320776 1490532 195652 140696 542268 8386556 0 8386556 0 0 100 0 0 888932 0 0 28 0 0 0 0 21688 280 28 0 0 41 2 0 0 0 0 745 638 319 146 0 0 0 0 0 0 0 0 0 0 0 0 0 0 163648 1248 0 113584 0 0 0 0 0 0 0 0 0 0 0 0 0 0 0 0 431 0 0 1720 1135 1392 765 85 41 18 49 31 38 1403
20150604 13:17:30 2 0 2 0 0 0 0 96 4 6492 13279 0 248 0 0.42 0.36 0.24 8177412 2217580 5959832 0 320776 1490532 195668 140696 542268 8386556 0 8386556 0 0 56 0 0 888932 0 8 28 0 0 0 0 21704 280 28 0 0 41 0 0 0 0 0 681 581 295 133 0 0 0 0 0 0 1 1 0 8 8 0 0 0 163543 1248 0 113480 0 0 0 0 0 0 0 0 0 0 0 0 0 0 0 0 393 0 0 1771 1160 1392 767 87 41 18 49 31 38 1403
20150604 13:17:40 2 0 2 0 0 0 0 96 4 6840 13978 0 248 0 0.44 0.37 0.24 8177412 2217464 5959948 0 320776 1490532 195676 140580 542268 8386556 0 8386556 0 0 56 0 0 888932 0 0 28 0 0 0 0 21712 280 28 0 0 41 2 0 0 0 0 709 607 305 140 0 0 0 0 0 0 0 0 0 0 0 0 0 0 163715 1248 0 113652 0 0 0 0 0 0 0 0 0 0 0 0 0 0 0 0 415 0 0 1771 1161 1390 768 87 41 18 49 31 38 1403
20150604 13:17:50 2 0 2 0 0 0 0 96 4 7092 14629 0 248 0 0.37 0.35 0.24 8177412 2217340 5960072 0 320776 1490532 195584 140680 542268 8386556 0 8386556 0 0 4 0 0 888932 0 5 28 0 0 0 0 21616 280 28 0 0 41 2 0 0 0 0 753 646 324 149 0 0 0 0 0 0 1 1 0 5 5 0 0 0 163656 1248 0 113593 0 0 0 0 0 0 0 0 0 0 0 0 0 0 0 0 438 0 0 1768 1165 1394 769 87 41 18 49 31 38 1403
20150604 13:18:00 2 0 2 0 0 0 0 95 5 7491 15394 0 248 0 0.31 0.34 0.24 8177412 2217400 5960012 0 320776 1490532 195660 140680 542268 8386556 0 8386556 0 0 16 0 0 888932 0 2 34 0 0 0 0 21696 280 28 0 0 41 2 0 0 0 0 794 678 342 155 0 0 0 0 0 0 0 0 0 2 2 0 0 0 163661 1248 0 113597 0 0 0 0 0 0 0 0 0 0 0 0 0 0 0 0 457 0 0 1767 1168 1389 769 87 41 18 49 31 38 1403
20150604 13:18:10 2 0 2 0 0 0 0 95 5 7126 14897 6 248 0 0.26 0.33 0.24 8177412 2219128 5958284 0 320776 1490556 195588 140684 542268 8386556 0 8386556 0 0 88 0 0 888944 0 8 1863 0 0 0 0 21624 280 28 0 0 41 2 0 0 0 0 776 666 330 152 0 0 0 0 0 0 1 1 0 8 8 0 1 1 163710 1248 0 113647 0 0 0 0 0 0 0 0 0 0 0 0 0 0 0 0 445 0 0 1606 1048 1380 773 87 41 18 49 31 38 1403
20150604 13:18:20 2 0 2 0 0 0 0 96 4 7325 15038 0 248 1 0.22 0.32 0.23 8177412 2217828 5959584 0 320776 1490556 195748 140680 542268 8386556 0 8386556 0 0 84 0 0 888944 0 0 28 0 0 0 0 21784 280 28 0 0 41 2 0 0 0 0 782 670 335 153 0 0 0 0 0 0 0 0 0 0 0 0 0 0 163708 1248 0 113644 0 0 0 0 0 0 0 0 0 0 0 0 0 0 0 0 451 0 0 1818 1105 1373 773 87 41 18 49 31 38 1403
20150604 13:18:30 1 0 2 0 0 0 0 97 3 5027 10365 0 248 3 0.26 0.33 0.24 8177412 2217596 5959816 0 320776 1490556 195876 140568 542268 8386556 0 8386556 0 0 56 0 0 888944 0 7 28 0 0 0 0 21912 280 28 0 0 41 2 0 0 0 0 513 440 223 100 0 0 0 0 0 0 1 1 0 7 7 0 0 0 163859 1248 0 113795 0 0 0 0 0 0 0 0 0 0 0 0 0 0 0 0 297 0 0 1896 1111 1369 770 87 41 18 49 31 38 1403
20150604 13:18:40 2 0 2 0 0 0 0 96 4 7602 15517 0 248 1 0.30 0.33 0.24 8177412 2217608 5959804 0 320776 1490556 195896 140628 542268 8386556 0 8386556 0 0 56 0 0 888944 0 0 29 0 0 0 0 21932 280 28 0 0 41 2 0 0 0 0 769 657 337 151 0 0 0 0 0 0 0 0 0 0 0 0 0 0 163669 1248 0 113606 0 0 0 0 0 0 0 0 0 0 0 0 0 0 0 0 449 0 0 1883 1121 1376 767 87 41 18 49 31 38 1403
20150604 13:18:50 2 0 2 0 0 0 0 95 5 7600 15454 0 248 1 0.32 0.34 0.24 8177412 2217196 5960216 0 320776 1490556 195640 140828 542268 8386556 0 8386556 0 0 4 0 0 888944 0 6 28 0 0 0 0 21676 280 28 0 0 41 2 0 0 0 0 770 657 336 150 0 0 0 0 0 0 1 1 0 6 6 0 0 0 163684 1248 0 113620 0 0 0 0 0 0 0 0 0 0 0 0 0 0 0 0 446 0 0 1903 1128 1382 770 86 42 18 49 31 38 1403
20150604 13:19:00 1 0 1 0 0 0 0 98 2 3762 7737 0 248 0 0.35 0.34 0.24 8177412 2217056 5960356 0 320776 1490560 195592 140828 542268 8386556 0 8386556 0 0 16 0 0 888944 0 2 28 0 0 0 0 21628 280 28 0 0 41 2 0 0 0 0 388 332 169 76 0 0 0 0 0 0 0 0 0 2 2 0 0 0 163826 1248 0 113763 0 0 0 0 0 0 0 0 0 0 0 0 0 0 0 0 226 0 0 1923 1127 1380 771 87 42 18 49 31 38 1403
20150604 13:19:10 2 0 2 0 0 0 0 96 4 6141 12693 6 248 0 0.37 0.35 0.25 8177412 2219152 5958260 0 320776 1490584 195644 140716 542268 8386556 0 8386556 0 0 92 0 0 888964 0 8 1861 0 0 0 0 21656 280 28 0 0 41 0 0 0 0 0 632 542 274 125 0 0 0 0 0 0 1 1 0 8 8 0 1 1 163522 1280 0 113459 0 0 0 0 0 0 0 0 0 0 0 0 0 0 0 0 368 0 0 1663 1107 1379 757 88 42 18 49 31 38 1403
20150604 13:19:20 2 0 2 0 0 0 0 96 4 7027 14487 0 248 0 0.39 0.35 0.25 8177412 2217912 5959500 0 320776 1490584 195716 140604 542268 8386556 0 8386556 0 0 92 0 0 888964 0 0 28 0 0 0 0 21752 280 28 0 0 41 2 0 0 0 0 734 625 321 142 0 0 0 0 0 0 0 0 0 0 0 0 0 0 163674 1280 0 113611 0 0 0 0 0 0 0 0 0 0 0 0 0 0 0 0 426 0 0 1802 1158 1371 762 86 42 18 49 31 38 1403
20150604 13:19:30 2 0 2 0 0 0 0 95 4 7708 15606 0 248 1 0.33 0.34 0.24 8177412 2217584 5959828 0 320776 1490584 195764 140604 542268 8386556 0 8386556 0 0 56 0 0 888964 0 8 28 0 0 0 0 21800 280 28 0 0 41 2 0 0 0 0 774 661 335 151 0 0 0 0 0 0 1 1 0 8 8 0 0 0 163686 1280 0 113622 0 0 0 0 0 0 0 0 0 0 0 0 0 0 0 0 447 0 0 1838 1176 1370 764 86 42 18 49 31 38 1403
20150604 13:19:40 2 0 2 0 0 0 0 96 4 7594 15487 0 248 0 0.35 0.35 0.25 8177412 2217224 5960188 0 320776 1490584 195644 140720 542268 8386556 0 8386556 0 0 52 0 0 888964 0 0 28 0 0 0 0 21680 280 28 0 0 41 2 0 0 0 0 774 661 334 152 0 0 0 0 0 0 0 0 0 0 0 0 0 0 163716 1280 0 113652 0 0 0 0 0 0 0 0 0 0 0 0 0 0 0 0 450 0 0 1830 1183 1375 765 88 42 18 49 31 38 1403
20150604 13:19:50 2 0 2 0 0 0 0 96 4 7134 14769 0 248 0 0.30 0.33 0.24 8177412 2217300 5960112 0 320776 1490584 195788 140604 542268 8386556 0 8386556 0 0 4 0 0 888964 0 5 28 0 0 0 0 21824 280 28 0 0 41 2 0 0 0 0 758 649 329 150 0 0 0 0 0 0 1 1 0 5 5 0 0 0 163681 1280 0 113618 0 0 0 0 0 0 0 0 0 0 0 0 0 0 0 0 444 0 0 1832 1184 1367 765 88 42 18 49 31 38 1403
20150604 13:20:00 2 0 2 0 0 0 0 96 4 7175 14766 0 248 0 0.32 0.34 0.25 8177412 2217212 5960200 0 320776 1490584 195712 140600 542268 8386556 0 8386556 0 0 16 0 0 888964 0 2 28 0 0 0 0 21748 280 28 0 0 41 2 0 0 0 0 756 648 328 149 0 0 0 0 0 0 0 0 0 2 2 0 0 0 163674 1280 0 113610 0 0 0 0 0 0 0 0 0 0 0 0 0 0 0 0 439 0 0 1828 1186 1377 763 88 42 18 49 31 38 1403
20150604 13:20:10 2 0 2 0 0 0 0 96 4 5518 11264 6 248 0 0.27 0.33 0.24 8177412 2219448 5957964 0 320776 1490608 195636 140824 542268 8386556 0 8386556 0 0 88 0 0 888976 0 8 1865 0 0 0 0 21644 280 28 0 0 41 2 0 0 0 0 565 486 243 111 0 0 0 0 0 0 1 1 0 8 8 0 1 1 163629 1280 0 113565 0 0 0 0 0 0 0 0 0 0 0 0 0 0 0 0 326 0 0 1603 1101 1377 751 88 42 18 49 31 38 1403
20150604 13:20:20 2 0 2 0 0 0 0 95 5 7668 15446 0 248 0 0.23 0.32 0.24 8177412 2218284 5959128 0 320776 1490608 195644 140708 542268 8386556 0 8386556 0 0 84 0 0 888976 0 0 28 0 0 0 0 21676 280 28 0 0 41 2 0 0 0 0 768 655 331 151 0 0 0 0 0 0 0 0 0 0 0 0 0 0 163641 1280 0 113577 0 0 0 0 0 0 0 0 0 0 0 0 0 0 0 0 445 0 0 1799 1150 1375 752 89 42 18 49 31 38 1403
20150604 13:20:30 2 0 2 0 0 0 0 95 5 7556 15292 0 248 0 0.20 0.31 0.24 8177412 2217444 5959968 0 320776 1490608 195708 140708 542268 8386556 0 8386556 0 0 56 0 0 888976 0 8 28 0 0 0 0 21740 280 28 0 0 41 2 0 0 0 0 762 652 331 149 0 0 0 0 0 0 1 1 0 8 8 0 0 0 163654 1280 0 113590 0 0 0 0 0 0 0 0 0 0 0 0 0 0 0 0 442 0 0 1873 1158 1387 755 88 42 18 49 31 38 1403
20150604 13:20:40 1 0 2 0 0 0 0 97 3 5750 12058 0 249 0 0.17 0.30 0.23 8177412 2217608 5959804 0 320776 1490608 195756 140992 550600 8386556 0 8386556 0 0 56 0 0 888976 0 0 36 0 0 0 0 21788 280 28 0 0 41 2 0 0 0 0 610 519 266 119 0 0 0 0 0 0 0 0 0 0 0 0 0 0 163769 1280 0 113706 0 0 0 0 0 0 0 0 0 0 0 0 0 0 0 0 355 0 0 1813 1157 1383 756 88 42 18 49 31 38 1403
20150604 13:20:50 2 0 2 0 0 0 0 96 4 7230 14601 0 249 0 0.14 0.29 0.23 8177412 2217396 5960016 0 320776 1490608 195676 141048 550600 8386556 0 8386556 0 0 8 0 0 888976 0 7 29 0 0 0 0 21708 280 28 0 0 41 2 0 0 0 0 738 632 319 145 0 0 0 0 0 0 2 2 0 7 7 0 0 0 163664 1280 0 113600 0 0 0 0 0 0 0 0 0 0 0 0 0 0 0 0 428 0 0 1826 1163 1387 758 88 42 18 49 31 38 1403
20150604 13:21:00 2 0 2 0 0 0 0 95 5 7376 15074 0 249 0 0.12 0.28 0.23 8177412 2217384 5960028 0 320776 1490612 195724 141048 550600 8386556 0 8386556 0 0 24 0 0 888976 0 2 28 0 0 0 0 21756 280 28 0 0 41 2 0 0 0 0 762 652 331 149 0 0 0 0 0 0 0 0 0 2 2 0 0 0 163649 1280 0 113585 0 0 0 0 0 0 0 0 0 0 0 0 0 0 0 0 443 0 0 1830 1164 1380 763 89 42 18 49 31 38 1403
20150604 13:21:10 2 0 2 0 0 0 0 95 5 7360 14908 6 249 0 0.18 0.28 0.23 8177412 2219556 5957856 0 320776 1490636 195752 140936 550600 8386556 0 8386556 0 0 96 0 0 888996 0 8 1866 0 0 0 0 21784 280 28 0 0 41 2 0 0 0 0 731 618 318 141 0 0 0 0 0 0 1 1 0 8 8 0 1 1 163802 1248 0 113738 0 0 0 0 0 0 0 0 0 0 0 0 0 0 0 0 420 0 0 1608 1100 1389 746 89 42 18 49 31 38 1403
20150604 13:21:20 2 0 2 0 0 0 0 95 5 8622 17586 0 249 0 0.15 0.27 0.23 8177412 2217968 5959444 0 320776 1490636 195752 141068 550600 8386556 0 8386556 0 0 96 0 0 888996 0 0 29 0 0 0 0 21784 280 28 0 0 41 2 0 0 0 0 865 726 379 167 0 0 0 0 0 0 0 0 0 0 0 0 0 0 163679 1248 0 113615 0 0 0 0 0 0 0 0 0 0 0 0 0 0 0 0 498 0 0 1773 1144 1388 747 90 42 18 49 31 38 1403
20150604 13:21:30 2 0 2 0 0 0 0 96 4 5280 10576 0 247 0 0.21 0.28 0.23 8177412 2215592 5961820 0 320776 1490636 195676 137512 545228 8386556 0 8386556 0 0 4 0 0 888292 0 12 42 0 0 0 0 21708 262 17 0 4 27 0 0 0 0 0 511 432 223 99 0 0 0 0 0 0 2 2 0 12 12 0 0 0 163552 1184 0 113488 0 0 0 0 0 0 0 0 0 0 0 0 0 0 0 1 295 0 0 2003 1188 1389 781 90 42 18 49 31 38 1403
20150604 13:21:40 0 0 0 0 0 0 0 100 0 133 210 0 247 0 0.18 0.27 0.23 8177412 2214968 5962444 0 320776 1490636 195676 137644 545228 8386556 0 8386556 0 0 36 0 0 888292 0 4 38 0 0 0 0 21708 262 17 0 4 27 0 0 0 0 0 9 9 1 3 0 0 0 0 0 0 0 0 0 4 4 0 1 1 163552 1184 0 113488 0 0 0 0 0 0 0 0 0 0 0 0 0 0 0 0 8 0 0 2109 1191 1394 784 90 42 18 49 31 38 1403
20150604 13:21:50 0 0 0 0 0 0 0 100 0 94 170 0 247 0 0.15 0.26 0.23 8177412 2214668 5962744 0 320776 1490636 195676 137644 545228 8386556 0 8386556 0 0 36 0 0 888292 0 0 28 0 0 0 0 21708 262 17 0 4 27 0 0 0 0 0 0 0 0 0 0 0 0 0 0 0 0 0 0 0 0 0 0 0 163552 1184 0 113488 0 0 0 0 0 0 0 0 0 0 0 0 0 0 0 0 0 0 0 2158 1186 1387 792 90 42 18 49 31 38 1403
20150604 13:22:00 0 0 0 0 0 0 0 100 0 97 172 0 247 0 0.13 0.26 0.22 8177412 2214588 5962824 0 320776 1490640 195584 137420 545228 8386556 0 8386556 0 0 52 0 0 888292 0 2 28 0 0 0 0 21616 262 17 0 4 27 0 0 0 0 0 0 0 0 0 0 0 0 0 0 0 0 0 0 2 2 0 0 0 163552 1184 0 113488 0 0 0 0 0 0 0 0 0 0 0 0 0 0 0 0 0 0 0 2195 1185 1389 793 90 42 18 49 31 38 1403
20150604 13:22:10 0 0 0 0 0 0 0 99 1 136 274 6 247 0 0.11 0.25 0.22 8177412 2217596 5959816 0 320776 1490672 195672 137640 545228 8386556 0 8386556 0 0 92 0 0 888312 0 11 1870 0 0 0 0 21704 262 17 0 4 27 1 0 0 0 0 2 2 0 0 0 0 0 0 0 0 2 2 0 11 11 0 1 1 163552 1152 0 113488 0 0 0 0 0 0 0 0 0 0 0 0 0 0 0 0 0 0 0 1895 1102 1365 775 91 42 18 49 31 38 1403
20150604 13:22:20 0 0 0 0 0 0 0 100 0 97 170 0 247 0 0.09 0.24 0.22 8177412 2215860 5961552 0 320776 1490672 195672 137640 545228 8386556 0 8386556 0 0 96 0 0 888312 0 0 28 0 0 0 0 21704 262 17 0 4 27 0 0 0 0 0 1 1 0 0 0 0 0 0 0 0 0 0 0 0 0 0 0 0 163552 1152 0 113488 0 0 0 0 0 0 0 0 0 0 0 0 0 0 0 0 0 0 0 2083 1152 1372 782 91 42 18 49 31 38 1403
20150604 13:22:30 0 0 0 0 0 0 0 100 0 98 176 0 247 0 0.08 0.23 0.22 8177412 2215352 5962060 0 320776 1490672 195672 137640 545228 8386556 0 8386556 0 0 60 0 0 888312 0 7 28 0 0 0 0 21704 262 17 0 0 27 0 0 0 0 0 0 0 0 0 0 0 0 0 0 0 1 1 0 7 7 0 0 0 163552 1152 0 113488 0 0 0 0 0 0 0 0 0 0 0 0 0 0 0 0 0 0 0 2142 1180 1375 782 91 42 18 49 31 38 1403
20150604 13:22:40 0 0 0 0 0 0 0 100 0 100 173 0 247 0 0.06 0.22 0.22 8177412 2215196 5962216 0 320776 1490672 195672 137640 545228 8386556 0 8386556 0 0 68 0 0 888312 0 4 28 0 0 0 0 21704 262 17 0 0 27 0 0 0 0 0 1 1 0 0 0 0 0 0 0 0 0 0 0 4 4 0 1 1 163552 1152 0 113488 0 0 0 0 0 0 0 0 0 0 0 0 0 0 0 0 0 0 0 2115 1182 1375 782 91 42 18 49 31 38 1403
20150604 13:22:50 0 0 0 0 0 0 0 100 0 101 171 0 247 0 0.05 0.22 0.21 8177412 2215192 5962220 0 320776 1490672 195672 137740 545228 8386556 0 8386556 0 0 4 0 0 888312 0 6 28 0 0 0 0 21704 262 17 0 0 27 0 0 0 0 0 0 0 0 0 0 0 0 0 0 0 2 2 0 6 6 0 0 0 163552 1152 0 113488 0 0 0 0 0 0 0 0 0 0 0 0 0 0 0 0 0 0 0 2143 1184 1375 782 91 42 18 49 31 38 1403
20150604 13:23:00 0 0 0 0 0 0 0 100 0 98 171 0 247 0 0.05 0.21 0.21 8177412 2215108 5962304 0 320776 1490672 195672 137648 545228 8386556 0 8386556 0 0 16 0 0 888312 0 2 28 0 0 0 0 21704 262 17 0 0 27 0 0 0 0 0 0 0 0 0 0 0 0 0 0 0 0 0 0 2 2 0 0 0 163552 1152 0 113488 0 0 0 0 0 0 0 0 0 0 0 0 0 0 0 0 0 0 0 2160 1186 1375 782 91 42 18 49 31 38 1403
20150604 13:23:10 0 0 0 0 0 0 0 99 1 133 275 6 247 1 0.04 0.20 0.21 8177412 2217340 5960072 0 320776 1490696 195684 137556 545228 8386556 0 8386556 0 0 84 0 0 888320 0 8 1869 0 0 0 0 21712 262 17 0 0 27 0 0 0 0 0 2 2 0 0 0 0 0 0 0 0 1 1 0 8 8 0 1 1 163552 1152 0 113488 0 0 0 0 0 0 0 0 0 0 0 0 0 0 0 0 0 0 0 1977 1106 1357 768 91 42 18 49 31 38 1403
20150604 13:23:20 0 0 0 0 0 0 0 100 0 96 168 0 247 0 0.03 0.20 0.21 8177412 2215976 5961436 0 320776 1490696 195684 137548 545228 8386556 0 8386556 0 0 80 0 0 888320 0 0 34 0 0 0 0 21712 262 17 0 0 27 0 0 0 0 0 1 0 0 0 0 0 0 0 0 0 0 0 0 0 0 0 0 0 163552 1152 0 113488 0 0 0 0 0 0 0 0 0 0 0 0 0 0 0 0 0 0 0 2139 1150 1366 771 91 42 18 49 31 38 1403
20150604 13:23:30 0 0 0 0 0 0 0 100 0 98 174 0 247 0 0.03 0.19 0.21 8177412 2215444 5961968 0 320776 1490696 195684 137644 545228 8386556 0 8386556 0 0 52 0 0 888320 0 7 28 0 0 0 0 21712 262 17 0 0 27 0 0 0 0 0 0 0 0 0 0 0 0 0 0 0 1 1 0 7 7 0 0 0 163552 1152 0 113488 0 0 0 0 0 0 0 0 0 0 0 0 0 0 0 0 0 0 0 2136 1178 1378 775 91 42 18 49 31 38 1403
20150604 13:23:40 0 0 0 0 0 0 0 100 0 95 169 0 247 0 0.02 0.18 0.20 8177412 2215316 5962096 0 320776 1490696 195684 137644 545228 8386556 0 8386556 0 0 52 0 0 888320 0 0 28 0 0 0 0 21712 262 17 0 0 27 0 0 0 0 0 0 0 0 0 0 0 0 0 0 0 0 0 0 0 0 0 0 0 163552 1152 0 113488 0 0 0 0 0 0 0 0 0 0 0 0 0 0 0 0 0 0 0 2151 1196 1381 775 91 42 18 49 31 38 1403
20150604 13:23:50 0 0 0 0 0 0 0 100 0 98 169 0 247 0 0.02 0.18 0.20 8177412 2215064 5962348 0 320776 1490696 195684 137536 545228 8386556 0 8386556 0 0 4 0 0 888320 0 5 28 0 0 0 0 21712 262 17 0 0 27 0 0 0 0 0 0 0 0 0 0 0 0 0 0 0 1 1 0 5 5 0 0 0 163552 1152 0 113488 0 0 0 0 0 0 0 0 0 0 0 0 0 0 0 0 0 0 0 2146 1197 1382 775 91 42 18 49 31 38 1403
20150604 13:24:00 0 0 0 0 0 0 0 100 0 96 171 0 247 0 0.02 0.17 0.20 8177412 2214936 5962476 0 320776 1490704 195684 137552 545228 8386556 0 8386556 0 0 20 0 0 888320 0 2 28 0 0 0 0 21712 262 17 0 0 27 0 0 0 0 0 0 0 0 0 0 0 0 0 0 0 0 0 0 2 2 0 0 0 163552 1152 0 113488 0 0 0 0 0 0 0 0 0 0 0 0 0 0 0 0 0 0 0 2142 1205 1387 775 91 42 18 49 31 38 1403
20150604 13:24:10 0 0 0 0 0 0 0 99 1 140 306 6 247 0 0.01 0.17 0.20 8177412 2217176 5960236 0 320776 1490728 195688 137652 545228 8386556 0 8386556 0 0 96 0 0 888344 0 8 2165 0 0 0 0 21712 262 17 0 0 27 0 0 0 0 0 2 3 0 0 0 0 0 0 0 0 1 1 0 8 8 0 1 1 163552 1152 0 113488 0 0 0 0 0 0 0 0 0 0 0 0 0 0 0 0 0 0 0 1905 1175 1362 759 91 42 18 49 31 38 1403
20150604 13:24:20 0 0 0 0 0 0 0 100 0 94 169 0 247 0 0.01 0.16 0.20 8177412 2215796 5961616 0 320776 1490728 195680 137432 545228 8386556 0 8386556 0 0 96 0 0 888344 0 0 28 0 0 0 0 21704 262 17 0 0 27 0 0 0 0 0 0 0 0 0 0 0 0 0 0 0 0 0 0 0 0 0 0 0 163552 1152 0 113488 0 0 0 0 0 0 0 0 0 0 0 0 0 0 0 0 0 0 0 2093 1240 1381 764 91 42 18 49 31 38 1403
20150604 13:24:30 0 0 0 0 0 0 0 100 0 97 176 0 247 0 0.01 0.15 0.19 8177412 2215184 5962228 0 320776 1490728 195680 137652 545228 8386556 0 8386556 0 0 56 0 0 888344 0 7 28 0 0 0 0 21704 262 17 0 0 27 0 0 0 0 0 0 0 0 0 0 0 0 0 0 0 1 1 0 7 7 0 0 0 163552 1152 0 113488 0 0 0 0 0 0 0 0 0 0 0 0 0 0 0 0 0 0 0 2108 1253 1390 766 91 42 18 49 31 38 1403
20150604 13:24:40 0 0 0 0 0 0 0 100 0 95 170 0 247 0 0.01 0.15 0.19 8177412 2215008 5962404 0 320776 1490728 195680 137652 545228 8386556 0 8386556 0 0 52 0 0 888344 0 0 28 0 0 0 0 21704 262 17 0 0 27 0 0 0 0 0 0 0 0 0 0 0 0 0 0 0 0 0 0 0 0 0 0 0 163552 1152 0 113488 0 0 0 0 0 0 0 0 0 0 0 0 0 0 0 0 0 0 0 2148 1254 1390 766 91 42 18 49 31 38 1403
20150604 13:24:50 0 0 0 0 0 0 0 100 0 98 171 0 247 0 0.01 0.14 0.19 8177412 2215108 5962304 0 320776 1490728 195664 137652 545228 8386556 0 8386556 0 0 4 0 0 888344 0 5 28 0 0 0 0 21688 262 17 0 0 27 0 0 0 0 0 0 0 0 0 0 0 0 0 0 0 1 1 0 5 5 0 0 0 163552 1152 0 113488 0 0 0 0 0 0 0 0 0 0 0 0 0 0 0 0 0 0 0 2107 1261 1391 766 91 42 18 49 31 38 1403
20150604 13:25:00 0 0 0 0 0 0 0 100 0 96 172 0 247 0 0.01 0.14 0.19 8177412 2214700 5962712 0 320776 1490728 195636 137652 545228 8386556 0 8386556 0 0 16 0 0 888344 0 2 28 0 0 0 0 21660 262 17 0 0 27 0 0 0 0 0 0 1 0 0 0 0 0 0 0 0 0 0 0 2 2 0 0 0 163552 1152 0 113488 0 0 0 0 0 0 0 0 0 0 0 0 0 0 0 0 0 0 0 2123 1266 1392 767 91 42 18 49 31 38 1403
20150604 13:25:10 0 0 0 0 0 0 0 99 1 132 272 6 247 1 0.01 0.14 0.19 8177412 2216500 5960912 0 320776 1490752 195712 137656 545224 8386556 0 8386556 0 0 84 0 0 888356 0 8 1961 0 0 0 0 21736 262 17 0 0 27 0 0 0 0 0 2 2 0 0 0 0 0 0 0 0 1 1 0 8 8 0 1 1 163552 1120 0 113488 0 0 0 0 0 0 0 0 0 0 0 0 0 0 0 0 0 0 0 1868 1210 1377 768 91 42 18 49 31 38 1403
20150604 13:25:20 0 0 0 0 0 0 0 100 0 94 170 0 247 0 0.00 0.13 0.18 8177412 2215260 5962152 0 320776 1490752 195712 137876 545228 8386556 0 8386556 0 0 80 0 0 888356 0 0 28 0 0 0 0 21736 262 17 0 0 27 0 0 0 0 0 0 0 0 0 0 0 0 0 0 0 0 0 0 0 0 0 0 0 163552 1120 0 113488 0 0 0 0 0 0 0 0 0 0 0 0 0 0 0 0 0 0 0 2031 1232 1383 774 91 42 18 49 31 38 1403
20150604 13:25:30 0 0 0 0 0 0 0 100 0 98 175 0 247 0 0.00 0.13 0.18 8177412 2215012 5962400 0 320776 1490752 195712 137652 545228 8386556 0 8386556 0 0 52 0 0 888356 0 7 28 0 0 0 0 21736 262 17 0 0 27 0 0 0 0 0 0 0 0 0 0 0 0 0 0 0 1 1 0 7 7 0 0 0 163552 1120 0 113488 0 0 0 0 0 0 0 0 0 0 0 0 0 0 0 0 0 0 0 2090 1243 1386 774 91 42 18 49 31 38 1403
20150604 13:25:40 0 0 0 0 0 0 0 100 0 95 170 0 247 0 0.00 0.12 0.18 8177412 2214884 5962528 0 320776 1490752 195712 137892 545228 8386556 0 8386556 0 0 52 0 0 888356 0 0 28 0 0 0 0 21736 262 17 0 0 27 0 0 0 0 0 0 0 0 0 0 0 0 0 0 0 0 0 0 0 0 0 0 0 163552 1120 0 113488 0 0 0 0 0 0 0 0 0 0 0 0 0 0 0 0 0 0 0 2114 1247 1386 774 91 42 18 49 31 38 1403
20150604 13:25:50 0 0 0 0 0 0 0 100 0 98 171 0 247 0 0.00 0.12 0.18 8177412 2214692 5962720 0 320776 1490752 195712 137656 545228 8386556 0 8386556 0 0 8 0 0 888356 0 6 28 0 0 0 0 21736 262 17 0 0 27 0 0 0 0 0 0 0 0 0 0 0 0 0 0 0 2 2 0 6 6 0 0 0 163552 1120 0 113488 0 0 0 0 0 0 0 0 0 0 0 0 0 0 0 0 0 0 0 2122 1249 1393 775 91 42 18 49 31 38 1403
20150604 13:26:00 0 0 0 0 0 0 0 100 0 96 172 0 247 0 0.00 0.11 0.18 8177412 2214560 5962852 0 320776 1490756 195712 137652 545228 8386556 0 8386556 0 0 24 0 0 888356 0 2 28 0 0 0 0 21736 262 17 0 0 27 0 0 0 0 0 0 0 0 0 0 0 0 0 0 0 0 0 0 2 2 0 0 0 163552 1120 0 113488 0 0 0 0 0 0 0 0 0 0 0 0 0 0 0 0 0 0 0 2131 1249 1397 776 91 42 18 49 31 38 1403
20150604 13:26:10 0 0 0 0 0 0 0 99 1 131 269 6 247 0 0.00 0.11 0.18 8177412 2216604 5960808 0 320776 1490780 195648 137544 545228 8386556 0 8386556 0 0 92 0 0 888376 0 8 1866 0 0 0 0 21676 262 17 0 0 27 0 0 0 0 0 2 2 0 0 0 0 0 0 0 0 1 1 0 8 8 0 1 1 163552 1152 0 113488 0 0 0 0 0 0 0 0 0 0 0 0 0 0 0 0 0 0 0 1831 1139 1391 784 91 42 18 49 31 38 1403
20150604 13:26:20 0 0 0 0 0 0 0 100 0 98 168 0 247 0 0.00 0.11 0.17 8177412 2215632 5961780 0 320776 1490780 195648 137456 545228 8386556 0 8386556 0 0 44 0 0 888376 0 5 28 0 0 0 0 21676 262 17 0 0 27 0 0 0 0 0 0 0 0 0 0 0 0 0 0 0 1 1 0 5 5 0 0 0 163552 1152 0 113488 0 0 0 0 0 0 0 0 0 0 0 0 0 0 0 0 0 0 0 2008 1170 1392 784 91 42 18 49 31 38 1403
20150604 13:26:30 0 0 0 0 0 0 0 100 0 97 174 0 247 0 0.00 0.10 0.17 8177412 2215168 5962244 0 320776 1490780 195648 137656 545228 8386556 0 8386556 0 0 4 0 0 888376 0 7 28 0 0 0 0 21676 262 17 0 0 27 0 0 0 0 0 0 0 0 0 0 0 0 0 0 0 1 1 0 7 7 0 0 0 163552 1152 0 113488 0 0 0 0 0 0 0 0 0 0 0 0 0 0 0 0 0 0 0 2088 1184 1394 784 91 42 18 49 31 38 1403
20150604 13:26:40 0 0 0 0 0 0 0 100 0 96 170 0 247 0 0.00 0.10 0.17 8177412 2214920 5962492 0 320776 1490780 195648 137460 545228 8386556 0 8386556 0 0 8 0 0 888376 0 0 28 0 0 0 0 21676 262 17 0 0 27 0 0 0 0 0 1 1 0 0 0 0 0 0 0 0 0 0 0 0 0 0 0 0 163552 1152 0 113488 0 0 0 0 0 0 0 0 0 0 0 0 0 0 0 0 0 0 0 2114 1194 1396 785 91 42 18 49 31 38 1403
20150604 13:26:50 0 0 0 0 0 0 0 100 0 93 169 0 247 0 0.00 0.10 0.17 8177412 2214656 5962756 0 320776 1490780 195648 137568 545228 8386556 0 8386556 0 0 8 0 0 888376 0 0 28 0 0 0 0 21676 262 17 0 0 27 0 0 0 0 0 0 0 0 0 0 0 0 0 0 0 0 0 0 0 0 0 0 0 163552 1152 0 113488 0 0 0 0 0 0 0 0 0 0 0 0 0 0 0 0 0 0 0 2110 1198 1396 785 91 42 18 49 31 38 1403
20150604 13:27:00 0 0 0 0 0 0 0 100 0 97 171 0 247 0 0.00 0.09 0.17 8177412 2214764 5962648 0 320776 1490780 195648 137440 545228 8386556 0 8386556 0 0 20 0 0 888376 0 2 28 0 0 0 0 21676 262 17 0 0 27 0 0 0 0 0 0 0 0 0 0 0 0 0 0 0 0 0 0 2 2 0 0 0 163552 1152 0 113488 0 0 0 0 0 0 0 0 0 0 0 0 0 0 0 0 0 0 0 2133 1200 1398 785 91 42 18 49 31 38 1403
20150604 13:27:10 0 0 0 0 0 0 0 99 1 134 275 6 247 0 0.00 0.09 0.16 8177412 2217096 5960316 0 320776 1490804 195636 137656 545228 8386556 0 8386556 0 0 80 0 0 888388 0 8 1871 0 0 0 0 21652 262 17 0 0 27 0 0 0 0 0 2 2 0 0 0 0 0 0 0 0 1 1 0 8 8 0 1 1 163552 1184 0 113488 0 0 0 0 0 0 0 0 0 0 0 0 0 0 0 0 0 0 0 1924 1087 1379 784 91 42 18 49 31 38 1403
20150604 13:27:20 0 0 0 0 0 0 0 100 0 94 167 0 247 0 0.00 0.09 0.16 8177412 2215828 5961584 0 320776 1490804 195628 137572 545228 8386556 0 8386556 0 0 84 0 0 888388 0 0 28 0 0 0 0 21644 262 17 0 0 27 0 0 0 0 0 0 0 0 0 0 0 0 0 0 0 0 0 0 0 0 0 0 0 163552 1184 0 113488 0 0 0 0 0 0 0 0 0 0 0 0 0 0 0 0 0 0 0 2050 1127 1379 786 91 42 18 49 31 38 1403
20150604 13:27:30 0 0 0 0 0 0 0 100 0 99 177 0 247 0 0.00 0.08 0.16 8177412 2215356 5962056 0 320776 1490804 195628 137444 545228 8386556 0 8386556 0 0 52 0 0 888388 0 7 28 0 0 0 0 21644 262 17 0 0 27 0 0 0 0 0 0 0 0 0 0 0 0 0 0 0 1 1 0 7 7 0 0 0 163552 1184 0 113488 0 0 0 0 0 0 0 0 0 0 0 0 0 0 0 0 0 0 0 2078 1152 1387 787 91 42 18 49 31 38 1403
20150604 13:27:40 0 0 0 0 0 0 0 100 0 95 170 0 247 0 0.00 0.08 0.16 8177412 2215152 5962260 0 320776 1490804 195628 137660 545228 8386556 0 8386556 0 0 52 0 0 888388 0 0 28 0 0 0 0 21644 262 17 0 0 27 0 0 0 0 0 0 0 0 0 0 0 0 0 0 0 0 0 0 0 0 0 0 0 163552 1184 0 113488 0 0 0 0 0 0 0 0 0 0 0 0 0 0 0 0 0 0 0 2091 1169 1388 787 91 42 18 49 31 38 1403
20150604 13:27:50 0 0 0 0 0 0 0 100 0 98 169 0 247 0 0.00 0.08 0.16 8177412 2215136 5962276 0 320776 1490804 195628 137680 545228 8386556 0 8386556 0 0 4 0 0 888388 0 5 28 0 0 0 0 21644 262 17 0 0 27 0 0 0 0 0 0 0 0 0 0 0 0 0 0 0 1 1 0 5 5 0 0 0 163552 1184 0 113488 0 0 0 0 0 0 0 0 0 0 0 0 0 0 0 0 0 0 0 2106 1177 1389 787 91 42 18 49 31 38 1403
20150604 13:28:00 0 0 0 0 0 0 0 100 0 96 172 0 247 0 0.00 0.08 0.15 8177412 2215252 5962160 0 320776 1490808 195628 137440 545228 8386556 0 8386556 0 0 20 0 0 888388 0 2 28 0 0 0 0 21644 262 17 0 0 27 0 0 0 0 0 0 0 0 0 0 0 0 0 0 0 0 0 0 2 2 0 0 0 163552 1184 0 113488 0 0 0 0 0 0 0 0 0 0 0 0 0 0 0 0 0 0 0 2063 1179 1392 787 91 42 18 49 31 38 1403
20150604 13:28:10 0 0 0 0 0 0 0 99 1 132 281 6 247 0 0.00 0.07 0.15 8177412 2217392 5960020 0 320776 1490832 195672 137660 545228 8386556 0 8386556 0 0 88 0 0 888408 0 8 1866 0 0 0 0 21696 262 17 0 0 27 0 0 0 0 0 2 2 0 0 0 0 0 0 0 0 1 1 0 8 8 0 1 1 163552 1152 0 113488 0 0 0 0 0 0 0 0 0 0 0 0 0 0 0 0 0 0 0 1884 1120 1370 768 91 42 18 49 31 38 1403
20150604 13:28:20 0 0 0 0 0 0 0 100 0 94 169 0 247 0 0.00 0.07 0.15 8177412 2216152 5961260 0 320776 1490832 195668 137664 545228 8386556 0 8386556 0 0 84 0 0 888408 0 0 28 0 0 0 0 21696 262 17 0 0 27 0 0 0 0 0 0 0 0 0 0 0 0 0 0 0 0 0 0 0 0 0 0 0 163552 1152 0 113488 0 0 0 0 0 0 0 0 0 0 0 0 0 0 0 0 0 0 0 2017 1167 1381 769 91 42 18 49 31 38 1403
20150604 13:28:30 0 0 0 0 0 0 0 100 0 98 176 0 247 0 0.00 0.07 0.15 8177412 2215636 5961776 0 320776 1490832 195668 137664 545228 8386556 0 8386556 0 0 52 0 0 888408 0 7 28 0 0 0 0 21696 262 17 0 0 27 0 0 0 0 0 0 0 0 0 0 0 0 0 0 0 1 1 0 7 7 0 0 0 163552 1152 0 113488 0 0 0 0 0 0 0 0 0 0 0 0 0 0 0 0 0 0 0 2041 1207 1395 769 91 42 18 49 31 38 1403
20150604 13:28:40 0 0 0 0 0 0 0 100 0 94 170 0 247 0 0.00 0.07 0.15 8177412 2215376 5962036 0 320776 1490832 195668 137664 545228 8386556 0 8386556 0 0 52 0 0 888408 0 0 34 0 0 0 0 21696 262 17 0 0 27 0 0 0 0 0 0 0 0 0 0 0 0 0 0 0 0 0 0 0 0 0 0 0 163552 1152 0 113488 0 0 0 0 0 0 0 0 0 0 0 0 0 0 0 0 0 0 0 2035 1211 1403 769 91 42 18 49 31 38 1403
20150604 13:28:50 0 0 0 0 0 0 0 100 0 97 170 0 247 0 0.00 0.07 0.14 8177412 2215360 5962052 0 320776 1490832 195668 137664 545228 8386556 0 8386556 0 0 4 0 0 888408 0 5 28 0 0 0 0 21696 262 17 0 0 27 0 0 0 0 0 0 0 0 0 0 0 0 0 0 0 1 1 0 5 5 0 0 0 163552 1152 0 113488 0 0 0 0 0 0 0 0 0 0 0 0 0 0 0 0 0 0 0 2052 1218 1402 770 91 42 18 49 31 38 1403
