################################################################################
# Collectl:   V3.6.0-1  HiRes: 1  Options: -o z -D -P -i 10 -f /mnt/vol2/msevilla/ceph-logs/client/cpu/ 
# Host:       issdm-10  DaemonOpts: -f /var/log/collectl -r00:00,7 -m -F60 -s+YZ
# Distro:       Platform: H8DMR-82
# Date:       20150604-130348  Secs: 1433448228 TZ: -0700
# SubSys:     bcdfijmnstYZ Options: z Interval: 10:60 NumCPUs: 4  NumBud: 4 Flags: i
# Filters:    NfsFilt:  EnvFilt: 
# HZ:         100  Arch: x86_64-linux-gnu-thread-multi PageSize: 4096
# Cpu:        AuthenticAMD Speed(MHz): 2010.212 Cores: 2  Siblings: 2
# Kernel:     3.4.0-030400-generic  Memory: 8177412 kB  Swap: 6289404 kB
# NumDisks:   4 DiskNames: sda sdb sdc sdd
# NumNets:    4 NetNames: eth0:?? eth1:1000 eth2:1000 lo:
# NumSlabs:   133 Version: 2.1
# IConnect:   NumHCAs: 1 PortStates: 0 IBVersion:  PQVersion: 
# SCSI:       DA:0:00:00:00 DA:1:00:00:00 DA:2:00:00:00 DA:3:00:00:00 CD:6:00:01:00
################################################################################
#Date Time [CPU]User% [CPU]Nice% [CPU]Sys% [CPU]Wait% [CPU]Irq% [CPU]Soft% [CPU]Steal% [CPU]Idle% [CPU]Totl% [CPU]Intrpt/sec [CPU]Ctx/sec [CPU]Proc/sec [CPU]ProcQue [CPU]ProcRun [CPU]L-Avg1 [CPU]L-Avg5 [CPU]L-Avg15 [MEM]Tot [MEM]Used [MEM]Free [MEM]Shared [MEM]Buf [MEM]Cached [MEM]Slab [MEM]Map [MEM]Commit [MEM]SwapTot [MEM]SwapUsed [MEM]SwapFree [MEM]SwapIn [MEM]SwapOut [MEM]Dirty [MEM]Clean [MEM]Laundry [MEM]Inactive [MEM]PageIn [MEM]PageOut [MEM]PageFaults [MEM]PageMajFaults [MEM]HugeTotal [MEM]HugeFree [MEM]HugeRsvd [MEM]SUnreclaim [SOCK]Used [SOCK]Tcp [SOCK]Orph [SOCK]Tw [SOCK]Alloc [SOCK]Mem [SOCK]Udp [SOCK]Raw [SOCK]Frag [SOCK]FragMem [NET]RxPktTot [NET]TxPktTot [NET]RxKBTot [NET]TxKBTot [NET]RxCmpTot [NET]RxMltTot [NET]TxCmpTot [NET]RxErrsTot [NET]TxErrsTot [DSK]ReadTot [DSK]WriteTot [DSK]OpsTot [DSK]ReadKBTot [DSK]WriteKBTot [DSK]KbTot [DSK]ReadMrgTot [DSK]WriteMrgTot [DSK]MrgTot [INODE]NumDentry [INODE]openFiles [INODE]MaxFile% [INODE]used [NFS]ReadsS [NFS]WritesS [NFS]MetaS [NFS]CommitS [NFS]Udp [NFS]Tcp [NFS]TcpConn [NFS]BadAuth [NFS]BadClient [NFS]ReadsC [NFS]WritesC [NFS]MetaC [NFS]CommitC [NFS]Retrans [NFS]AuthRef [TCP]PureAcks [TCP]HPAcks [TCP]Loss [TCP]FTrans [BUD]1Page [BUD]2Pages [BUD]4Pages [BUD]8Pages [BUD]16Pages [BUD]32Pages [BUD]64Pages [BUD]128Pages [BUD]256Pages [BUD]512Pages [BUD]1024Pages
20150604 13:04:10 3 0 2 0 0 0 0 95 5 2261 4396 38 248 0 0.00 0.04 0.09 8177412 2267680 5909732 0 333268 1508860 204340 137056 535660 6289404 0 6289404 0 0 108 0 0 906780 0 15 13615 0 0 0 0 22180 287 30 0 0 44 2 0 0 0 0 196 171 78 37 0 0 0 0 0 0 1 1 0 15 15 0 3 3 170936 1216 0 120776 0 0 0 0 0 0 0 0 0 0 0 2 0 0 3 2 98 0 0 692 178 1037 866 390 403 112 62 34 20 1379
20150604 13:04:20 2 0 3 0 0 0 0 95 5 7248 15486 0 250 0 0.24 0.08 0.11 8177412 2270500 5906912 0 333268 1508860 204288 141052 543992 6289404 0 6289404 0 0 128 0 0 906780 1 17 136 0 0 0 0 22128 287 30 0 0 44 2 0 0 0 0 813 696 349 160 0 0 0 0 0 0 2 2 1 17 18 0 2 2 170936 1216 0 120776 0 0 0 0 0 0 0 0 0 0 0 0 0 0 0 0 474 0 0 779 161 891 842 390 403 112 62 34 20 1379
20150604 13:04:30 2 0 2 0 0 0 0 95 5 8064 16634 0 250 1 0.20 0.08 0.11 8177412 2269912 5907500 0 333268 1508860 204276 141512 543992 6289404 0 6289404 0 0 4 0 0 906780 0 18 38 0 0 0 0 22116 287 30 0 0 44 2 0 0 0 0 822 702 359 163 0 0 0 0 0 0 3 3 0 18 18 0 1 1 170923 1216 0 120763 0 0 0 0 0 0 0 0 0 0 0 0 0 0 0 0 486 0 0 924 211 878 846 390 403 112 62 34 20 1379
20150604 13:04:40 2 0 2 0 0 0 0 96 4 7946 16158 0 250 0 0.17 0.08 0.11 8177412 2269672 5907740 0 333268 1508860 204308 141604 543992 6289404 0 6289404 0 0 4 0 0 906780 0 0 31 0 0 0 0 22148 287 30 0 0 44 2 0 0 0 0 801 683 345 156 0 0 0 0 0 0 0 0 0 0 0 0 0 0 170910 1216 0 120750 0 0 0 0 0 0 0 0 0 0 0 0 0 0 0 0 464 0 0 973 215 868 845 391 403 112 62 34 20 1379
20150604 13:04:50 2 0 3 0 0 0 0 95 5 7864 16361 0 250 0 0.22 0.09 0.11 8177412 2270140 5907272 0 333268 1508860 204424 141748 543992 6289404 0 6289404 0 0 4 0 0 906780 0 6 29 0 0 0 0 22260 287 30 0 0 44 2 0 0 0 0 823 703 357 162 0 0 0 0 0 0 1 1 0 6 6 0 0 0 170915 1216 0 120755 0 0 0 0 0 0 0 0 0 0 0 0 0 0 0 0 482 0 0 934 212 851 838 393 403 112 62 34 20 1379
20150604 13:05:00 2 0 2 0 0 0 0 96 4 7574 15949 0 250 0 0.19 0.09 0.11 8177412 2270268 5907144 0 333268 1508868 204420 141648 543992 6289404 0 6289404 0 0 16 0 0 906788 0 2 29 0 0 0 0 22260 287 30 0 0 44 2 0 0 0 0 807 689 348 159 0 0 0 0 0 0 0 0 0 2 2 0 0 0 170919 1216 0 120760 0 0 0 0 0 0 0 0 0 0 0 0 0 0 0 0 471 0 0 922 213 846 840 393 403 112 62 34 20 1379
20150604 13:05:10 3 0 3 0 0 0 0 95 5 7565 16021 6 250 0 0.23 0.10 0.11 8177412 2273232 5904180 0 333268 1508892 204512 141780 544124 6289404 0 6289404 0 0 92 0 0 906808 0 9 1966 0 0 0 0 22284 287 30 0 0 44 2 0 0 0 0 818 697 352 159 0 0 0 0 0 0 1 1 0 9 9 0 1 1 170921 1280 0 120761 0 0 0 0 0 0 0 0 0 0 0 0 0 0 0 0 473 0 0 901 214 769 817 378 403 112 62 34 20 1379
20150604 13:05:20 2 0 2 0 0 0 0 96 4 7719 15992 0 250 0 0.27 0.12 0.12 8177412 2271992 5905420 0 333268 1508892 204488 141868 544124 6289404 0 6289404 0 0 92 0 0 906808 0 2 30 0 0 0 0 22284 287 30 0 0 44 2 0 0 0 0 814 693 351 159 0 0 0 0 0 0 0 0 0 2 2 0 0 0 170951 1280 0 120791 0 0 0 0 0 0 0 0 0 0 0 0 0 0 0 0 476 0 0 960 254 818 821 378 403 112 62 34 20 1379
20150604 13:05:30 2 0 2 0 0 0 0 95 5 7121 15158 0 250 0 0.38 0.14 0.13 8177412 2271424 5905988 0 333268 1508892 204520 141908 544124 6289404 0 6289404 0 0 28 0 0 906808 0 6 29 0 0 0 0 22320 287 30 0 0 44 2 0 0 0 0 784 675 336 156 0 0 0 0 0 0 1 1 0 6 6 0 0 0 170947 1280 0 120787 0 0 0 0 0 0 0 0 0 0 0 0 0 0 0 0 460 0 0 1013 272 825 817 378 403 112 62 34 20 1379
20150604 13:05:40 2 0 2 0 0 0 0 95 5 8113 16711 0 250 0 0.40 0.16 0.13 8177412 2271164 5906248 0 333268 1508892 204324 141904 544124 6289404 0 6289404 0 0 4 0 0 906808 0 3 28 0 0 0 0 22144 287 30 0 0 44 2 0 0 0 0 837 714 360 164 0 0 0 0 0 0 0 0 0 3 3 0 0 0 170964 1280 0 120805 0 0 0 0 0 0 0 0 0 0 0 0 0 0 0 0 488 0 0 1014 280 826 825 378 403 112 62 34 20 1379
20150604 13:05:50 2 0 2 0 0 0 0 96 4 6496 13556 0 250 0 0.34 0.15 0.13 8177412 2271196 5906216 0 333268 1508892 204352 141908 544124 6289404 0 6289404 0 0 4 0 0 906808 0 3 28 0 0 0 0 22192 287 30 0 0 44 2 0 0 0 0 672 574 292 134 0 0 0 0 0 0 1 1 0 3 3 0 0 0 170795 1280 0 120635 0 0 0 0 0 0 0 0 0 0 0 0 0 0 0 0 398 0 0 1002 286 819 827 378 403 112 62 34 20 1379
20150604 13:06:00 2 0 2 0 0 0 0 96 4 7407 15676 0 250 1 0.37 0.16 0.14 8177412 2271232 5906180 0 333268 1508900 204480 141904 544124 6289404 0 6289404 0 0 16 0 0 906808 0 0 28 0 0 0 0 22320 287 30 0 0 44 2 0 0 0 0 806 691 345 160 0 0 0 0 0 0 0 0 0 0 0 0 0 0 170923 1280 0 120763 0 0 0 0 0 0 0 0 0 0 0 0 0 0 0 0 472 0 0 997 286 820 827 378 403 112 62 34 20 1379
20150604 13:06:10 2 0 2 0 0 0 0 95 5 7404 15466 6 250 0 0.39 0.17 0.14 8177412 2273352 5904060 0 333268 1508924 204476 141912 544124 6289404 0 6289404 0 0 92 0 0 906836 0 9 1876 0 0 0 0 22240 287 30 0 0 44 2 0 0 0 0 764 652 332 151 0 0 0 0 0 0 1 1 0 9 9 0 1 1 170910 1312 0 120750 0 0 0 0 0 0 0 0 0 0 0 0 0 0 0 0 450 0 0 948 215 771 830 369 403 112 62 34 20 1379
20150604 13:06:20 2 0 2 0 0 0 0 96 4 7604 15647 0 250 0 0.33 0.17 0.14 8177412 2271940 5905472 0 333268 1508924 204368 141912 544124 6289404 0 6289404 0 0 96 0 0 906836 0 2 29 0 0 0 0 22192 287 30 0 0 44 2 0 0 0 0 777 664 337 155 0 0 0 0 0 0 0 0 0 2 2 0 0 0 170921 1312 0 120762 0 0 0 0 0 0 0 0 0 0 0 0 0 0 0 0 461 0 0 1055 272 795 828 372 403 112 62 34 20 1379
20150604 13:06:30 2 0 2 0 0 0 0 96 4 6572 13942 0 250 0 0.28 0.16 0.14 8177412 2271312 5906100 0 333268 1508924 204512 141920 544124 6289404 0 6289404 0 0 60 0 0 906836 0 4 29 0 0 0 0 22352 287 30 0 0 44 3 0 0 0 0 699 598 303 139 0 0 0 0 0 0 0 0 0 4 4 0 0 0 170855 1312 0 120695 0 0 0 0 0 0 0 0 0 0 0 0 0 0 0 0 414 0 0 1101 288 812 826 372 403 112 62 34 20 1379
20150604 13:06:40 2 0 2 0 0 0 0 96 4 7673 15700 0 250 0 0.46 0.21 0.15 8177412 2270932 5906480 0 333268 1508924 204356 141928 544124 6289404 0 6289404 0 0 60 0 0 906836 0 0 28 0 0 0 0 22192 287 30 0 0 44 2 0 0 0 0 780 666 338 155 0 0 0 0 0 0 0 0 0 0 0 0 0 0 170947 1312 0 120787 0 0 0 0 0 0 0 0 0 0 0 0 0 0 0 0 461 0 0 1100 292 824 827 374 403 112 62 34 20 1379
20150604 13:06:50 2 0 2 0 0 0 0 96 4 7214 14942 0 250 0 0.39 0.20 0.15 8177412 2270868 5906544 0 333268 1508924 204448 141928 544124 6289404 0 6289404 0 0 4 0 0 906836 0 8 34 0 0 0 0 22288 287 30 0 0 44 2 0 0 0 0 752 644 326 150 0 0 0 0 0 0 2 2 0 8 8 0 0 0 170904 1280 0 120744 0 0 0 0 0 0 0 0 0 0 0 0 0 0 0 0 442 0 0 1102 293 817 828 376 403 112 62 34 20 1379
20150604 13:07:00 2 0 2 0 0 0 0 96 4 7588 15420 0 250 0 0.41 0.21 0.15 8177412 2270664 5906748 0 333268 1508928 204384 141924 544124 6289404 0 6289404 0 0 20 0 0 906832 0 0 28 0 0 0 0 22224 287 30 0 0 44 2 0 0 0 0 768 659 330 153 0 0 0 0 0 0 0 0 0 0 0 0 0 0 170882 1280 0 120723 0 0 0 0 0 0 0 0 0 0 0 0 0 0 0 0 453 0 0 1109 289 814 832 378 403 112 62 34 20 1379
20150604 13:07:10 2 0 2 0 0 0 0 95 5 7676 15857 6 250 0 0.42 0.22 0.16 8177412 2273292 5904120 0 333268 1508956 204488 141928 544124 6289404 0 6289404 0 0 104 0 0 906860 0 9 1867 0 0 0 0 22280 287 30 0 0 44 2 0 0 0 0 794 683 342 158 0 0 0 0 0 0 1 1 0 9 9 0 1 1 170937 1248 0 120777 0 0 0 0 0 0 0 0 0 0 0 0 0 0 0 0 468 0 0 956 237 771 823 368 403 112 62 34 20 1379
20150604 13:07:20 2 0 2 0 0 0 0 96 4 7399 15303 0 250 1 0.35 0.21 0.15 8177412 2271852 5905560 0 333268 1508956 204440 141928 544124 6289404 0 6289404 0 0 100 0 0 906856 0 2 28 0 0 0 0 22280 287 30 0 0 44 2 0 0 0 0 776 667 332 155 0 0 0 0 0 0 0 0 0 2 2 0 0 0 170939 1248 0 120779 0 0 0 0 0 0 0 0 0 0 0 0 0 0 0 0 458 0 0 1066 274 795 828 370 403 112 62 34 20 1379
20150604 13:07:30 2 0 2 0 0 0 0 96 4 7449 15135 0 250 0 0.46 0.24 0.16 8177412 2271052 5906360 0 333268 1508956 204332 141928 544124 6289404 0 6289404 0 0 64 0 0 906856 0 4 28 0 0 0 0 22172 287 30 0 0 44 2 0 0 0 0 754 644 325 150 0 0 0 0 0 0 0 0 0 4 4 0 0 0 170902 1248 0 120743 0 0 0 0 0 0 0 0 0 0 0 0 0 0 0 0 446 0 0 1074 312 821 827 372 403 112 62 34 20 1379
20150604 13:07:40 2 0 2 0 0 0 0 96 4 6612 13802 0 250 0 0.46 0.25 0.17 8177412 2271252 5906160 0 333268 1508956 204560 141932 544124 6289404 0 6289404 0 0 60 0 0 906856 0 0 29 0 0 0 0 22400 287 30 0 0 44 2 0 0 0 0 713 610 304 141 0 0 0 0 0 0 0 0 0 0 0 0 0 0 170781 1248 0 120622 0 0 0 0 0 0 0 0 0 0 0 0 0 0 0 0 415 0 0 1082 311 811 825 372 403 112 62 34 20 1379
20150604 13:07:50 2 0 2 0 0 0 0 96 4 6247 13121 0 250 0 0.47 0.25 0.17 8177412 2271328 5906084 0 333268 1508956 204548 141924 544124 6289404 0 6289404 0 0 20 0 0 906856 0 9 28 0 0 0 0 22384 286 29 0 1 43 2 0 0 0 0 678 583 289 134 0 0 0 0 0 0 2 2 0 9 9 0 1 1 170952 1248 0 120791 0 0 0 0 0 0 0 0 0 0 0 0 0 0 0 0 396 0 0 1051 313 812 825 372 403 112 62 34 20 1379
20150604 13:08:00 2 0 2 0 0 0 0 96 4 6893 14608 0 250 1 0.47 0.26 0.17 8177412 2271088 5906324 0 333268 1508956 204440 141924 544124 6289404 0 6289404 0 0 32 0 0 906844 0 0 28 0 0 0 0 22280 286 29 0 1 43 2 0 0 0 0 749 642 322 149 0 0 0 0 0 0 0 0 0 0 0 0 0 0 170908 1248 0 120748 0 0 0 0 0 0 0 0 0 0 0 0 0 0 0 0 442 0 0 1075 311 821 825 372 403 112 62 34 20 1379
20150604 13:08:10 3 0 3 0 0 0 0 95 5 7072 14862 6 250 0 0.54 0.29 0.18 8177412 2273488 5903924 0 333268 1508984 204532 141904 544124 6289404 0 6289404 0 0 112 0 0 906872 0 9 1866 0 0 0 0 22312 286 29 0 1 43 2 0 0 0 0 743 637 323 147 0 0 0 0 0 0 1 1 0 9 9 0 1 1 170877 1248 0 120717 0 0 0 0 0 0 0 0 0 0 0 0 0 0 0 0 438 0 0 944 254 762 827 366 403 112 62 34 20 1379
20150604 13:08:20 2 0 2 0 0 0 0 96 4 7241 15117 0 250 0 0.46 0.28 0.18 8177412 2272240 5905172 0 333268 1508984 204516 141928 544124 6289404 0 6289404 0 0 44 0 0 906872 0 9 28 0 0 0 0 22312 286 29 0 1 43 2 0 0 0 0 774 663 332 153 0 0 0 0 0 0 2 2 0 9 9 0 0 0 170914 1248 0 120753 0 0 0 0 0 0 0 0 0 0 0 0 0 0 0 0 452 0 0 1015 323 772 825 368 403 112 62 34 20 1379
20150604 13:08:30 1 0 1 0 0 0 0 98 2 4632 9595 0 250 0 0.39 0.27 0.18 8177412 2271452 5905960 0 333268 1508984 204424 141932 544124 6289404 0 6289404 0 0 8 0 0 906872 0 4 28 0 0 0 0 22232 286 29 0 1 43 2 0 0 0 0 476 408 208 95 0 0 0 0 0 0 0 0 0 4 4 0 0 0 170867 1248 0 120706 0 0 0 0 0 0 0 0 0 0 0 0 0 0 0 0 284 0 0 1084 333 790 829 368 403 112 62 34 20 1379
20150604 13:08:40 2 0 2 0 0 0 0 96 4 7238 15128 0 250 1 0.48 0.29 0.19 8177412 2271436 5905976 0 333268 1508984 204424 141928 544124 6289404 0 6289404 0 0 20 0 0 906872 0 3 28 0 0 0 0 22248 286 29 0 1 43 2 0 0 0 0 777 664 335 154 0 0 0 0 0 0 0 0 0 3 3 0 0 0 170885 1248 0 120725 0 0 0 0 0 0 0 0 0 0 0 0 0 0 0 0 456 0 0 1088 339 786 830 369 403 112 62 34 20 1379
20150604 13:08:50 2 0 2 0 0 0 0 96 4 6989 14754 0 250 0 0.41 0.28 0.18 8177412 2271360 5906052 0 333268 1508984 204476 141928 544124 6289404 0 6289404 0 0 20 0 0 906872 0 3 28 0 0 0 0 22312 286 29 0 0 43 2 0 0 0 0 756 647 325 150 0 0 0 0 0 0 1 1 0 3 3 0 0 0 170905 1248 0 120744 0 0 0 0 0 0 0 0 0 0 0 0 0 0 0 0 443 0 0 1067 337 792 830 370 403 112 62 34 20 1379
20150604 13:09:00 2 0 2 0 0 0 0 96 4 7132 15055 0 250 0 0.35 0.27 0.18 8177412 2271232 5906180 0 333268 1508992 204488 141928 544124 6289404 0 6289404 0 0 36 0 0 906872 0 0 28 0 0 0 0 22328 286 29 0 0 43 3 0 0 0 0 765 656 333 152 0 0 0 0 0 0 0 0 0 0 0 0 0 0 170879 1248 0 120718 0 0 0 0 0 0 0 0 0 0 0 0 0 0 0 0 453 0 0 1069 345 793 832 370 403 112 62 34 20 1379
20150604 13:09:10 3 0 2 0 0 0 0 95 5 7555 15718 6 250 0 0.37 0.28 0.19 8177412 2273340 5904072 0 333268 1509016 204620 141912 544124 6289404 0 6289404 0 0 48 0 0 906884 0 16 2232 0 0 0 0 22448 285 28 0 1 42 2 0 0 0 0 790 678 340 156 0 0 0 0 0 0 2 2 0 16 16 0 2 2 170903 1280 0 120742 0 0 0 0 0 0 0 0 0 0 0 0 0 0 0 0 462 0 0 1020 311 705 836 366 402 112 62 34 20 1379
20150604 13:09:20 2 0 2 0 0 0 0 96 4 7709 15410 0 249 0 0.40 0.29 0.19 8177412 2271748 5905664 0 333268 1509016 204512 141920 544124 6289404 0 6289404 0 0 48 0 0 906884 0 2 29 0 0 0 0 22352 285 28 0 1 42 2 0 0 0 0 761 653 328 152 0 0 0 0 0 0 0 0 0 2 2 0 0 0 170904 1280 0 120742 0 0 0 0 0 0 0 0 0 0 0 0 0 0 0 0 448 0 0 1119 365 748 839 367 402 112 62 34 20 1379
20150604 13:09:30 2 0 2 0 0 0 0 96 4 6679 13635 0 249 0 0.33 0.28 0.19 8177412 2271200 5906212 0 333268 1509016 204528 141920 544124 6289404 0 6289404 0 0 4 0 0 906884 0 4 28 0 0 0 0 22368 285 28 0 1 42 2 0 0 0 0 690 591 297 137 0 0 0 0 0 0 0 0 0 4 4 0 0 0 170952 1280 0 120790 0 0 0 0 0 0 0 0 0 0 0 0 0 0 0 0 403 0 0 1113 348 786 839 367 402 112 62 34 20 1379
20150604 13:09:40 2 0 2 0 0 0 0 96 4 6391 13246 0 249 0 0.36 0.29 0.19 8177412 2271208 5906204 0 333268 1509016 204552 141920 544124 6289404 0 6289404 0 0 4 0 0 906884 0 0 28 0 0 0 0 22392 285 28 0 1 42 2 0 0 0 0 670 572 289 133 0 0 0 0 0 0 0 0 0 0 0 0 0 0 170944 1280 0 120782 0 0 0 0 0 0 0 0 0 0 0 0 0 0 0 0 397 0 0 1095 348 784 839 368 402 112 62 34 20 1379
20150604 13:09:50 2 0 2 0 0 0 0 96 4 7152 15151 0 249 0 0.31 0.28 0.19 8177412 2271192 5906220 0 333268 1509016 204552 141920 544124 6289404 0 6289404 0 0 4 0 0 906884 0 2 28 0 0 0 0 22392 285 28 0 1 42 2 0 0 0 0 769 662 333 154 0 0 0 0 0 0 0 0 0 2 2 0 0 0 170946 1280 0 120784 0 0 0 0 0 0 0 0 0 0 0 0 0 0 0 0 457 0 0 1095 348 790 837 368 402 112 62 34 20 1379
20150604 13:10:00 2 0 2 0 0 0 0 96 4 6998 14740 0 249 0 0.49 0.32 0.20 8177412 2271120 5906292 0 333268 1509020 204496 141796 544124 6289404 0 6289404 0 0 24 0 0 906884 0 1 29 0 0 0 0 22336 285 28 0 1 42 2 0 0 0 0 740 634 321 148 0 0 0 0 0 0 0 0 0 1 1 0 0 0 170888 1280 0 120726 0 0 0 0 0 0 0 0 0 0 0 0 0 0 0 0 438 0 0 1096 348 792 841 369 402 112 62 34 20 1379
20150604 13:10:10 2 0 2 0 0 0 0 95 4 6634 13885 6 249 0 0.74 0.37 0.22 8177412 2273672 5903740 0 333268 1509044 204608 141916 544124 6289404 0 6289404 0 0 96 0 0 906896 0 9 1870 0 0 0 0 22412 285 28 0 0 42 2 0 0 0 0 707 606 303 141 0 0 0 0 0 0 1 1 0 9 9 0 1 1 170934 1280 0 120773 0 0 0 0 0 0 0 0 0 0 0 0 0 0 0 0 416 0 0 1017 297 722 833 360 402 112 62 34 20 1379
20150604 13:10:20 2 0 2 0 0 0 0 96 4 7111 15036 0 249 0 0.78 0.39 0.23 8177412 2272136 5905276 0 333268 1509044 204524 141916 544124 6289404 0 6289404 0 0 100 0 0 906896 0 2 28 0 0 0 0 22380 285 28 0 0 42 2 0 0 0 0 754 645 329 151 0 0 0 0 0 0 0 0 0 2 2 0 0 0 170871 1280 0 120709 0 0 0 0 0 0 0 0 0 0 0 0 0 0 0 0 452 0 0 1113 367 756 835 362 402 112 62 34 20 1379
20150604 13:10:30 2 0 2 0 0 0 0 96 4 6679 13625 0 249 0 0.73 0.40 0.23 8177412 2271308 5906104 0 333268 1509044 204348 141920 544124 6289404 0 6289404 0 0 4 0 0 906896 0 10 28 0 0 0 0 22204 285 28 0 0 42 1 0 0 0 0 674 574 290 133 0 0 0 0 0 0 1 1 0 10 10 0 0 0 170724 1280 0 120562 0 0 0 0 0 0 0 0 0 0 0 0 0 0 0 0 392 0 0 1146 376 785 836 362 402 112 62 34 20 1379
20150604 13:10:40 2 0 2 0 0 0 0 96 4 6260 13347 0 249 1 0.77 0.42 0.24 8177412 2271280 5906132 0 333268 1509044 204396 141920 544124 6289404 0 6289404 0 0 4 0 0 906896 0 0 28 0 0 0 0 22252 285 28 0 0 42 2 0 0 0 0 694 597 297 138 0 0 0 0 0 0 0 0 0 0 0 0 0 0 170883 1280 0 120722 0 0 0 0 0 0 0 0 0 0 0 0 0 0 0 0 409 0 0 1131 371 792 836 362 402 112 62 34 20 1379
20150604 13:10:50 2 0 2 0 0 0 0 96 4 7312 15153 0 249 0 0.65 0.40 0.24 8177412 2271232 5906180 0 333268 1509044 204364 142008 544124 6289404 0 6289404 0 0 0 0 0 906896 0 2 28 0 0 0 0 22220 285 28 0 0 42 2 0 0 0 0 769 658 333 153 0 0 0 0 0 0 0 0 0 2 2 0 0 0 170868 1280 0 120707 0 0 0 0 0 0 0 0 0 0 0 0 0 0 0 0 453 0 0 1148 370 798 837 362 402 112 62 34 20 1379
20150604 13:11:00 2 0 2 0 0 0 0 96 4 7217 14873 1 249 0 0.63 0.41 0.24 8177412 2271648 5905764 0 333268 1509048 204464 142008 544124 6289404 0 6289404 0 0 28 0 0 906892 0 2 331 0 0 0 0 22268 285 28 0 0 42 2 0 0 0 0 741 636 321 147 0 0 0 0 0 0 0 0 0 2 2 0 0 0 170881 1248 0 120719 0 0 0 0 0 0 0 0 0 0 0 0 0 0 0 0 435 0 0 943 373 802 837 365 402 112 62 34 20 1379
20150604 13:11:10 2 0 2 0 0 0 0 96 4 5894 12664 6 249 0 0.53 0.39 0.24 8177412 2273524 5903888 0 333268 1509072 204356 141916 544124 6289404 0 6289404 0 0 104 0 0 906916 0 9 1866 0 0 0 0 22180 285 28 0 0 42 1 0 0 0 0 640 549 274 127 0 0 0 0 0 0 1 1 0 9 9 0 1 1 170724 1248 0 120563 0 0 0 0 0 0 0 0 0 0 0 0 0 0 0 0 374 0 0 960 283 783 836 355 402 112 62 34 20 1379
20150604 13:11:20 2 0 2 0 0 0 0 96 4 7079 14610 0 249 0 0.53 0.40 0.24 8177412 2272028 5905384 0 333268 1509072 204356 141928 544124 6289404 0 6289404 0 0 104 0 0 906916 0 2 29 0 0 0 0 22212 285 28 0 0 42 2 0 0 0 0 736 632 317 146 0 0 0 0 0 0 0 0 0 2 2 0 0 0 170863 1248 0 120701 0 0 0 0 0 0 0 0 0 0 0 0 0 0 0 0 433 0 0 1072 345 800 837 355 402 112 62 34 20 1379
20150604 13:11:30 2 0 2 0 0 0 0 96 4 6485 13630 0 249 1 0.45 0.38 0.24 8177412 2271524 5905888 0 333268 1509072 204356 141924 544124 6289404 0 6289404 0 0 64 0 0 906916 0 4 28 0 0 0 0 22212 285 28 0 0 42 3 0 0 0 0 694 596 298 138 0 0 0 0 0 0 0 0 0 4 4 0 0 0 170921 1248 0 120759 0 0 0 0 0 0 0 0 0 0 0 0 0 0 0 0 408 0 0 1096 354 809 839 356 402 112 62 34 20 1379
20150604 13:11:40 2 0 2 0 0 0 0 96 4 7312 15287 0 249 0 0.61 0.42 0.25 8177412 2271252 5906160 0 333268 1509072 204340 141924 544124 6289404 0 6289404 0 0 4 0 0 906916 0 6 28 0 0 0 0 22196 285 28 0 0 42 2 0 0 0 0 774 667 331 155 0 0 0 0 0 0 1 1 0 6 6 0 0 0 170853 1248 0 120692 0 0 0 0 0 0 0 0 0 0 0 0 0 0 0 0 457 0 0 1114 351 809 846 357 402 112 62 34 20 1379
20150604 13:11:50 2 0 2 0 0 0 0 95 5 7931 16154 0 249 0 0.59 0.42 0.25 8177412 2271244 5906168 0 333268 1509072 204356 141924 544124 6289404 0 6289404 0 0 4 0 0 906916 0 2 28 0 0 0 0 22212 285 28 0 0 42 2 0 0 0 0 794 679 345 158 0 0 0 0 0 0 0 0 0 2 2 0 0 0 170922 1248 0 120760 0 0 0 0 0 0 0 0 0 0 0 0 0 0 0 0 469 0 0 1096 351 804 845 360 402 112 62 34 20 1379
20150604 13:12:00 2 0 2 0 0 0 0 96 4 7199 14970 0 249 0 0.50 0.41 0.25 8177412 2271176 5906236 0 333268 1509072 204436 141924 544124 6289404 0 6289404 0 0 16 0 0 906916 0 0 28 0 0 0 0 22292 285 28 0 0 42 2 0 0 0 0 741 631 324 148 0 0 0 0 0 0 0 0 0 0 0 0 0 0 170926 1248 0 120765 0 0 0 0 0 0 0 0 0 0 0 0 0 0 0 0 443 0 0 1103 348 793 841 365 402 112 62 34 20 1379
20150604 13:12:10 3 0 3 0 0 0 0 95 5 7297 15221 6 249 0 0.49 0.41 0.25 8177412 2273684 5903728 0 333268 1509096 204488 141924 544120 6289404 0 6289404 0 0 92 0 0 906928 0 9 1874 0 0 0 0 22324 285 28 0 0 42 2 0 0 0 0 771 662 331 153 0 0 0 0 0 0 1 1 0 9 9 0 1 1 170881 1280 0 120719 0 0 0 0 0 0 0 0 0 0 0 0 0 0 0 0 451 0 0 1029 297 751 837 352 402 112 62 34 20 1379
20150604 13:12:20 2 0 2 0 0 0 0 95 5 7603 15924 0 250 0 0.42 0.40 0.25 8177412 2272156 5905256 0 333268 1509096 204420 141928 544120 6289404 0 6289404 0 0 96 0 0 906928 0 2 29 0 0 0 0 22276 285 28 0 0 42 2 0 0 0 0 807 692 349 160 0 0 0 0 0 0 0 0 0 2 2 0 0 0 170908 1280 0 120746 0 0 0 0 0 0 0 0 0 0 0 0 0 0 0 0 475 0 0 1116 359 779 835 355 402 112 62 34 20 1379
20150604 13:12:30 2 0 2 0 0 0 0 96 4 5989 12561 0 250 0 0.35 0.38 0.25 8177412 2271540 5905872 0 333268 1509096 204388 141940 544120 6289404 0 6289404 0 0 60 0 0 906928 0 4 28 0 0 0 0 22244 285 28 0 0 42 2 0 0 0 0 630 537 274 125 0 0 0 0 0 0 0 0 0 4 4 0 0 0 170934 1280 0 120773 0 0 0 0 0 0 0 0 0 0 0 0 0 0 0 0 374 0 0 1138 381 792 838 355 402 112 62 34 20 1379
20150604 13:12:40 2 0 2 0 0 0 0 96 4 6997 14551 0 250 0 0.30 0.37 0.24 8177412 2271148 5906264 0 333268 1509096 204292 141952 544120 6289404 0 6289404 0 0 60 0 0 906928 0 0 29 0 0 0 0 22148 285 28 0 0 42 2 0 0 0 0 737 631 317 146 0 0 0 0 0 0 0 0 0 0 0 0 0 0 170850 1280 0 120689 0 0 0 0 0 0 0 0 0 0 0 0 0 0 0 0 432 0 0 1140 365 802 843 359 402 112 62 34 20 1379
20150604 13:12:50 2 0 2 0 0 0 0 96 4 7219 15335 0 250 0 0.40 0.39 0.25 8177412 2271136 5906276 0 333268 1509096 204420 141956 544120 6289404 0 6289404 0 0 4 0 0 906928 0 9 28 0 0 0 0 22276 285 28 0 0 42 2 0 0 0 0 775 662 338 155 0 0 0 0 0 0 2 2 0 9 9 0 0 0 170921 1280 0 120759 0 0 0 0 0 0 0 0 0 0 0 0 0 0 0 0 463 0 0 1147 357 794 842 361 402 112 62 34 20 1379
20150604 13:13:00 2 0 2 0 0 0 0 96 4 6346 13393 0 250 0 0.34 0.38 0.25 8177412 2271180 5906232 0 333268 1509104 204484 141952 544120 6289404 0 6289404 0 0 24 0 0 906928 0 0 28 0 0 0 0 22340 285 28 0 0 42 2 0 0 0 0 671 573 294 132 0 0 0 0 0 0 0 0 0 0 0 0 0 0 170959 1280 0 120798 0 0 0 0 0 0 0 0 0 0 0 0 0 0 0 0 395 0 0 1132 357 795 840 362 402 112 62 34 20 1379
20150604 13:13:10 2 0 3 0 0 0 0 95 5 6999 14732 6 250 0 0.39 0.39 0.25 8177412 2273320 5904092 0 333268 1509128 204428 141936 544124 6289404 0 6289404 0 0 104 0 0 906948 0 9 1867 0 0 0 0 22284 285 28 0 0 42 2 0 0 0 0 744 636 321 147 0 0 0 0 0 0 1 1 0 9 9 0 1 1 170914 1248 0 120752 0 0 0 0 0 0 0 0 0 0 0 0 0 0 0 0 436 0 0 1069 339 745 828 356 401 112 62 34 20 1379
20150604 13:13:20 2 0 2 0 0 0 0 96 4 6577 13744 0 250 0 0.33 0.38 0.25 8177412 2271844 5905568 0 333268 1509128 204316 141956 544124 6289404 0 6289404 0 0 100 0 0 906948 0 2 28 0 0 0 0 22172 285 28 0 0 42 2 0 0 0 0 692 593 300 137 0 0 0 0 0 0 0 0 0 2 2 0 0 0 170977 1248 0 120815 0 0 0 0 0 0 0 0 0 0 0 0 0 0 0 0 409 0 0 1146 371 781 832 359 401 112 62 34 20 1379
20150604 13:13:30 2 0 2 0 0 0 0 96 4 6994 14937 1 250 2 0.35 0.38 0.25 8177412 2271296 5906116 0 333268 1509128 204268 141952 544124 6289404 0 6289404 0 0 64 0 0 906948 0 7 332 0 0 0 0 22124 285 28 0 0 42 2 0 0 0 0 770 660 331 153 0 0 0 0 0 0 1 1 0 7 7 0 0 0 170894 1248 0 120732 0 0 0 0 0 0 0 0 0 0 0 0 0 0 0 0 452 0 0 1067 365 816 835 363 401 112 62 34 20 1379
20150604 13:13:40 2 0 2 0 0 0 0 95 5 8128 16682 0 250 0 0.37 0.38 0.25 8177412 2270732 5906680 0 333268 1509128 204380 141932 544124 6289404 0 6289404 0 0 64 0 0 906948 0 0 28 0 0 0 0 22236 285 28 0 0 42 2 0 0 0 0 833 709 361 163 0 0 0 0 0 0 0 0 0 0 0 0 0 0 170927 1248 0 120765 0 0 0 0 0 0 0 0 0 0 0 0 0 0 0 0 486 0 0 1133 352 821 836 368 401 112 62 34 20 1379
20150604 13:13:50 2 0 2 0 0 0 0 97 3 5533 11595 0 250 0 0.54 0.42 0.27 8177412 2270488 5906924 0 333268 1509128 204300 141952 544124 6289404 0 6289404 0 0 4 0 0 906948 0 8 28 0 0 0 0 22156 285 28 0 0 42 2 0 0 0 0 585 502 254 117 0 0 0 0 0 0 2 2 0 8 8 0 0 0 170994 1248 0 120833 0 0 0 0 0 0 0 0 0 0 0 0 0 0 0 0 347 0 0 1151 354 826 835 368 401 112 62 34 20 1379
20150604 13:14:00 2 0 2 0 0 0 0 95 5 7331 15567 0 250 0 0.53 0.42 0.27 8177412 2270648 5906764 0 333268 1509128 204348 141952 544124 6289404 0 6289404 0 0 4 0 0 906948 0 2 28 0 0 0 0 22204 285 28 0 0 42 3 0 0 0 0 781 670 339 157 0 0 0 0 0 0 0 0 0 2 2 0 0 0 170904 1248 0 120742 0 0 0 0 0 0 0 0 0 0 0 0 0 0 0 0 465 0 0 1123 352 828 836 368 401 112 62 34 20 1379
20150604 13:14:10 2 0 2 0 0 0 0 95 5 7154 15146 6 250 0 0.52 0.43 0.27 8177412 2273840 5903572 0 333268 1509156 204516 141932 544124 6289404 0 6289404 0 0 64 0 0 906960 0 12 1871 0 0 0 0 22332 285 28 0 0 42 2 0 0 0 0 762 654 327 153 0 0 0 0 0 0 1 1 0 12 12 0 1 1 170918 1280 0 120757 0 0 0 0 0 0 0 0 0 0 0 0 0 0 0 0 452 0 0 950 263 744 839 361 401 112 62 34 20 1379
20150604 13:14:20 2 0 2 0 0 0 0 96 4 6438 13618 0 250 1 0.51 0.43 0.28 8177412 2272260 5905152 0 333268 1509156 204508 141956 544124 6289404 0 6289404 0 0 64 0 0 906960 0 1 28 0 0 0 0 22364 285 28 0 0 42 2 0 0 0 0 692 593 300 137 0 0 0 0 0 0 0 0 0 1 1 0 0 0 170803 1280 0 120641 0 0 0 0 0 0 0 0 0 0 0 0 0 0 0 0 408 0 0 1083 304 773 838 366 401 112 62 34 20 1379
20150604 13:14:30 2 0 2 0 0 0 0 96 4 6952 14861 0 250 0 0.52 0.43 0.28 8177412 2271396 5906016 0 333268 1509156 204380 141952 544124 6289404 0 6289404 0 0 64 0 0 906960 0 0 28 0 0 0 0 22236 285 28 0 0 42 2 0 0 0 0 764 656 331 152 0 0 0 0 0 0 0 0 0 0 0 0 0 0 170878 1280 0 120717 0 0 0 0 0 0 0 0 0 0 0 0 0 0 0 0 453 0 0 1156 326 781 840 365 402 112 62 34 20 1379
20150604 13:14:40 2 0 2 0 0 0 0 96 4 7424 15467 0 250 0 0.59 0.45 0.29 8177412 2271608 5905804 0 333268 1509156 204508 141952 544124 6289404 0 6289404 0 0 72 0 0 906960 0 4 28 0 0 0 0 22364 285 28 0 0 42 2 0 0 0 0 768 656 336 152 0 0 0 0 0 0 0 0 0 4 4 0 0 0 170851 1280 0 120690 0 0 0 0 0 0 0 0 0 0 0 0 0 0 0 0 453 0 0 1135 328 771 839 366 402 112 62 34 20 1379
20150604 13:14:50 2 0 2 0 0 0 0 96 4 7082 15033 0 250 0 0.81 0.50 0.30 8177412 2271452 5905960 0 333268 1509156 204620 141952 544124 6289404 0 6289404 0 0 4 0 0 906960 0 8 28 0 0 0 0 22476 285 28 0 0 42 2 0 0 0 0 770 660 332 154 0 0 0 0 0 0 2 2 0 8 8 0 0 0 170901 1280 0 120739 0 0 0 0 0 0 0 0 0 0 0 0 0 0 0 0 456 0 0 1154 330 773 840 366 402 112 62 34 20 1379
20150604 13:15:00 2 0 2 0 0 0 0 96 4 6922 14755 0 250 0 0.68 0.48 0.30 8177412 2271444 5905968 0 333268 1509160 204512 141956 544124 6289404 0 6289404 0 0 24 0 0 906956 0 1 29 0 0 0 0 22368 285 28 0 0 42 2 0 0 0 0 740 633 322 148 0 0 0 0 0 0 0 0 0 1 1 0 0 0 170937 1280 0 120775 0 0 0 0 0 0 0 0 0 0 0 0 0 0 0 0 441 0 0 1128 330 776 842 366 402 112 62 34 20 1379
20150604 13:15:10 2 0 2 0 0 0 0 96 4 5915 12327 6 250 0 0.72 0.50 0.31 8177412 2274240 5903172 0 333268 1509184 204496 141956 544124 6289404 0 6289404 0 0 96 0 0 906980 0 9 1964 0 0 0 0 22348 285 28 0 0 42 2 0 0 0 0 617 529 266 123 0 0 0 0 0 0 1 1 0 9 9 0 1 1 170970 1280 0 120809 0 0 0 0 0 0 0 0 0 0 0 0 0 0 0 0 362 0 0 974 259 739 838 356 401 112 62 34 20 1379
20150604 13:15:20 1 0 1 0 0 0 0 98 2 4648 9674 0 250 0 0.69 0.50 0.31 8177412 2273016 5904396 0 333268 1509184 204508 142028 544124 6289404 0 6289404 0 0 100 0 0 906980 0 2 28 0 0 0 0 22364 285 28 0 0 42 2 0 0 0 0 483 412 210 95 0 0 0 0 0 0 0 0 0 2 2 0 0 0 170924 1280 0 120762 0 0 0 0 0 0 0 0 0 0 0 0 0 0 0 0 282 0 0 1110 331 742 838 358 402 112 62 34 20 1379
20150604 13:15:30 2 0 2 0 0 0 0 96 4 6245 13245 0 250 0 0.58 0.48 0.31 8177412 2271812 5905600 0 333268 1509184 204492 141936 544124 6289404 0 6289404 0 0 4 0 0 906980 0 10 28 0 0 0 0 22348 285 28 0 0 42 0 0 0 0 0 675 577 290 134 0 0 0 0 0 0 1 1 0 10 10 0 0 0 170783 1280 0 120622 0 0 0 0 0 0 0 0 0 0 0 0 0 0 0 0 396 0 0 1104 362 775 842 358 402 112 62 34 20 1379
20150604 13:15:40 2 0 2 0 0 0 0 96 4 6217 13154 0 250 0 0.57 0.48 0.31 8177412 2271636 5905776 0 333268 1509184 204552 141952 544124 6289404 0 6289404 0 0 4 0 0 906980 0 0 28 0 0 0 0 22408 285 28 0 0 42 2 0 0 0 0 672 573 291 132 0 0 0 0 0 0 0 0 0 0 0 0 0 0 170841 1280 0 120680 0 0 0 0 0 0 0 0 0 0 0 0 0 0 0 0 394 0 0 1114 359 783 839 360 402 112 62 34 20 1379
20150604 13:15:50 2 0 2 0 0 0 0 96 4 7039 15018 0 250 0 0.64 0.50 0.32 8177412 2271648 5905764 0 333268 1509184 204472 141952 544124 6289404 0 6289404 0 0 4 0 0 906980 0 2 28 0 0 0 0 22328 285 28 0 0 42 2 0 0 0 0 774 665 333 155 0 0 0 0 0 0 0 0 0 2 2 0 0 0 170879 1280 0 120717 0 0 0 0 0 0 0 0 0 0 0 0 0 0 0 0 462 0 0 1055 355 799 839 360 402 112 62 34 20 1379
20150604 13:16:00 2 0 2 0 0 0 0 96 4 5722 12392 0 250 1 0.61 0.50 0.32 8177412 2271372 5906040 0 333268 1509188 204344 141932 544124 6289404 0 6289404 0 0 20 0 0 906980 0 0 28 0 0 0 0 22200 285 28 0 0 42 0 0 0 0 0 643 554 275 129 0 0 0 0 0 0 0 0 0 0 0 0 0 0 170731 1280 0 120569 0 0 0 0 0 0 0 0 0 0 0 0 0 0 0 0 379 0 0 1060 345 819 841 360 402 112 62 34 20 1379
20150604 13:16:10 2 0 2 0 0 0 0 96 4 5156 11967 6 250 0 0.52 0.49 0.32 8177412 2274088 5903324 0 333268 1509212 204592 141976 544124 6289404 0 6289404 0 0 100 0 0 906996 0 9 1871 0 0 0 0 22448 285 28 0 0 42 2 0 0 0 0 636 547 276 127 0 0 0 0 0 0 1 1 0 9 9 0 1 1 170914 1280 0 120752 0 0 0 0 0 0 0 0 0 0 0 0 0 0 0 0 380 0 0 965 272 780 840 346 402 112 62 34 20 1379
20150604 13:16:20 2 0 2 0 0 0 0 96 4 6716 13922 0 251 1 0.44 0.47 0.31 8177412 2272364 5905048 0 333268 1509212 204480 142400 552456 6289404 0 6289404 0 0 96 0 0 906996 0 2 39 0 0 0 0 22328 285 28 0 0 42 2 0 0 0 0 693 592 304 137 0 0 0 0 0 0 0 0 0 2 2 0 0 0 170837 1280 0 120675 0 0 0 0 0 0 0 0 0 0 0 0 0 0 0 0 407 0 0 1076 347 801 837 349 402 112 62 34 20 1379
20150604 13:16:30 1 0 1 0 0 0 0 98 2 2827 5760 0 251 2 0.45 0.47 0.32 8177412 2271808 5905604 0 333268 1509212 204456 142404 552456 6289404 0 6289404 0 0 60 0 0 906996 0 4 28 0 0 0 0 22312 285 28 0 0 42 3 0 0 0 0 288 247 124 57 0 0 0 0 0 0 0 0 0 4 4 0 0 0 170766 1280 0 120604 0 0 0 0 0 0 0 0 0 0 0 0 0 0 0 0 167 0 0 1081 363 821 841 350 402 112 62 34 20 1379
20150604 13:16:40 2 0 2 0 0 0 0 95 5 7491 15776 0 251 0 0.38 0.45 0.31 8177412 2271656 5905756 0 333268 1509212 204424 142400 552456 6289404 0 6289404 0 0 60 0 0 906996 0 0 28 0 0 0 0 22280 285 28 0 0 42 2 0 0 0 0 807 691 349 160 0 0 0 0 0 0 0 0 0 0 0 0 0 0 170888 1280 0 120726 0 0 0 0 0 0 0 0 0 0 0 0 0 0 0 0 476 0 0 1075 360 827 841 350 402 112 62 34 20 1379
20150604 13:16:50 2 0 2 0 0 0 0 95 5 7242 15033 0 251 2 0.32 0.44 0.31 8177412 2272020 5905392 0 333268 1509212 204444 142512 552456 6289404 0 6289404 0 0 4 0 0 906996 0 7 28 0 0 0 0 22296 285 28 0 0 42 2 0 0 0 0 776 661 335 153 0 0 0 0 0 0 2 2 0 7 7 0 0 0 170920 1280 0 120759 0 0 0 0 0 0 0 0 0 0 0 0 0 0 0 0 455 0 0 1013 357 821 845 350 402 112 62 34 20 1379
20150604 13:17:00 2 0 2 0 0 0 0 97 3 5593 11528 0 251 1 0.27 0.43 0.31 8177412 2271940 5905472 0 333268 1509220 204504 142308 552456 6289404 0 6289404 0 0 20 0 0 906996 0 0 28 0 0 0 0 22360 285 28 0 0 42 2 0 0 0 0 574 492 252 115 0 0 0 0 0 0 0 0 0 0 0 0 0 0 170926 1280 0 120764 0 0 0 0 0 0 0 0 0 0 0 0 0 0 0 0 344 0 0 1016 358 815 845 350 402 112 62 34 20 1379
20150604 13:17:10 2 0 2 0 0 0 0 95 4 5939 12590 6 251 0 0.23 0.41 0.30 8177412 2274620 5902792 0 333268 1509248 204400 142396 552456 6289404 0 6289404 0 0 108 0 0 907024 0 9 1961 0 0 0 0 22256 285 28 0 0 42 0 0 0 0 0 638 548 274 127 0 0 0 0 0 0 1 1 0 9 9 0 1 1 170731 1248 0 120570 0 0 0 0 0 0 0 0 0 0 0 0 0 0 0 0 374 0 0 1148 312 719 815 349 402 112 62 34 20 1379
20150604 13:17:20 2 0 2 0 0 0 0 96 4 7029 14371 0 250 0 0.19 0.40 0.30 8177412 2273016 5904396 0 333268 1509248 204412 142376 552456 6289404 0 6289404 0 0 108 0 0 907024 0 2 28 0 0 0 0 22268 285 28 0 0 42 2 0 0 0 0 739 635 318 147 0 0 0 0 0 0 0 0 0 2 2 0 0 0 170849 1248 0 120688 0 0 0 0 0 0 0 0 0 0 0 0 0 0 0 0 435 0 0 1152 341 786 814 352 402 112 62 34 20 1379
20150604 13:17:30 2 0 2 0 0 0 0 96 4 6710 13586 0 250 0 0.16 0.38 0.30 8177412 2272220 5905192 0 333268 1509248 204476 142396 552456 6289404 0 6289404 0 0 64 0 0 907024 0 4 34 0 0 0 0 22332 285 28 0 0 42 1 0 0 0 0 680 580 293 134 0 0 0 0 0 0 0 0 0 4 4 0 0 0 170744 1248 0 120583 0 0 0 0 0 0 0 0 0 0 0 0 0 0 0 0 397 0 0 1126 320 823 821 354 402 112 62 34 20 1379
20150604 13:17:40 2 0 2 0 0 0 0 96 4 6911 13993 0 250 0 0.22 0.39 0.30 8177412 2272092 5905320 0 333268 1509248 204508 142396 552456 6289404 0 6289404 0 0 72 0 0 907024 0 3 28 0 0 0 0 22364 285 28 0 0 42 2 0 0 0 0 713 611 306 141 0 0 0 0 0 0 0 0 0 3 3 0 0 0 170916 1248 0 120755 0 0 0 0 0 0 0 0 0 0 0 0 0 0 0 0 419 0 0 1146 326 823 821 354 402 112 62 34 20 1379
20150604 13:17:50 2 0 2 0 0 0 0 95 5 7336 14985 0 250 0 0.34 0.41 0.31 8177412 2272096 5905316 0 333268 1509248 204540 142392 552456 6289404 0 6289404 0 0 4 0 0 907024 0 9 28 0 0 0 0 22396 285 28 0 0 42 2 0 0 0 0 757 648 325 150 0 0 0 0 0 0 2 2 0 9 9 0 0 0 170858 1248 0 120697 0 0 0 0 0 0 0 0 0 0 0 0 0 0 0 0 443 0 0 1127 327 827 821 354 402 112 62 34 20 1379
20150604 13:18:00 2 0 2 0 0 0 0 96 4 7944 15970 0 250 1 0.45 0.43 0.32 8177412 2271952 5905460 0 333268 1509248 204412 142392 552456 6289404 0 6289404 0 0 16 0 0 907024 0 0 28 0 0 0 0 22268 285 28 0 0 42 2 0 0 0 0 779 666 338 155 0 0 0 0 0 0 0 0 0 0 0 0 0 0 170862 1248 0 120700 0 0 0 0 0 0 0 0 0 0 0 0 0 0 0 0 460 0 0 1103 331 838 822 354 402 112 62 34 20 1379
20150604 13:18:10 2 0 2 0 0 0 0 95 5 7436 15132 6 250 0 0.38 0.41 0.31 8177412 2274688 5902724 0 333268 1509272 204528 142376 552456 6289404 0 6289404 0 0 92 0 0 907032 0 9 1869 0 0 0 0 22324 285 28 0 0 42 2 0 0 0 0 763 657 327 152 0 0 0 0 0 0 1 1 0 9 9 0 1 1 170911 1280 0 120750 0 0 0 0 0 0 0 0 0 0 0 0 0 0 0 0 450 0 0 940 274 750 823 352 402 112 62 34 20 1379
20150604 13:18:20 2 0 2 0 0 0 0 96 4 7628 15412 0 250 1 0.32 0.40 0.31 8177412 2273200 5904212 0 333268 1509272 204472 142380 552456 6289404 0 6289404 0 0 96 0 0 907032 0 2 28 0 0 0 0 22324 285 28 0 0 42 2 0 0 0 0 780 667 334 155 0 0 0 0 0 0 0 0 0 2 2 0 0 0 170909 1280 0 120747 0 0 0 0 0 0 0 0 0 0 0 0 0 0 0 0 458 0 0 1117 310 770 822 353 402 112 62 34 20 1379
20150604 13:18:30 1 0 1 0 0 0 0 97 3 5010 10241 0 250 0 0.27 0.39 0.31 8177412 2272576 5904836 0 333268 1509272 204440 142396 552456 6289404 0 6289404 0 0 60 0 0 907032 0 4 28 0 0 0 0 22292 285 28 0 0 42 2 0 0 0 0 511 438 222 102 0 0 0 0 0 0 0 0 0 4 4 0 0 0 171060 1280 0 120899 0 0 0 0 0 0 0 0 0 0 0 0 0 0 0 0 304 0 0 1131 335 793 823 353 402 112 62 34 20 1379
20150604 13:18:40 2 0 2 0 0 0 0 96 4 7513 15491 0 250 0 0.23 0.37 0.30 8177412 2272200 5905212 0 333268 1509272 204404 142432 552456 6289404 0 6289404 0 0 60 0 0 907032 0 0 29 0 0 0 0 22260 285 28 0 0 42 2 0 0 0 0 772 657 336 153 0 0 0 0 0 0 0 0 0 0 0 0 0 0 170870 1280 0 120708 0 0 0 0 0 0 0 0 0 0 0 0 0 0 0 0 453 0 0 1133 339 805 827 353 402 112 62 34 20 1379
20150604 13:18:50 2 0 2 0 0 0 0 96 4 7499 15358 0 250 0 0.27 0.38 0.31 8177412 2272144 5905268 0 333268 1509272 204500 142436 552456 6289404 0 6289404 0 0 4 0 0 907032 0 8 28 0 0 0 0 22356 285 28 0 0 42 2 0 0 0 0 766 653 333 150 0 0 0 0 0 0 2 2 0 8 8 0 0 0 170885 1280 0 120723 0 0 0 0 0 0 0 0 0 0 0 0 0 0 0 0 447 0 0 1153 344 801 827 353 402 112 62 34 20 1379
20150604 13:19:00 1 0 1 0 0 0 0 98 2 3927 7972 0 250 0 0.31 0.38 0.31 8177412 2272128 5905284 0 333268 1509276 204500 142436 552456 6289404 0 6289404 0 0 20 0 0 907028 0 0 28 0 0 0 0 22356 285 28 0 0 42 3 0 0 0 0 387 330 168 76 0 0 0 0 0 0 0 0 0 0 0 0 0 0 171027 1248 0 120866 0 0 0 0 0 0 0 0 0 0 0 0 0 0 0 0 228 0 0 1157 344 800 827 353 402 112 62 34 20 1379
20150604 13:19:10 2 0 2 0 0 0 0 96 4 6129 12600 6 250 0 0.34 0.39 0.31 8177412 2274248 5903164 0 333268 1509300 204348 142432 552456 6289404 0 6289404 0 0 100 0 0 907052 0 9 1865 0 0 0 0 22204 285 28 0 0 42 1 0 0 0 0 638 547 275 127 0 0 0 0 0 0 1 1 0 9 9 0 1 1 170723 1280 0 120562 0 0 0 0 0 0 0 0 0 0 0 0 0 0 0 0 373 0 0 1015 278 773 825 345 402 112 62 34 20 1379
20150604 13:19:20 2 0 2 0 0 0 0 96 4 7350 14841 0 250 0 0.37 0.39 0.31 8177412 2272664 5904748 0 333268 1509300 204252 142488 552456 6289404 0 6289404 0 0 96 0 0 907052 0 2 28 0 0 0 0 22108 285 28 0 0 42 2 0 0 0 0 732 625 320 144 0 0 0 0 0 0 0 0 0 2 2 0 0 0 170875 1280 0 120714 0 0 0 0 0 0 0 0 0 0 0 0 0 0 0 0 430 0 0 1115 340 808 828 345 402 112 62 34 20 1379
20150604 13:19:30 2 0 2 0 0 0 0 96 4 7408 15249 0 250 0 0.39 0.39 0.32 8177412 2272588 5904824 0 333268 1509300 204468 142392 552456 6289404 0 6289404 0 0 60 0 0 907052 0 4 28 0 0 0 0 22324 285 28 0 0 42 2 0 0 0 0 768 656 333 152 0 0 0 0 0 0 0 0 0 4 4 0 0 0 170887 1280 0 120725 0 0 0 0 0 0 0 0 0 0 0 0 0 0 0 0 453 0 0 1154 348 799 829 345 402 112 62 34 20 1379
20150604 13:19:40 2 0 2 0 0 0 0 96 4 7372 15051 0 250 0 0.33 0.38 0.31 8177412 2272144 5905268 0 333268 1509300 204292 142396 552456 6289404 0 6289404 0 0 60 0 0 907052 0 0 28 0 0 0 0 22148 285 28 0 0 42 2 0 0 0 0 776 664 333 153 0 0 0 0 0 0 0 0 0 0 0 0 0 0 170917 1280 0 120755 0 0 0 0 0 0 0 0 0 0 0 0 0 0 0 0 454 0 0 1181 356 816 829 345 402 112 62 34 20 1379
20150604 13:19:50 2 0 2 0 0 0 0 96 4 7296 15005 0 250 0 0.43 0.40 0.32 8177412 2272024 5905388 0 333268 1509300 204388 142396 552456 6289404 0 6289404 0 0 4 0 0 907052 0 8 28 0 0 0 0 22244 285 28 0 0 42 2 0 0 0 0 756 645 327 149 0 0 0 0 0 0 2 2 0 8 8 0 0 0 170882 1280 0 120721 0 0 0 0 0 0 0 0 0 0 0 0 0 0 0 0 444 0 0 1207 362 810 831 345 402 112 62 34 20 1379
20150604 13:20:00 2 0 2 0 0 0 0 96 4 7418 15129 0 250 0 0.45 0.41 0.32 8177412 2271888 5905524 0 333268 1509300 204292 142224 552456 6289404 0 6289404 0 0 16 0 0 907036 0 2 28 0 0 0 0 22148 285 28 0 0 42 2 0 0 0 0 753 640 325 148 0 0 0 0 0 0 0 0 0 2 2 0 0 0 170875 1280 0 120714 0 0 0 0 0 0 0 0 0 0 0 0 0 0 0 0 438 0 0 1216 372 815 831 346 402 112 62 34 20 1379
20150604 13:20:10 2 0 2 0 0 0 0 96 4 5415 11206 6 250 0 0.45 0.41 0.32 8177412 2274252 5903160 0 333268 1509328 204436 142436 552456 6289404 0 6289404 0 0 100 0 0 907060 0 9 1873 0 0 0 0 22292 285 28 0 0 42 2 0 0 0 0 558 478 240 110 0 0 0 0 0 0 1 1 0 9 9 0 1 1 170830 1280 0 120668 0 0 0 0 0 0 0 0 0 0 0 0 0 0 0 0 326 0 0 950 299 780 828 346 402 112 62 34 20 1379
20150604 13:20:20 2 0 2 0 0 0 0 95 5 7384 15253 0 251 0 0.46 0.41 0.33 8177412 2272840 5904572 0 333268 1509328 204492 142352 552456 6289404 0 6289404 0 0 100 0 0 907060 0 2 28 0 0 0 0 22348 285 28 0 0 42 2 0 0 0 0 772 659 331 152 0 0 0 0 0 0 0 0 0 2 2 0 0 0 170842 1280 0 120680 0 0 0 0 0 0 0 0 0 0 0 0 0 0 0 0 450 0 0 1147 343 783 829 346 402 112 62 34 20 1379
20150604 13:20:30 2 0 2 0 0 0 0 96 4 7089 14732 0 251 0 0.46 0.41 0.33 8177412 2272468 5904944 0 333268 1509328 204644 142352 552456 6289404 0 6289404 0 0 8 0 0 907060 0 9 28 0 0 0 0 22500 285 28 0 0 42 2 0 0 0 0 756 647 328 150 0 0 0 0 0 0 2 2 0 9 9 0 0 0 170855 1280 0 120693 0 0 0 0 0 0 0 0 0 0 0 0 0 0 0 0 448 0 0 1184 342 800 828 346 402 112 62 34 20 1379
20150604 13:20:40 2 0 2 0 0 0 0 96 4 5808 11958 0 251 0 0.39 0.40 0.32 8177412 2272228 5905184 0 333268 1509328 204468 142348 552456 6289404 0 6289404 0 0 20 0 0 907060 0 3 28 0 0 0 0 22324 285 28 0 0 42 2 0 0 0 0 612 520 266 121 0 0 0 0 0 0 0 0 0 3 3 0 0 0 170969 1280 0 120808 0 0 0 0 0 0 0 0 0 0 0 0 0 0 0 0 360 0 0 1182 345 808 830 346 402 112 62 34 20 1379
20150604 13:20:50 2 0 2 0 0 0 0 96 4 7283 14714 0 251 0 0.40 0.40 0.33 8177412 2272220 5905192 0 333268 1509328 204616 142364 552456 6289404 0 6289404 0 0 20 0 0 907060 0 3 29 0 0 0 0 22472 285 28 0 0 42 2 0 0 0 0 732 628 318 146 0 0 0 0 0 0 1 1 0 3 3 0 0 0 170865 1280 0 120703 0 0 0 0 0 0 0 0 0 0 0 0 0 0 0 0 432 0 0 1190 356 799 832 346 402 112 62 34 20 1379
20150604 13:21:00 2 0 2 0 0 0 0 96 4 7377 15232 0 251 0 0.41 0.41 0.33 8177412 2272056 5905356 0 333268 1509332 204444 142368 552456 6289404 0 6289404 0 0 36 0 0 907056 0 0 28 0 0 0 0 22300 285 28 0 0 42 2 0 0 0 0 768 657 331 152 0 0 0 0 0 0 0 0 0 0 0 0 0 0 170850 1280 0 120689 0 0 0 0 0 0 0 0 0 0 0 0 0 0 0 0 448 0 0 1167 356 817 831 346 402 112 62 34 20 1379
20150604 13:21:10 2 0 2 0 0 0 0 96 4 6901 14583 6 251 0 0.35 0.39 0.32 8177412 2274592 5902820 0 333268 1509356 204524 142364 552456 6289404 0 6289404 0 0 40 0 0 907080 0 16 1875 0 0 0 0 22376 285 28 0 0 42 2 0 0 0 0 712 603 313 140 0 0 0 0 0 0 2 2 0 16 16 0 2 2 171011 1280 0 120850 0 0 0 0 0 0 0 0 0 0 0 0 0 0 0 0 423 0 0 1027 297 771 826 336 402 112 62 34 20 1379
20150604 13:21:20 2 0 2 0 0 0 0 95 5 8530 17434 0 251 2 0.37 0.40 0.32 8177412 2273276 5904136 0 333268 1509356 204568 142368 552456 6289404 0 6289404 0 0 44 0 0 907080 0 2 28 0 0 0 0 22424 285 28 0 0 42 2 0 0 0 0 847 712 375 165 0 0 0 0 0 0 0 0 0 2 2 0 0 0 170888 1280 0 120726 0 0 0 0 0 0 0 0 0 0 0 0 0 0 0 0 497 0 0 1133 336 811 829 336 402 112 62 34 20 1379
20150604 13:21:30 2 0 2 0 0 0 0 96 4 4879 10166 0 249 0 0.39 0.40 0.33 8177412 2271248 5906164 0 333268 1509356 204616 138716 538880 6289404 0 6289404 0 0 4 0 0 906488 0 4 42 0 0 0 0 22472 268 18 0 6 29 1 0 0 0 0 499 421 219 97 0 0 0 0 0 0 0 0 0 4 4 0 0 0 170750 1184 0 120588 0 0 0 0 0 0 0 0 0 0 0 0 0 0 0 0 292 0 0 1255 402 841 836 343 402 112 62 34 20 1379
20150604 13:21:40 0 0 0 0 0 0 0 100 0 123 202 0 249 1 0.33 0.39 0.32 8177412 2270232 5907180 0 333268 1509356 204616 138712 538880 6289404 0 6289404 0 0 32 0 0 906372 0 4 38 0 0 0 0 22472 268 18 0 6 29 0 0 0 0 0 5 8 0 2 0 0 0 0 0 0 0 0 0 4 4 0 1 1 170750 1184 0 120588 0 0 0 0 0 0 0 0 0 0 0 0 0 0 0 0 3 0 0 1321 407 859 839 342 403 112 62 34 20 1379
20150604 13:21:50 0 0 0 0 0 0 0 100 0 88 169 0 249 0 0.28 0.37 0.32 8177412 2269876 5907536 0 333268 1509356 204616 138732 538880 6289404 0 6289404 0 0 28 0 0 906372 0 2 28 0 0 0 0 22472 268 18 0 6 29 0 0 0 0 0 0 0 0 0 0 0 0 0 0 0 0 0 0 2 2 0 0 0 170750 1184 0 120588 0 0 0 0 0 0 0 0 0 0 0 0 0 0 0 0 0 0 0 1351 406 866 839 346 403 112 62 34 20 1379
20150604 13:22:00 0 0 0 0 0 0 0 100 0 87 167 0 249 0 0.24 0.36 0.31 8177412 2269536 5907876 0 333268 1509368 204616 138728 538880 6289404 0 6289404 0 0 56 0 0 906372 0 0 28 0 0 0 0 22472 268 18 0 6 29 0 0 0 0 0 0 0 0 0 0 0 0 0 0 0 0 0 0 0 0 0 0 0 170750 1184 0 120588 0 0 0 0 0 0 0 0 0 0 0 0 0 0 0 0 0 0 0 1410 411 867 839 346 403 112 62 34 20 1379
20150604 13:22:10 0 0 0 0 0 0 0 99 1 124 276 6 249 1 0.20 0.35 0.31 8177412 2272352 5905060 0 333268 1509392 204680 138716 538760 6289404 0 6289404 0 0 52 0 0 906392 0 9 1867 0 0 0 0 22528 268 18 0 6 29 1 0 0 0 0 2 2 0 0 0 0 0 0 0 0 1 1 0 9 9 0 1 1 170750 1184 0 120588 0 0 0 0 0 0 0 0 0 0 0 0 0 0 0 0 0 0 0 1123 366 838 814 348 403 112 62 34 20 1379
20150604 13:22:20 0 0 0 0 0 0 0 100 0 88 168 0 249 0 0.17 0.34 0.31 8177412 2271360 5906052 0 333268 1509392 204680 138736 538760 6289404 0 6289404 0 0 104 0 0 906392 0 1 28 0 0 0 0 22528 268 18 0 6 29 0 0 0 0 0 1 1 0 0 0 0 0 0 0 0 0 0 0 1 1 0 0 0 170750 1184 0 120588 0 0 0 0 0 0 0 0 0 0 0 0 0 0 0 0 0 0 0 1231 381 846 816 348 403 112 62 34 20 1379
20150604 13:22:30 0 0 0 0 0 0 0 100 0 87 168 0 249 0 0.14 0.33 0.31 8177412 2270400 5907012 0 333268 1509392 204680 138736 538760 6289404 0 6289404 0 0 56 0 0 906392 0 6 28 0 0 0 0 22528 268 18 0 0 29 0 0 0 0 0 0 0 0 0 0 0 0 0 0 0 0 0 0 6 6 0 0 0 170750 1184 0 120588 0 0 0 0 0 0 0 0 0 0 0 0 0 0 0 0 0 0 0 1312 412 870 819 349 403 112 62 34 20 1379
20150604 13:22:40 0 0 0 0 0 0 0 100 0 88 169 0 249 0 0.12 0.32 0.30 8177412 2270172 5907240 0 333268 1509392 204640 138740 538760 6289404 0 6289404 0 0 56 0 0 906392 0 0 28 0 0 0 0 22488 268 18 0 0 29 0 0 0 0 0 1 1 0 0 0 0 0 0 0 0 0 0 0 0 0 0 0 0 170750 1184 0 120588 0 0 0 0 0 0 0 0 0 0 0 0 0 0 0 0 0 0 0 1290 406 877 822 349 403 112 62 34 20 1379
20150604 13:22:50 0 0 0 0 0 0 0 100 0 88 166 0 249 0 0.10 0.31 0.30 8177412 2269868 5907544 0 333268 1509392 204616 138736 538760 6289404 0 6289404 0 0 4 0 0 906392 0 5 34 0 0 0 0 22464 268 18 0 0 29 0 0 0 0 0 0 0 0 0 0 0 0 0 0 0 1 1 0 5 5 0 0 0 170750 1184 0 120588 0 0 0 0 0 0 0 0 0 0 0 0 0 0 0 0 0 0 0 1322 416 881 823 349 403 112 62 34 20 1379
20150604 13:23:00 0 0 0 0 0 0 0 100 0 89 169 0 249 0 0.09 0.30 0.30 8177412 2269600 5907812 0 333268 1509392 204616 138740 538760 6289404 0 6289404 0 0 16 0 0 906392 0 2 28 0 0 0 0 22464 268 18 0 0 29 0 0 0 0 0 0 0 0 0 0 0 0 0 0 0 0 0 0 2 2 0 0 0 170750 1184 0 120588 0 0 0 0 0 0 0 0 0 0 0 0 0 0 0 0 0 0 0 1309 426 896 823 349 403 112 62 34 20 1379
20150604 13:23:10 0 0 0 0 0 0 0 99 1 126 269 6 249 1 0.07 0.29 0.29 8177412 2272540 5904872 0 333268 1509416 204580 138720 538760 6289404 0 6289404 0 0 60 0 0 906404 0 9 1869 0 0 0 0 22424 268 18 0 0 29 0 0 0 0 0 2 2 0 0 0 0 0 0 0 0 1 1 0 9 9 0 1 1 170750 1184 0 120588 0 0 0 0 0 0 0 0 0 0 0 0 0 0 0 0 0 0 0 1058 342 833 815 349 403 112 62 34 20 1379
20150604 13:23:20 0 0 0 0 0 0 0 100 0 87 167 0 249 0 0.06 0.28 0.29 8177412 2271424 5905988 0 333268 1509416 204580 138736 538760 6289404 0 6289404 0 0 92 0 0 906404 0 0 28 0 0 0 0 22424 268 18 0 0 29 0 0 0 0 0 1 0 0 0 0 0 0 0 0 0 0 0 0 0 0 0 0 0 170750 1184 0 120588 0 0 0 0 0 0 0 0 0 0 0 0 0 0 0 0 0 0 0 1179 377 853 816 349 403 112 62 34 20 1379
20150604 13:23:30 0 0 0 0 0 0 0 100 0 87 167 0 249 0 0.05 0.27 0.29 8177412 2270764 5906648 0 333268 1509416 204580 138740 538760 6289404 0 6289404 0 0 56 0 0 906404 0 5 28 0 0 0 0 22424 268 18 0 0 29 0 0 0 0 0 0 0 0 0 0 0 0 0 0 0 1 1 0 5 5 0 0 0 170750 1184 0 120588 0 0 0 0 0 0 0 0 0 0 0 0 0 0 0 0 0 0 0 1217 390 878 820 349 403 112 62 34 20 1379
20150604 13:23:40 0 0 0 0 0 0 0 100 0 87 168 0 249 0 0.04 0.26 0.29 8177412 2270288 5907124 0 333268 1509416 204580 138736 538760 6289404 0 6289404 0 0 56 0 0 906404 0 0 28 0 0 0 0 22424 268 18 0 0 29 0 0 0 0 0 0 1 0 0 0 0 0 0 0 0 0 0 0 0 0 0 0 0 170750 1184 0 120588 0 0 0 0 0 0 0 0 0 0 0 0 0 0 0 0 0 0 0 1267 387 889 820 349 403 112 62 34 20 1379
20150604 13:23:50 0 0 0 0 0 0 0 100 0 90 165 0 249 0 0.04 0.25 0.28 8177412 2270276 5907136 0 333268 1509416 204580 138736 538760 6289404 0 6289404 0 0 4 0 0 906404 0 6 28 0 0 0 0 22424 268 18 0 0 29 0 0 0 0 0 0 0 0 0 0 0 0 0 0 0 1 1 0 6 6 0 0 0 170750 1184 0 120588 0 0 0 0 0 0 0 0 0 0 0 0 0 0 0 0 0 0 0 1270 387 889 820 349 403 112 62 34 20 1379
20150604 13:24:00 0 0 0 0 0 0 0 100 0 91 171 0 249 0 0.03 0.24 0.28 8177412 2270140 5907272 0 333268 1509420 204580 138744 538760 6289404 0 6289404 0 0 20 0 0 906404 0 2 29 0 0 0 0 22424 268 18 0 0 29 1 0 0 0 0 1 1 0 0 0 0 0 0 0 0 0 0 0 2 2 0 0 0 170750 1184 0 120588 0 0 0 0 0 0 0 0 0 0 0 0 0 0 0 0 0 0 0 1280 393 892 820 349 403 112 62 34 20 1379
20150604 13:24:10 0 0 0 0 0 0 0 99 1 123 271 6 249 1 0.03 0.23 0.28 8177412 2272208 5905204 0 333268 1509444 204604 138720 538760 6289404 0 6289404 0 0 44 0 0 906424 0 8 1866 0 0 0 0 22436 268 18 0 0 29 0 0 0 0 0 2 2 0 0 0 0 0 0 0 0 1 1 0 8 8 0 1 1 170750 1152 0 120588 0 0 0 0 0 0 0 0 0 0 0 0 0 0 0 0 0 0 0 1101 362 825 819 349 403 112 62 34 20 1379
20150604 13:24:20 0 0 0 0 0 0 0 100 0 86 167 0 249 0 0.02 0.23 0.27 8177412 2271092 5906320 0 333268 1509444 204604 138744 538760 6289404 0 6289404 0 0 92 0 0 906424 0 0 28 0 0 0 0 22436 268 18 0 0 29 0 0 0 0 0 0 0 0 0 0 0 0 0 0 0 0 0 0 0 0 0 0 0 170750 1152 0 120588 0 0 0 0 0 0 0 0 0 0 0 0 0 0 0 0 0 0 0 1221 419 838 822 349 403 112 62 34 20 1379
20150604 13:24:30 0 0 0 0 0 0 0 100 0 87 169 0 249 0 0.02 0.22 0.27 8177412 2270348 5907064 0 333268 1509444 204604 138740 538760 6289404 0 6289404 0 0 56 0 0 906424 0 6 28 0 0 0 0 22436 268 18 0 0 29 0 0 0 0 0 0 0 0 0 0 0 0 0 0 0 1 1 0 6 6 0 0 0 170750 1152 0 120588 0 0 0 0 0 0 0 0 0 0 0 0 0 0 0 0 0 0 0 1230 462 856 822 349 403 112 62 34 20 1379
20150604 13:24:40 0 0 0 0 0 0 0 100 0 87 166 0 249 0 0.02 0.21 0.27 8177412 2270272 5907140 0 333268 1509444 204604 138832 538760 6289404 0 6289404 0 0 56 0 0 906424 0 0 28 0 0 0 0 22436 268 18 0 0 29 0 0 0 0 0 0 0 0 0 0 0 0 0 0 0 0 0 0 0 0 0 0 0 170750 1152 0 120588 0 0 0 0 0 0 0 0 0 0 0 0 0 0 0 0 0 0 0 1244 464 861 822 349 403 112 62 34 20 1379
20150604 13:24:50 0 0 0 0 0 0 0 100 0 88 167 0 249 0 0.01 0.20 0.27 8177412 2270136 5907276 0 333268 1509444 204604 138744 538760 6289404 0 6289404 0 0 4 0 0 906424 0 5 28 0 0 0 0 22436 268 18 0 0 29 0 0 0 0 0 0 0 0 0 0 0 0 0 0 0 1 1 0 5 5 0 0 0 170750 1152 0 120588 0 0 0 0 0 0 0 0 0 0 0 0 0 0 0 0 0 0 0 1247 464 861 822 349 403 112 62 34 20 1379
20150604 13:25:00 0 0 0 0 0 0 0 100 0 90 171 0 249 0 0.01 0.20 0.26 8177412 2269876 5907536 0 333268 1509444 204604 138640 538760 6289404 0 6289404 0 0 16 0 0 906424 0 3 29 0 0 0 0 22436 268 18 0 0 29 0 0 0 0 0 0 0 0 0 0 0 0 0 0 0 1 1 0 3 3 0 0 0 170750 1152 0 120588 0 0 0 0 0 0 0 0 0 0 0 0 0 0 0 0 0 0 0 1271 472 871 824 349 403 112 62 34 20 1379
20150604 13:25:10 0 0 0 0 0 0 0 99 1 125 280 6 249 1 0.01 0.19 0.26 8177412 2272404 5905008 0 333268 1509468 204632 138724 538760 6289404 0 6289404 0 0 44 0 0 906428 0 8 1962 0 0 0 0 22472 268 18 0 0 29 0 0 0 0 0 2 2 0 0 0 0 0 0 0 0 1 1 0 8 8 0 1 1 170750 1184 0 120588 0 0 0 0 0 0 0 0 0 0 0 0 0 0 0 0 0 0 0 1127 355 839 809 349 403 112 62 34 20 1379
20150604 13:25:20 0 0 0 0 0 0 0 100 0 87 169 0 248 0 0.01 0.18 0.26 8177412 2271264 5906148 0 333268 1509468 204596 138744 538760 6289404 0 6289404 0 0 92 0 0 906428 0 0 28 0 0 0 0 22436 268 18 0 0 29 0 0 0 0 0 0 0 0 0 0 0 0 0 0 0 0 0 0 0 0 0 0 0 170742 1184 0 120580 0 0 0 0 0 0 0 0 0 0 0 0 0 0 0 0 0 0 0 1209 393 860 812 349 403 112 62 34 20 1379
20150604 13:25:30 0 0 0 0 0 0 0 100 0 92 169 0 248 0 0.01 0.18 0.25 8177412 2270580 5906832 0 333268 1509468 204532 138744 538760 6289404 0 6289404 0 0 4 0 0 906428 0 11 29 0 0 0 0 22372 268 18 0 0 29 0 0 0 0 0 0 0 0 0 0 0 0 0 0 0 2 2 0 11 11 0 0 0 170742 1184 0 120580 0 0 0 0 0 0 0 0 0 0 0 0 0 0 0 0 0 0 0 1293 403 872 816 349 403 112 62 34 20 1379
20150604 13:25:40 0 0 0 0 0 0 0 100 0 87 166 0 248 0 0.01 0.17 0.25 8177412 2270260 5907152 0 333268 1509468 204532 138764 538760 6289404 0 6289404 0 0 0 0 0 906428 0 0 28 0 0 0 0 22372 268 18 0 0 29 0 0 0 0 0 0 0 0 0 0 0 0 0 0 0 0 0 0 0 0 0 0 0 170742 1184 0 120580 0 0 0 0 0 0 0 0 0 0 0 0 0 0 0 0 0 0 0 1300 413 873 818 349 403 112 62 34 20 1379
20150604 13:25:50 0 0 0 0 0 0 0 100 0 84 164 0 248 0 0.01 0.17 0.25 8177412 2270008 5907404 0 333268 1509468 204532 138748 538760 6289404 0 6289404 0 0 4 0 0 906428 0 0 28 0 0 0 0 22372 268 18 0 0 29 0 0 0 0 0 0 0 0 0 0 0 0 0 0 0 0 0 0 0 0 0 0 0 170742 1184 0 120580 0 0 0 0 0 0 0 0 0 0 0 0 0 0 0 0 0 0 0 1347 414 875 819 349 403 112 62 34 20 1379
20150604 13:26:00 0 0 0 0 0 0 0 100 0 89 171 0 248 0 0.00 0.16 0.24 8177412 2269996 5907416 0 333268 1509472 204532 138744 538760 6289404 0 6289404 0 0 20 0 0 906428 0 2 28 0 0 0 0 22372 268 18 0 0 29 0 0 0 0 0 0 0 0 0 0 0 0 0 0 0 0 0 0 2 2 0 0 0 170742 1184 0 120580 0 0 0 0 0 0 0 0 0 0 0 0 0 0 0 0 0 0 0 1344 415 876 819 349 403 112 62 34 20 1379
20150604 13:26:10 0 0 0 0 0 0 0 99 1 126 284 6 248 0 0.00 0.16 0.24 8177412 2272492 5904920 0 333268 1509496 204568 138748 538760 6289404 0 6289404 0 0 92 0 0 906448 0 9 1869 0 0 0 0 22392 268 18 0 0 29 0 0 0 0 0 2 2 0 0 0 0 0 0 0 0 1 1 0 9 9 0 1 1 170742 1184 0 120580 0 0 0 0 0 0 0 0 0 0 0 0 0 0 0 0 0 0 0 1143 356 867 819 336 404 112 62 34 20 1379
20150604 13:26:20 0 0 0 0 0 0 0 100 0 86 170 0 248 0 0.00 0.15 0.24 8177412 2270632 5906780 0 333268 1509496 204556 138748 538760 6289404 0 6289404 0 0 96 0 0 906448 0 0 28 0 0 0 0 22380 268 18 0 0 29 0 0 0 0 0 0 0 0 0 0 0 0 0 0 0 0 0 0 0 0 0 0 0 170742 1184 0 120580 0 0 0 0 0 0 0 0 0 0 0 0 0 0 0 0 0 0 0 1263 392 880 819 344 404 112 62 34 20 1379
20150604 13:26:30 0 0 0 0 0 0 0 100 0 87 172 0 248 0 0.00 0.15 0.24 8177412 2270116 5907296 0 333268 1509496 204556 138752 538760 6289404 0 6289404 0 0 56 0 0 906448 0 6 28 0 0 0 0 22380 268 18 0 0 29 1 0 0 0 0 0 0 0 0 0 0 0 0 0 0 1 1 0 6 6 0 0 0 170742 1184 0 120580 0 0 0 0 0 0 0 0 0 0 0 0 0 0 0 0 0 0 0 1310 393 894 822 344 404 112 62 34 20 1379
20150604 13:26:40 0 0 0 0 0 0 0 100 0 86 170 0 248 0 0.00 0.14 0.23 8177412 2269844 5907568 0 333268 1509496 204556 138752 538760 6289404 0 6289404 0 0 56 0 0 906448 0 0 28 0 0 0 0 22380 268 18 0 0 29 0 0 0 0 0 0 0 0 0 0 0 0 0 0 0 0 0 0 0 0 0 0 0 170742 1184 0 120580 0 0 0 0 0 0 0 0 0 0 0 0 0 0 0 0 0 0 0 1346 397 896 824 344 404 112 62 34 20 1379
20150604 13:26:50 0 0 0 0 0 0 0 100 0 89 167 0 248 0 0.00 0.14 0.23 8177412 2269828 5907584 0 333268 1509496 204556 138752 538760 6289404 0 6289404 0 0 0 0 0 906448 0 6 28 0 0 0 0 22380 268 18 0 0 29 0 0 0 0 0 0 0 0 0 0 0 0 0 0 0 1 1 0 6 6 0 0 0 170742 1184 0 120580 0 0 0 0 0 0 0 0 0 0 0 0 0 0 0 0 0 0 0 1340 398 898 824 344 404 112 62 34 20 1379
20150604 13:27:00 0 0 0 0 0 0 0 100 0 88 172 0 248 0 0.00 0.13 0.23 8177412 2269688 5907724 0 333268 1509496 204556 138748 538760 6289404 0 6289404 0 0 16 0 0 906448 0 2 28 0 0 0 0 22380 268 18 0 0 29 0 0 0 0 0 0 0 0 0 0 0 0 0 0 0 0 0 0 2 2 0 0 0 170742 1184 0 120580 0 0 0 0 0 0 0 0 0 0 0 0 0 0 0 0 0 0 0 1363 396 902 824 344 404 112 62 34 20 1379
20150604 13:27:10 0 0 0 0 0 0 0 99 1 124 279 6 248 1 0.00 0.13 0.22 8177412 2272156 5905256 0 333268 1509524 204568 138732 538760 6289404 0 6289404 0 0 44 0 0 906460 0 8 1873 0 0 0 0 22404 268 18 0 0 29 0 0 0 0 0 2 2 0 0 0 0 0 0 0 0 1 1 0 8 8 0 1 1 170742 1152 0 120580 0 0 0 0 0 0 0 0 0 0 0 0 0 0 0 0 0 0 0 1145 326 841 824 345 404 112 62 34 20 1379
20150604 13:27:20 0 0 0 0 0 0 0 100 0 85 169 0 248 0 0.00 0.12 0.22 8177412 2270792 5906620 0 333268 1509524 204568 138756 538760 6289404 0 6289404 0 0 96 0 0 906460 0 0 29 0 0 0 0 22404 268 18 0 0 29 0 0 0 0 0 0 0 0 0 0 0 0 0 0 0 0 0 0 0 0 0 0 0 170742 1152 0 120580 0 0 0 0 0 0 0 0 0 0 0 0 0 0 0 0 0 0 0 1290 374 862 826 345 404 112 62 34 20 1379
20150604 13:27:30 0 0 0 0 0 0 0 100 0 86 171 0 248 0 0.00 0.12 0.22 8177412 2270072 5907340 0 333268 1509524 204568 138756 538760 6289404 0 6289404 0 0 60 0 0 906460 0 5 28 0 0 0 0 22404 268 18 0 0 29 0 0 0 0 0 0 0 0 0 0 0 0 0 0 0 1 1 0 5 5 0 0 0 170742 1152 0 120580 0 0 0 0 0 0 0 0 0 0 0 0 0 0 0 0 0 0 0 1287 378 890 830 345 404 112 62 34 20 1379
20150604 13:27:40 0 0 0 0 0 0 0 100 0 87 172 0 248 0 0.00 0.12 0.22 8177412 2269800 5907612 0 333268 1509524 204568 138752 538760 6289404 0 6289404 0 0 68 0 0 906460 0 3 28 0 0 0 0 22404 268 18 0 0 29 0 0 0 0 0 0 0 0 0 0 0 0 0 0 0 0 0 0 3 3 0 0 0 170742 1120 0 120580 0 0 0 0 0 0 0 0 0 0 0 0 0 0 0 0 0 0 0 1326 392 896 831 345 404 112 62 34 20 1379
20150604 13:27:50 0 0 0 0 0 0 0 100 0 89 167 0 248 0 0.00 0.11 0.22 8177412 2269540 5907872 0 333268 1509524 204568 138756 538760 6289404 0 6289404 0 0 4 0 0 906460 0 6 28 0 0 0 0 22404 268 18 0 0 29 0 0 0 0 0 0 0 0 0 0 0 0 0 0 0 1 1 0 6 6 0 0 0 170742 1120 0 120580 0 0 0 0 0 0 0 0 0 0 0 0 0 0 0 0 0 0 0 1331 407 900 831 345 404 112 62 34 20 1379
20150604 13:28:00 0 0 0 0 0 0 0 100 0 88 172 0 248 0 0.00 0.11 0.22 8177412 2269460 5907952 0 333268 1509532 204568 138752 538760 6289404 0 6289404 0 0 24 0 0 906460 0 2 28 0 0 0 0 22404 268 18 0 0 29 0 0 0 0 0 0 0 0 0 0 0 0 0 0 0 0 0 0 2 2 0 0 0 170742 1120 0 120580 0 0 0 0 0 0 0 0 0 0 0 0 0 0 0 0 0 0 0 1316 406 901 833 345 404 112 62 34 20 1379
20150604 13:28:10 0 0 0 0 0 0 0 99 1 124 269 6 248 1 0.00 0.10 0.21 8177412 2272144 5905268 0 333268 1509556 204552 138736 538760 6289404 0 6289404 0 0 96 0 0 906484 0 9 1872 0 0 0 0 22380 268 18 0 0 29 0 0 0 0 0 2 2 0 0 0 0 0 0 0 0 1 1 0 9 9 0 1 1 170742 1216 0 120580 0 0 0 0 0 0 0 0 0 0 0 0 0 0 0 0 0 0 0 1177 385 810 825 345 404 112 62 34 20 1379
20150604 13:28:20 0 0 0 0 0 0 0 100 0 86 170 0 248 0 0.00 0.10 0.21 8177412 2270604 5906808 0 333268 1509556 204584 138756 538760 6289404 0 6289404 0 0 100 0 0 906484 0 0 29 0 0 0 0 22412 268 18 0 0 29 0 0 0 0 0 0 0 0 0 0 0 0 0 0 0 0 0 0 0 0 0 0 0 170742 1216 0 120580 0 0 0 0 0 0 0 0 0 0 0 0 0 0 0 0 0 0 0 1328 413 839 825 345 404 112 62 34 20 1379
20150604 13:28:30 0 0 0 0 0 0 0 100 0 87 172 0 249 1 0.00 0.10 0.21 8177412 2270100 5907312 0 333268 1509556 204584 138732 538760 6289404 0 6289404 0 0 56 0 0 906484 0 6 28 0 0 0 0 22412 268 18 0 0 29 0 0 0 0 0 0 0 0 0 0 0 0 0 0 0 1 1 0 6 6 0 0 0 170742 1216 0 120580 0 0 0 0 0 0 0 0 0 0 0 0 0 0 0 0 0 0 0 1395 414 859 826 345 404 112 62 34 20 1379
20150604 13:28:40 0 0 0 0 0 0 0 100 0 86 170 0 249 0 0.00 0.10 0.21 8177412 2269824 5907588 0 333268 1509556 204584 138760 538760 6289404 0 6289404 0 0 56 0 0 906484 0 0 28 0 0 0 0 22412 268 18 0 0 29 0 0 0 0 0 0 0 0 0 0 0 0 0 0 0 0 0 0 0 0 0 0 0 170742 1216 0 120580 0 0 0 0 0 0 0 0 0 0 0 0 0 0 0 0 0 0 0 1394 414 871 826 345 404 112 62 34 20 1379
20150604 13:28:50 0 0 0 0 0 0 0 100 0 98 196 1 249 0 0.00 0.09 0.21 8177412 2270224 5907188 0 333268 1509556 204584 138688 538760 6289404 0 6289404 0 0 12 0 0 906484 0 8 331 0 0 0 0 22420 268 18 0 0 29 0 0 0 0 0 0 0 0 0 0 0 0 0 0 0 2 2 0 8 8 0 0 0 170742 1152 0 120580 0 0 0 0 0 0 0 0 0 0 0 0 0 0 0 0 0 0 0 1246 414 873 826 345 404 112 62 34 20 1379
