################################################################################
# Collectl:   V3.6.0-1  HiRes: 1  Options: -o z -D -P -i 10 -f /mnt/vol2/msevilla/ceph-logs/client/cpu/ 
# Host:       issdm-5  DaemonOpts: -f /var/log/collectl -r00:00,7 -m -F60 -s+YZ
# Distro:       Platform: H8DMR-82
# Date:       20150604-130347  Secs: 1433448227 TZ: -0700
# SubSys:     bcdfijmnstYZ Options: z Interval: 10:60 NumCPUs: 4  NumBud: 4 Flags: i
# Filters:    NfsFilt:  EnvFilt: 
# HZ:         100  Arch: x86_64-linux-gnu-thread-multi PageSize: 4096
# Cpu:        AuthenticAMD Speed(MHz): 2010.289 Cores: 2  Siblings: 2
# Kernel:     3.4.0-030400-generic  Memory: 8177412 kB  Swap: 8386556 kB
# NumDisks:   4 DiskNames: sda sdb sdc sdd
# NumNets:    4 NetNames: eth0:?? eth1:1000 eth2:1000 lo:
# NumSlabs:   133 Version: 2.1
# IConnect:   NumHCAs: 1 PortStates: 0 IBVersion:  PQVersion: 
# SCSI:       CD:0:00:01:00 DA:2:00:00:00 DA:3:00:00:00 DA:4:00:00:00 DA:5:00:00:00
################################################################################
#Date Time [CPU]User% [CPU]Nice% [CPU]Sys% [CPU]Wait% [CPU]Irq% [CPU]Soft% [CPU]Steal% [CPU]Idle% [CPU]Totl% [CPU]Intrpt/sec [CPU]Ctx/sec [CPU]Proc/sec [CPU]ProcQue [CPU]ProcRun [CPU]L-Avg1 [CPU]L-Avg5 [CPU]L-Avg15 [MEM]Tot [MEM]Used [MEM]Free [MEM]Shared [MEM]Buf [MEM]Cached [MEM]Slab [MEM]Map [MEM]Commit [MEM]SwapTot [MEM]SwapUsed [MEM]SwapFree [MEM]SwapIn [MEM]SwapOut [MEM]Dirty [MEM]Clean [MEM]Laundry [MEM]Inactive [MEM]PageIn [MEM]PageOut [MEM]PageFaults [MEM]PageMajFaults [MEM]HugeTotal [MEM]HugeFree [MEM]HugeRsvd [MEM]SUnreclaim [SOCK]Used [SOCK]Tcp [SOCK]Orph [SOCK]Tw [SOCK]Alloc [SOCK]Mem [SOCK]Udp [SOCK]Raw [SOCK]Frag [SOCK]FragMem [NET]RxPktTot [NET]TxPktTot [NET]RxKBTot [NET]TxKBTot [NET]RxCmpTot [NET]RxMltTot [NET]TxCmpTot [NET]RxErrsTot [NET]TxErrsTot [DSK]ReadTot [DSK]WriteTot [DSK]OpsTot [DSK]ReadKBTot [DSK]WriteKBTot [DSK]KbTot [DSK]ReadMrgTot [DSK]WriteMrgTot [DSK]MrgTot [INODE]NumDentry [INODE]openFiles [INODE]MaxFile% [INODE]used [NFS]ReadsS [NFS]WritesS [NFS]MetaS [NFS]CommitS [NFS]Udp [NFS]Tcp [NFS]TcpConn [NFS]BadAuth [NFS]BadClient [NFS]ReadsC [NFS]WritesC [NFS]MetaC [NFS]CommitC [NFS]Retrans [NFS]AuthRef [TCP]PureAcks [TCP]HPAcks [TCP]Loss [TCP]FTrans [BUD]1Page [BUD]2Pages [BUD]4Pages [BUD]8Pages [BUD]16Pages [BUD]32Pages [BUD]64Pages [BUD]128Pages [BUD]256Pages [BUD]512Pages [BUD]1024Pages
20150604 13:04:10 2 0 2 0 0 0 0 95 5 2264 4470 38 249 3 0.10 0.05 0.08 8177412 2318864 5858548 0 361200 1504056 228920 138020 536436 8386556 0 8386556 0 0 104 0 0 906008 0 14 13634 0 0 0 0 24468 290 32 0 0 46 2 0 0 0 0 196 170 80 37 0 0 0 0 0 0 1 1 0 14 14 0 2 2 190132 1216 0 140802 0 0 0 0 0 0 0 0 0 0 0 2 0 0 3 3 98 0 0 575 459 330 1253 671 471 385 106 89 22 1322
20150604 13:04:20 2 0 3 0 0 0 0 96 4 7444 15662 0 249 0 0.24 0.08 0.09 8177412 2321240 5856172 0 361200 1504056 229068 141972 536536 8386556 0 8386556 0 0 136 0 0 906008 0 17 132 0 0 0 0 24616 290 32 0 0 46 2 0 0 0 0 804 685 344 160 0 0 0 0 0 0 2 2 0 17 17 0 2 2 190127 1216 0 140797 0 0 0 0 0 0 0 0 0 0 0 0 0 0 0 0 458 0 0 803 467 305 1169 671 471 385 106 89 22 1322
20150604 13:04:30 2 0 2 0 0 0 0 96 4 7557 16193 0 250 0 0.20 0.08 0.09 8177412 2320492 5856920 0 361200 1504056 229052 142388 544860 8386556 0 8386556 0 0 4 0 0 906008 0 18 39 0 0 0 0 24600 290 32 0 0 46 2 0 0 0 0 829 703 357 163 0 0 0 0 0 0 3 3 0 18 18 0 2 2 190115 1216 0 140785 0 0 0 0 0 0 0 0 0 0 0 0 0 0 0 1 473 0 0 917 476 318 1163 672 471 385 106 89 22 1322
20150604 13:04:40 2 0 2 0 0 0 0 96 4 7797 16028 0 250 0 0.17 0.07 0.09 8177412 2320224 5857188 0 361200 1504056 228848 142692 544860 8386556 0 8386556 0 0 8 0 0 906008 0 1 36 0 0 0 0 24396 290 32 0 0 46 2 0 0 0 0 804 683 344 157 0 0 0 0 0 0 0 0 0 1 1 0 0 0 190100 1216 0 140770 0 0 0 0 0 0 0 0 0 0 0 0 0 0 0 0 454 0 0 940 486 322 1163 672 471 385 106 89 22 1322
20150604 13:04:50 2 0 2 0 0 0 0 96 4 7885 16259 0 250 0 0.37 0.12 0.11 8177412 2320504 5856908 0 361200 1504056 228948 142748 544860 8386556 0 8386556 0 0 8 0 0 906008 0 6 30 0 0 0 0 24496 290 32 0 0 46 2 0 0 0 0 814 689 352 161 0 0 0 0 0 0 1 1 0 6 6 0 0 0 190105 1216 0 140775 0 0 0 0 0 0 0 0 0 0 0 0 0 0 0 1 468 0 0 900 484 311 1164 672 471 385 106 89 22 1322
20150604 13:05:00 2 0 2 0 0 0 0 96 4 7727 15949 0 250 0 0.46 0.15 0.12 8177412 2320584 5856828 0 361200 1504064 228980 142772 544860 8386556 0 8386556 0 0 20 0 0 906016 0 2 29 0 0 0 0 24528 290 32 0 0 46 2 0 0 0 0 809 686 346 159 0 0 0 0 0 0 0 0 0 2 2 0 0 0 190110 1216 0 140781 0 0 0 0 0 0 0 0 0 0 0 0 0 0 0 1 456 0 0 911 485 309 1161 673 471 385 106 89 22 1322
20150604 13:05:10 2 0 2 0 0 0 0 95 5 7797 16212 6 250 1 0.39 0.14 0.12 8177412 2323808 5853604 0 361200 1504088 228820 142896 544980 8386556 0 8386556 0 0 88 0 0 906040 0 8 1967 0 0 0 0 24364 290 32 0 0 46 2 0 0 0 0 794 675 345 158 0 0 0 0 0 0 1 1 0 8 8 0 1 1 190104 1248 0 140775 0 0 0 0 0 0 0 0 0 0 0 0 0 0 0 0 457 0 0 905 525 335 1059 665 471 385 106 89 22 1322
20150604 13:05:20 2 0 2 0 0 0 0 96 4 7555 16030 0 250 0 0.33 0.14 0.12 8177412 2322572 5854840 0 361200 1504088 228944 142924 544980 8386556 0 8386556 0 0 36 0 0 906040 0 7 29 0 0 0 0 24492 290 32 0 0 46 2 0 0 0 0 807 685 348 160 0 0 0 0 0 0 1 1 0 7 7 0 0 0 190135 1248 0 140805 0 0 0 0 0 0 0 0 0 0 0 0 0 0 0 1 464 0 0 922 546 337 1090 666 471 385 106 89 22 1322
20150604 13:05:30 2 0 2 0 0 0 0 97 3 7040 15049 0 250 0 0.35 0.15 0.12 8177412 2321972 5855440 0 361200 1504088 228964 142924 544980 8386556 0 8386556 0 0 28 0 0 906040 0 1 28 0 0 0 0 24508 290 32 0 0 46 2 0 0 0 0 787 675 334 158 0 0 0 0 0 0 0 0 0 1 1 0 0 0 190130 1248 0 140800 0 0 0 0 0 0 0 0 0 0 0 0 0 0 0 0 448 0 0 889 534 335 1104 667 471 385 106 89 22 1322
20150604 13:05:40 2 0 2 0 0 0 0 96 4 7916 16459 0 250 1 0.30 0.15 0.12 8177412 2321836 5855576 0 361200 1504088 228848 142924 544980 8386556 0 8386556 0 0 4 0 0 906040 0 3 28 0 0 0 0 24396 290 32 0 0 46 2 0 0 0 0 829 702 356 164 0 0 0 0 0 0 0 0 0 3 3 0 0 0 190147 1248 0 140818 0 0 0 0 0 0 0 0 0 0 0 0 0 0 0 1 472 0 0 892 531 341 1106 667 471 385 106 89 22 1322
20150604 13:05:50 2 0 2 0 0 0 0 97 3 6339 13380 0 250 0 0.25 0.14 0.12 8177412 2321792 5855620 0 361200 1504088 228944 142924 544980 8386556 0 8386556 0 0 4 0 0 906040 0 3 28 0 0 0 0 24492 290 32 0 0 46 2 0 0 0 0 665 566 289 134 0 0 0 0 0 0 1 1 0 3 3 0 0 0 189978 1248 0 140648 0 0 0 0 0 0 0 0 0 0 0 0 0 0 0 0 389 0 0 915 529 338 1107 667 471 385 106 89 22 1322
20150604 13:06:00 2 0 2 0 0 0 0 96 4 7555 15663 0 250 0 0.21 0.14 0.12 8177412 2321604 5855808 0 361200 1504096 228896 142928 544980 8386556 0 8386556 0 0 20 0 0 906044 0 1 28 0 0 0 0 24444 290 32 0 0 46 2 0 0 0 0 790 671 338 158 0 0 0 0 0 0 0 0 0 1 1 0 0 0 190106 1248 0 140776 0 0 0 0 0 0 0 0 0 0 0 0 0 0 0 1 451 0 0 943 531 339 1107 668 471 385 106 89 22 1322
20150604 13:06:10 2 0 2 0 0 0 0 95 5 7486 15372 6 251 2 0.33 0.16 0.13 8177412 2323848 5853564 0 361204 1504120 228892 143236 553312 8386556 0 8386556 0 0 84 0 0 906060 0 8 1875 0 0 0 0 24400 290 32 0 0 46 2 0 0 0 0 759 642 328 149 0 0 0 0 0 0 1 1 0 8 8 0 1 1 190093 1248 0 140763 0 0 0 0 0 0 0 0 0 0 0 0 0 0 0 0 436 0 0 893 508 338 1070 661 471 385 106 89 22 1322
20150604 13:06:20 2 0 3 0 0 0 0 96 4 7563 15504 0 251 2 0.36 0.18 0.13 8177412 2322488 5854924 0 361204 1504120 228984 143268 553312 8386556 0 8386556 0 0 88 0 0 906064 0 2 30 0 0 0 0 24528 290 32 0 0 46 2 0 0 0 0 785 664 336 154 0 0 0 0 0 0 0 0 0 2 2 0 0 0 190105 1248 0 140775 0 0 0 0 0 0 0 0 0 0 0 0 0 0 0 1 441 0 0 996 562 347 1081 663 471 385 106 89 22 1322
20150604 13:06:30 2 0 2 0 0 0 0 96 4 6845 14036 0 251 0 0.30 0.17 0.13 8177412 2321588 5855824 0 361204 1504120 228820 143268 553312 8386556 0 8386556 0 0 52 0 0 906064 0 8 34 0 0 0 0 24368 290 32 0 0 46 2 0 0 0 0 706 600 302 139 0 0 0 0 0 0 1 1 0 8 8 0 0 0 190038 1248 0 140708 0 0 0 0 0 0 0 0 0 0 0 0 0 0 0 1 398 0 0 1007 546 356 1098 664 471 385 106 89 22 1322
20150604 13:06:40 2 0 2 0 0 0 0 96 4 7675 15590 0 251 0 0.34 0.18 0.13 8177412 2321468 5855944 0 361204 1504120 228868 143272 553312 8386556 0 8386556 0 0 4 0 0 906064 0 0 28 0 0 0 0 24416 290 32 0 0 46 2 0 0 0 0 788 668 338 155 0 0 0 0 0 0 0 0 0 0 0 0 0 0 190130 1248 0 140801 0 0 0 0 0 0 0 0 0 0 0 0 0 0 0 0 447 0 0 1016 550 352 1098 664 471 385 106 89 22 1322
20150604 13:06:50 2 0 2 0 0 0 0 96 4 7363 15016 0 252 3 0.36 0.19 0.14 8177412 2321464 5855948 0 361204 1504120 228884 143272 553312 8386556 0 8386556 0 0 4 0 0 906064 0 2 28 0 0 0 0 24432 290 32 0 0 46 2 0 0 0 0 749 637 322 149 0 0 0 0 0 0 0 0 0 2 2 0 0 0 190087 1248 0 140757 0 0 0 0 0 0 0 0 0 0 0 0 0 0 0 1 428 0 0 986 549 355 1100 664 471 385 106 89 22 1322
20150604 13:07:00 2 0 2 0 0 0 0 96 4 7509 15320 0 252 0 0.38 0.20 0.14 8177412 2321292 5856120 0 361204 1504124 228740 143272 553312 8386556 0 8386556 0 0 24 0 0 906060 0 1 28 0 0 0 0 24288 290 32 0 0 46 2 0 0 0 0 765 652 327 153 0 0 0 0 0 0 0 0 0 1 1 0 0 0 190065 1248 0 140736 0 0 0 0 0 0 0 0 0 0 0 0 0 0 0 0 434 0 0 960 563 360 1103 664 471 385 106 89 22 1322
20150604 13:07:10 2 0 3 0 0 0 0 95 5 7516 15565 6 252 0 0.47 0.23 0.15 8177412 2323892 5853520 0 361204 1504148 228848 143280 553312 8386556 0 8386556 0 0 92 0 0 906084 0 8 1872 0 0 0 0 24372 290 32 0 0 46 2 0 0 0 0 791 672 337 157 0 0 0 0 0 0 1 1 0 8 8 0 1 1 190128 1248 0 140799 0 0 0 0 0 0 0 0 0 0 0 0 0 0 0 0 448 0 0 914 502 337 1072 659 471 385 106 89 22 1322
20150604 13:07:20 2 0 2 0 0 0 0 96 4 7450 15177 0 252 0 0.40 0.22 0.15 8177412 2322260 5855152 0 361204 1504148 228680 143280 553312 8386556 0 8386556 0 0 88 0 0 906084 0 2 28 0 0 0 0 24228 290 32 0 0 46 2 0 0 0 0 761 649 326 152 0 0 0 0 0 0 0 0 0 2 2 0 0 0 190130 1248 0 140800 0 0 0 0 0 0 0 0 0 0 0 0 0 0 0 1 437 0 0 990 571 363 1080 661 471 385 106 89 22 1322
20150604 13:07:30 2 0 2 0 0 0 0 96 4 7266 15025 0 252 2 0.34 0.21 0.15 8177412 2321952 5855460 0 361204 1504148 228800 143292 553312 8386556 0 8386556 0 0 52 0 0 906084 0 4 28 0 0 0 0 24348 290 32 0 0 46 2 0 0 0 0 768 651 326 150 0 0 0 0 0 0 0 0 0 4 4 0 0 0 190093 1248 0 140763 0 0 0 0 0 0 0 0 0 0 0 0 0 0 0 1 428 0 0 1003 585 363 1080 661 471 385 106 89 22 1322
20150604 13:07:40 2 0 2 0 0 0 0 96 4 6736 13790 0 252 0 0.36 0.22 0.15 8177412 2321768 5855644 0 361204 1504148 228880 143292 553312 8386556 0 8386556 0 0 4 0 0 906084 0 5 28 0 0 0 0 24428 290 32 0 0 46 2 0 0 0 0 701 596 299 140 0 0 0 0 0 0 1 1 0 5 5 0 0 0 189972 1248 0 140643 0 0 0 0 0 0 0 0 0 0 0 0 0 0 0 1 396 0 0 1005 587 360 1081 662 471 385 106 89 22 1322
20150604 13:07:50 2 0 2 0 0 0 0 97 3 6484 13084 0 252 0 0.38 0.23 0.15 8177412 2321720 5855692 0 361204 1504148 228848 143288 553312 8386556 0 8386556 0 0 4 0 0 906084 0 2 28 0 0 0 0 24396 289 31 0 1 45 2 0 0 0 0 658 558 281 131 0 0 0 0 0 0 0 0 0 2 2 0 0 0 190143 1248 0 140812 0 0 0 0 0 0 0 0 0 0 0 0 0 0 0 0 377 0 0 993 595 359 1082 662 471 385 106 89 22 1322
20150604 13:08:00 2 0 2 0 0 0 0 96 4 7291 14863 0 252 1 0.40 0.24 0.16 8177412 2321608 5855804 0 361204 1504152 228752 143288 553312 8386556 0 8386556 0 0 24 0 0 906076 0 2 29 0 0 0 0 24300 289 31 0 1 45 2 0 0 0 0 746 634 319 147 0 0 0 0 0 0 0 0 0 2 2 0 0 0 190099 1248 0 140769 0 0 0 0 0 0 0 0 0 0 0 0 0 0 0 1 422 0 0 999 595 372 1079 662 471 385 106 89 22 1322
20150604 13:08:10 2 0 2 0 0 0 0 95 5 6868 14661 6 252 0 0.42 0.25 0.16 8177412 2324040 5853372 0 361204 1504180 228948 143292 553312 8386556 0 8386556 0 0 96 0 0 906100 0 8 1874 0 0 0 0 24460 289 31 0 1 45 2 0 0 0 0 748 635 321 148 0 0 0 0 0 0 1 1 0 8 8 0 1 1 190068 1280 0 140738 0 0 0 0 0 0 0 0 0 0 0 0 0 0 0 1 426 0 0 871 506 371 1039 663 471 385 106 89 22 1322
20150604 13:08:20 2 0 2 0 0 0 0 96 4 7515 15104 0 252 0 0.51 0.27 0.17 8177412 2322492 5854920 0 361204 1504180 228980 143284 553312 8386556 0 8386556 0 0 96 0 0 906100 0 2 28 0 0 0 0 24524 289 31 0 1 45 2 0 0 0 0 753 643 325 152 0 0 0 0 0 0 0 0 0 2 2 0 0 0 190104 1280 0 140774 0 0 0 0 0 0 0 0 0 0 0 0 0 0 0 0 440 0 0 1005 556 379 1054 665 471 385 106 89 22 1322
20150604 13:08:30 1 0 1 0 0 0 0 98 2 4590 9491 1 252 1 0.43 0.26 0.17 8177412 2322660 5854752 0 361204 1504180 229044 143288 553308 8386556 0 8386556 0 0 64 0 0 906100 0 4 332 0 0 0 0 24588 289 31 0 1 45 2 0 0 0 0 478 406 207 95 0 0 0 0 0 0 0 0 0 4 4 0 0 0 190057 1248 0 140727 0 0 0 0 0 0 0 0 0 0 0 0 0 0 0 1 274 0 0 951 565 374 1060 665 471 385 106 89 22 1322
20150604 13:08:40 2 0 2 0 0 0 0 96 4 7222 14980 0 252 2 0.52 0.29 0.18 8177412 2322012 5855400 0 361204 1504180 228864 143284 553308 8386556 0 8386556 0 0 12 0 0 906096 0 7 28 0 0 0 0 24412 289 31 0 1 45 2 0 0 0 0 771 654 330 152 0 0 0 0 0 0 2 2 0 7 7 0 0 0 190076 1248 0 140746 0 0 0 0 0 0 0 0 0 0 0 0 0 0 0 0 437 0 0 975 576 377 1065 665 471 385 106 89 22 1322
20150604 13:08:50 2 0 2 0 0 0 0 96 4 7315 14796 0 252 0 0.44 0.28 0.17 8177412 2321692 5855720 0 361204 1504180 228880 143284 553308 8386556 0 8386556 0 0 28 0 0 906096 0 5 28 0 0 0 0 24428 289 31 0 0 45 2 0 0 0 0 744 632 319 147 0 0 0 0 0 0 1 1 0 5 5 0 0 0 190096 1248 0 140765 0 0 0 0 0 0 0 0 0 0 0 0 0 0 0 1 420 0 0 1004 565 378 1074 665 471 385 106 89 22 1322
20150604 13:09:00 2 0 2 0 0 0 0 96 4 7467 15313 0 252 0 0.45 0.29 0.18 8177412 2321552 5855860 0 361204 1504184 228880 143284 553308 8386556 0 8386556 0 0 44 0 0 906092 0 2 28 0 0 0 0 24428 289 31 0 0 45 2 0 0 0 0 756 638 328 150 0 0 0 0 0 0 0 0 0 2 2 0 0 0 190069 1248 0 140739 0 0 0 0 0 0 0 0 0 0 0 0 0 0 0 1 435 0 0 1028 569 376 1075 665 471 385 106 89 22 1322
20150604 13:09:10 2 0 2 0 0 0 0 95 5 7537 15609 6 252 1 0.46 0.29 0.18 8177412 2324588 5852824 0 361204 1504212 228980 143280 553312 8386556 0 8386556 0 0 92 0 0 906112 0 10 2237 0 0 0 0 24488 288 30 0 1 44 2 0 0 0 0 792 678 338 157 0 0 0 0 0 0 1 1 0 10 10 0 1 1 190093 1280 0 140762 0 0 0 0 0 0 0 0 0 0 0 0 0 0 0 1 448 0 0 935 546 354 1040 655 471 385 106 89 22 1322
20150604 13:09:20 2 0 2 0 0 0 0 96 4 7246 14879 0 252 0 0.47 0.30 0.18 8177412 2322920 5854492 0 361204 1504212 228888 143280 553312 8386556 0 8386556 0 0 92 0 0 906112 0 2 28 0 0 0 0 24432 288 30 0 1 44 2 0 0 0 0 758 645 325 151 0 0 0 0 0 0 0 0 0 2 2 0 0 0 190104 1280 0 140772 0 0 0 0 0 0 0 0 0 0 0 0 0 0 0 1 435 0 0 1017 620 373 1044 658 471 385 106 89 22 1322
20150604 13:09:30 1 0 2 0 0 0 0 97 3 6491 13507 0 252 0 0.40 0.29 0.18 8177412 2322356 5855056 0 361204 1504212 228884 143276 553312 8386556 0 8386556 0 0 52 0 0 906112 0 4 28 0 0 0 0 24432 288 30 0 1 44 2 0 0 0 0 681 581 293 136 0 0 0 0 0 0 0 0 0 4 4 0 0 0 190152 1280 0 140820 0 0 0 0 0 0 0 0 0 0 0 0 0 0 0 1 391 0 0 980 603 375 1057 660 471 385 106 89 22 1322
20150604 13:09:40 2 0 2 0 0 0 0 96 4 6569 13245 0 252 0 0.34 0.28 0.18 8177412 2322184 5855228 0 361204 1504212 228932 143276 553312 8386556 0 8386556 0 0 60 0 0 906108 0 4 28 0 0 0 0 24480 288 30 0 1 44 2 0 0 0 0 660 561 285 132 0 0 0 0 0 0 0 0 0 4 4 0 0 0 190143 1280 0 140812 0 0 0 0 0 0 0 0 0 0 0 0 0 0 0 1 384 0 0 1019 598 377 1059 660 471 385 106 89 22 1322
20150604 13:09:50 2 0 2 0 0 0 0 96 4 7465 15175 0 252 3 0.29 0.27 0.18 8177412 2322104 5855308 0 361204 1504212 228996 143272 553312 8386556 0 8386556 0 0 4 0 0 906108 0 7 28 0 0 0 0 24544 288 30 0 1 44 2 0 0 0 0 773 656 330 153 0 0 0 0 0 0 2 2 0 7 7 0 0 0 190146 1280 0 140815 0 0 0 0 0 0 0 0 0 0 0 0 0 0 0 1 436 0 0 1022 607 372 1059 661 471 385 106 89 22 1322
20150604 13:10:00 2 0 2 0 0 0 0 96 4 7087 14638 0 252 2 0.24 0.26 0.18 8177412 2322004 5855408 0 361204 1504216 229044 143220 553312 8386556 0 8386556 0 0 24 0 0 906100 0 1 29 0 0 0 0 24592 288 30 0 1 44 2 0 0 0 0 751 635 321 148 0 0 0 0 0 0 0 0 0 1 1 0 0 0 190088 1280 0 140756 0 0 0 0 0 0 0 0 0 0 0 0 0 0 0 1 422 0 0 1035 609 374 1059 661 471 385 106 89 22 1322
20150604 13:10:10 2 0 2 0 0 0 0 95 4 6373 13510 6 252 1 0.21 0.25 0.17 8177412 2324148 5853264 0 361204 1504240 228800 143220 553312 8386556 0 8386556 0 0 92 0 0 906120 0 8 1872 0 0 0 0 24348 288 30 0 0 44 2 0 0 0 0 706 602 301 141 0 0 0 0 0 0 1 1 0 8 8 0 1 1 190134 1280 0 140803 0 0 0 0 0 0 0 0 0 0 0 0 0 0 0 1 405 0 0 938 576 382 1012 663 471 385 106 89 22 1322
20150604 13:10:20 2 0 2 0 0 0 0 97 3 7344 15044 0 252 0 0.17 0.25 0.17 8177412 2323068 5854344 0 361204 1504240 228964 143216 553312 8386556 0 8386556 0 0 92 0 0 906120 0 2 28 0 0 0 0 24508 288 30 0 0 44 2 0 0 0 0 777 659 331 151 0 0 0 0 0 0 0 0 0 2 2 0 0 0 190071 1280 0 140739 0 0 0 0 0 0 0 0 0 0 0 0 0 0 0 1 434 0 0 999 629 386 1019 663 471 385 106 89 22 1322
20150604 13:10:30 1 0 2 0 0 0 0 97 3 6549 13434 0 252 0 0.15 0.24 0.17 8177412 2322300 5855112 0 361204 1504240 228944 143216 553312 8386556 0 8386556 0 0 52 0 0 906120 0 4 28 0 0 0 0 24492 288 30 0 0 44 0 0 0 0 0 675 572 289 133 0 0 0 0 0 0 0 0 0 4 4 0 0 0 189924 1280 0 140593 0 0 0 0 0 0 0 0 0 0 0 0 0 0 0 1 380 0 0 1030 636 394 1031 663 471 385 106 89 22 1322
20150604 13:10:40 2 0 2 0 0 0 0 96 4 6623 13520 0 252 2 0.12 0.23 0.17 8177412 2321980 5855432 0 361204 1504240 228800 143220 553312 8386556 0 8386556 0 0 4 0 0 906120 0 5 28 0 0 0 0 24348 288 30 0 0 44 2 0 0 0 0 685 584 293 136 0 0 0 0 0 0 1 1 0 5 5 0 0 0 190083 1280 0 140752 0 0 0 0 0 0 0 0 0 0 0 0 0 0 0 1 387 0 0 1033 642 400 1033 662 472 385 106 89 22 1322
20150604 13:10:50 2 0 2 0 0 0 0 96 4 7428 15265 0 252 2 0.18 0.24 0.17 8177412 2322104 5855308 0 361204 1504240 228944 143216 553312 8386556 0 8386556 0 0 4 0 0 906120 0 2 28 0 0 0 0 24492 288 30 0 0 44 2 0 0 0 0 776 659 331 154 0 0 0 0 0 0 0 0 0 2 2 0 0 0 190068 1280 0 140737 0 0 0 0 0 0 0 0 0 0 0 0 0 0 0 0 438 0 0 1013 641 386 1039 662 472 385 106 89 22 1322
20150604 13:11:00 2 0 2 0 0 0 0 96 4 7048 14451 0 252 0 0.31 0.26 0.18 8177412 2322164 5855248 0 361204 1504244 229024 143220 553312 8386556 0 8386556 0 0 24 0 0 906120 0 1 28 0 0 0 0 24572 288 30 0 0 44 2 0 0 0 0 727 617 314 145 0 0 0 0 0 0 0 0 0 1 1 0 0 0 190081 1280 0 140749 0 0 0 0 0 0 0 0 0 0 0 0 0 0 0 1 421 0 0 997 647 387 1037 662 472 385 106 89 22 1322
20150604 13:11:10 2 0 2 0 0 0 0 96 4 5958 12482 6 252 0 0.26 0.25 0.18 8177412 2324452 5852960 0 361204 1504268 229016 143208 553312 8386556 0 8386556 0 0 92 0 0 906140 0 8 1869 0 0 0 0 24560 288 30 0 0 44 0 0 0 0 0 634 542 271 126 0 0 0 0 0 0 1 1 0 8 8 0 1 1 189924 1248 0 140593 0 0 0 0 0 0 0 0 0 0 0 0 0 0 0 0 358 0 0 910 542 397 1005 662 472 385 106 89 22 1322
20150604 13:11:20 2 0 2 0 0 0 0 96 4 7108 14517 0 252 0 0.37 0.28 0.19 8177412 2323124 5854288 0 361204 1504268 228924 143208 553312 8386556 0 8386556 0 0 88 0 0 906140 0 2 28 0 0 0 0 24472 288 30 0 0 44 2 0 0 0 0 726 616 312 143 0 0 0 0 0 0 0 0 0 2 2 0 0 0 190063 1248 0 140731 0 0 0 0 0 0 0 0 0 0 0 0 0 0 0 1 411 0 0 1008 585 412 1014 663 472 385 106 89 22 1322
20150604 13:11:30 2 0 2 0 0 0 0 96 4 6550 13449 0 252 0 0.32 0.27 0.19 8177412 2322340 5855072 0 361204 1504268 229004 143212 553312 8386556 0 8386556 0 0 52 0 0 906140 0 4 28 0 0 0 0 24552 288 30 0 0 44 2 0 0 0 0 689 587 295 137 0 0 0 0 0 0 0 0 0 4 4 0 0 0 190121 1248 0 140789 0 0 0 0 0 0 0 0 0 0 0 0 0 0 0 0 395 0 0 1044 622 410 1021 663 472 385 106 89 22 1322
20150604 13:11:40 2 0 2 0 0 0 0 96 4 7453 15066 0 252 1 0.27 0.26 0.18 8177412 2322364 5855048 0 361204 1504268 229132 143208 553312 8386556 0 8386556 0 0 4 0 0 906140 0 5 28 0 0 0 0 24680 288 30 0 0 44 2 0 0 0 0 775 662 328 155 0 0 0 0 0 0 1 1 0 5 5 0 0 0 190054 1248 0 140722 0 0 0 0 0 0 0 0 0 0 0 0 0 0 0 1 434 0 0 1048 623 404 1020 663 472 385 106 89 22 1322
20150604 13:11:50 2 0 2 0 0 0 0 96 4 7732 15712 0 251 0 0.23 0.25 0.18 8177412 2322096 5855316 0 361204 1504268 228892 143212 553312 8386556 0 8386556 0 0 4 0 0 906140 0 2 34 0 0 0 0 24440 288 30 0 0 44 2 0 0 0 0 803 680 344 157 0 0 0 0 0 0 0 0 0 2 2 0 0 0 190115 1248 0 140783 0 0 0 0 0 0 0 0 0 0 0 0 0 0 0 1 453 0 0 1031 631 418 1021 663 472 385 106 89 22 1322
20150604 13:12:00 2 0 2 0 0 0 0 96 4 7459 15161 1 251 0 0.19 0.24 0.18 8177412 2322600 5854812 0 361204 1504272 229052 143212 553312 8386556 0 8386556 0 0 28 0 0 906132 0 2 332 0 0 0 0 24592 288 30 0 0 44 2 0 0 0 0 760 642 327 148 0 0 0 0 0 0 0 0 0 2 2 0 0 0 190118 1248 0 140787 0 0 0 0 0 0 0 0 0 0 0 0 0 0 0 1 430 0 0 889 622 409 1029 663 472 385 106 89 22 1322
20150604 13:12:10 2 0 2 0 0 0 0 95 4 7311 15057 6 251 1 0.24 0.25 0.18 8177412 2324356 5853056 0 361204 1504296 228996 143208 553312 8386556 0 8386556 0 0 96 0 0 906152 0 10 1874 0 0 0 0 24544 288 30 0 0 44 2 0 0 0 0 763 652 327 152 0 0 0 0 0 0 1 1 0 10 10 0 1 1 190072 1248 0 140741 0 0 0 0 0 0 0 0 0 0 0 0 0 0 0 0 438 0 0 926 539 394 1036 652 472 385 106 89 22 1322
20150604 13:12:20 2 0 2 0 0 0 0 96 4 7482 15674 0 251 0 0.20 0.24 0.18 8177412 2322636 5854776 0 361204 1504296 228948 143208 553312 8386556 0 8386556 0 0 96 0 0 906152 0 2 28 0 0 0 0 24496 288 30 0 0 44 2 0 0 0 0 796 674 343 158 0 0 0 0 0 0 0 0 0 2 2 0 0 0 190099 1248 0 140768 0 0 0 0 0 0 0 0 0 0 0 0 0 0 0 0 455 0 0 1047 591 412 1035 655 472 385 106 89 22 1322
20150604 13:12:30 2 0 2 0 0 0 0 97 3 6301 12749 0 251 0 0.17 0.24 0.18 8177412 2322284 5855128 0 361204 1504296 228980 143208 553312 8386556 0 8386556 0 0 56 0 0 906152 0 4 28 0 0 0 0 24528 288 30 0 0 44 2 0 0 0 0 639 539 273 124 0 0 0 0 0 0 0 0 0 4 4 0 0 0 190126 1248 0 140795 0 0 0 0 0 0 0 0 0 0 0 0 0 0 0 0 359 0 0 1064 609 411 1036 655 472 385 106 89 22 1322
20150604 13:12:40 2 0 2 0 0 0 0 96 4 6971 14363 0 251 0 0.22 0.25 0.18 8177412 2322284 5855128 0 361204 1504296 228964 143204 553312 8386556 0 8386556 0 0 4 0 0 906152 0 6 28 0 0 0 0 24512 288 30 0 0 44 2 0 0 0 0 726 620 313 146 0 0 0 0 0 0 1 1 0 6 6 0 0 0 190043 1248 0 140711 0 0 0 0 0 0 0 0 0 0 0 0 0 0 0 0 419 0 0 1045 607 409 1038 656 472 385 106 89 22 1322
20150604 13:12:50 2 0 2 0 0 0 0 96 4 7611 15456 0 251 0 0.35 0.27 0.19 8177412 2322420 5854992 0 361204 1504296 228996 143200 553312 8386556 0 8386556 0 0 4 0 0 906152 0 3 28 0 0 0 0 24544 288 30 0 0 44 2 0 0 0 0 792 671 339 154 0 0 0 0 0 0 1 1 0 3 3 0 0 0 190113 1248 0 140781 0 0 0 0 0 0 0 0 0 0 0 0 0 0 0 1 446 0 0 1016 608 407 1038 656 472 385 106 89 22 1322
20150604 13:13:00 2 0 2 0 0 0 0 96 4 6570 13463 0 251 0 0.29 0.26 0.19 8177412 2322404 5855008 0 361204 1504300 228980 143200 553312 8386556 0 8386556 0 0 24 0 0 906152 0 1 28 0 0 0 0 24528 288 30 0 0 44 2 0 0 0 0 672 566 291 132 0 0 0 0 0 0 0 0 0 1 1 0 0 0 190152 1248 0 140821 0 0 0 0 0 0 0 0 0 0 0 0 0 0 0 1 384 0 0 1002 613 403 1040 656 472 385 106 89 22 1322
20150604 13:13:10 2 0 2 0 0 0 0 95 5 7300 14852 6 251 1 0.25 0.25 0.19 8177412 2324324 5853088 0 361204 1504328 229092 143200 553312 8386556 0 8386556 0 0 96 0 0 906176 0 8 1871 0 0 0 0 24640 288 30 0 0 44 2 0 0 0 0 756 641 321 147 0 0 0 0 0 0 1 1 0 8 8 0 1 1 190098 1280 0 140766 0 0 0 0 0 0 0 0 0 0 0 0 0 0 0 1 421 0 0 858 571 382 1014 659 472 385 106 89 22 1322
20150604 13:13:20 2 0 2 0 0 0 0 96 4 6756 13751 0 251 1 0.21 0.25 0.19 8177412 2323220 5854192 0 361204 1504328 228980 143200 553312 8386556 0 8386556 0 0 96 0 0 906176 0 2 28 0 0 0 0 24528 288 30 0 0 44 2 0 0 0 0 701 595 299 138 0 0 0 0 0 0 0 0 0 2 2 0 0 0 190160 1280 0 140829 0 0 0 0 0 0 0 0 0 0 0 0 0 0 0 0 397 0 0 976 588 399 1014 662 472 385 106 89 22 1322
20150604 13:13:30 2 0 2 0 0 0 0 96 4 7220 14890 0 251 0 0.18 0.24 0.18 8177412 2322728 5854684 0 361204 1504328 229108 143200 553312 8386556 0 8386556 0 0 56 0 0 906176 0 4 28 0 0 0 0 24656 288 30 0 0 44 2 0 0 0 0 765 651 328 153 0 0 0 0 0 0 0 0 0 4 4 0 0 0 190077 1280 0 140746 0 0 0 0 0 0 0 0 0 0 0 0 0 0 0 0 438 0 0 1014 613 401 1019 662 472 385 106 89 22 1322
20150604 13:13:40 2 0 2 0 0 0 0 96 4 7966 16353 0 251 0 0.15 0.23 0.18 8177412 2322700 5854712 0 361204 1504328 229204 143200 553312 8386556 0 8386556 0 0 4 0 0 906176 0 6 28 0 0 0 0 24752 288 30 0 0 44 2 0 0 0 0 826 698 357 162 0 0 0 0 0 0 1 1 0 6 6 0 0 0 190109 1280 0 140777 0 0 0 0 0 0 0 0 0 0 0 0 0 0 0 1 470 0 0 1023 619 399 1018 662 472 385 106 89 22 1322
20150604 13:13:50 2 0 1 0 0 0 0 97 3 5856 11747 0 252 0 0.21 0.24 0.18 8177412 2322548 5854864 0 361204 1504328 229188 143460 561508 8386556 0 8386556 0 0 20 0 0 906176 0 4 35 0 0 0 0 24736 288 30 0 0 44 2 0 0 0 0 588 499 251 116 0 0 0 0 0 0 1 1 0 4 4 0 0 0 190179 1280 0 140848 0 0 0 0 0 0 0 0 0 0 0 0 0 0 0 0 332 0 0 1036 624 397 1020 662 472 385 106 89 22 1322
20150604 13:14:00 2 0 2 0 0 0 0 96 4 7669 15578 0 252 0 0.18 0.23 0.18 8177412 2322204 5855208 0 361204 1504328 228980 143528 561508 8386556 0 8386556 0 0 36 0 0 906164 0 1 30 0 0 0 0 24528 288 30 0 0 44 2 0 0 0 0 781 665 336 155 0 0 0 0 0 0 0 0 0 1 1 0 0 0 190088 1280 0 140756 0 0 0 0 0 0 0 0 0 0 0 0 0 0 0 1 446 0 0 1057 628 413 1020 662 472 385 106 89 22 1322
20150604 13:14:10 2 0 2 0 0 0 0 95 5 7353 15001 6 252 0 0.15 0.22 0.18 8177412 2325260 5852152 0 361204 1504352 229092 143524 561508 8386556 0 8386556 0 0 92 0 0 906184 0 8 1868 0 0 0 0 24636 288 30 0 0 44 2 0 0 0 0 762 649 324 151 0 0 0 0 0 0 1 1 0 8 8 0 1 1 190102 1280 0 140771 0 0 0 0 0 0 0 0 0 0 0 0 0 0 0 1 432 0 0 910 555 385 982 662 472 385 106 89 22 1322
20150604 13:14:20 2 0 2 0 0 0 0 96 4 6763 13788 0 252 0 0.13 0.22 0.18 8177412 2323872 5853540 0 361204 1504352 229104 143540 561508 8386556 0 8386556 0 0 40 0 0 906184 0 7 29 0 0 0 0 24652 288 30 0 0 44 2 0 0 0 0 686 581 295 136 0 0 0 0 0 0 2 2 0 7 7 0 0 0 189987 1280 0 140655 0 0 0 0 0 0 0 0 0 0 0 0 0 0 0 1 390 0 0 1060 574 400 991 662 472 385 106 89 22 1322
20150604 13:14:30 2 0 2 0 0 0 0 96 4 7486 15134 0 252 1 0.11 0.21 0.18 8177412 2323108 5854304 0 361204 1504352 229136 143544 561508 8386556 0 8386556 0 0 4 0 0 906184 0 4 29 0 0 0 0 24684 288 30 0 0 44 2 0 0 0 0 753 636 325 148 0 0 0 0 0 0 0 0 0 4 4 0 0 0 190063 1280 0 140732 0 0 0 0 0 0 0 0 0 0 0 0 0 0 0 1 427 0 0 1121 609 407 995 662 472 385 106 89 22 1322
20150604 13:14:40 2 0 2 0 0 0 0 96 4 7400 15270 0 252 0 0.09 0.20 0.18 8177412 2322796 5854616 0 361204 1504352 229024 143544 561508 8386556 0 8386556 0 0 8 0 0 906184 0 1 28 0 0 0 0 24572 288 30 0 0 44 2 0 0 0 0 754 639 330 151 0 0 0 0 0 0 0 0 0 1 1 0 0 0 190035 1280 0 140704 0 0 0 0 0 0 0 0 0 0 0 0 0 0 0 1 440 0 0 1106 616 415 997 662 472 385 106 89 22 1322
20150604 13:14:50 2 0 2 0 0 0 0 96 4 7458 15342 0 253 1 0.08 0.19 0.17 8177412 2322884 5854528 0 361204 1504352 229120 143548 561508 8386556 0 8386556 0 0 8 0 0 906184 0 2 28 0 0 0 0 24668 288 30 0 0 44 2 0 0 0 0 763 648 328 151 0 0 0 0 0 0 0 0 0 2 2 0 0 0 190085 1280 0 140753 0 0 0 0 0 0 0 0 0 0 0 0 0 0 0 0 434 0 0 1110 615 407 998 662 472 385 106 89 22 1322
20150604 13:15:00 2 0 2 0 0 0 0 96 4 7167 14944 0 253 0 0.14 0.20 0.18 8177412 2322872 5854540 0 361204 1504356 229012 143548 561508 8386556 0 8386556 0 0 28 0 0 906184 0 1 29 0 0 0 0 24556 288 30 0 0 44 2 0 0 0 0 740 629 320 146 0 0 0 0 0 0 0 0 0 1 1 0 0 0 190122 1280 0 140790 0 0 0 0 0 0 0 0 0 0 0 0 0 0 0 0 425 0 0 1085 615 416 997 662 472 385 106 89 22 1322
20150604 13:15:10 2 0 2 0 0 0 0 96 4 5968 12224 6 253 0 0.12 0.20 0.17 8177412 2325144 5852268 0 361204 1504380 229096 143548 561508 8386556 0 8386556 0 0 96 0 0 906204 0 8 1966 0 0 0 0 24644 288 30 0 0 44 2 0 0 0 0 609 518 261 121 0 0 0 0 0 0 1 1 0 8 8 0 1 1 190162 1280 0 140830 0 0 0 0 0 0 0 0 0 0 0 0 0 0 0 0 347 0 0 963 575 406 970 659 472 385 106 89 22 1322
20150604 13:15:20 1 0 1 0 0 0 0 98 2 4724 9668 0 253 0 0.10 0.19 0.17 8177412 2323496 5853916 0 361204 1504380 229184 143568 561508 8386556 0 8386556 0 0 40 0 0 906204 0 7 29 0 0 0 0 24732 288 30 0 0 44 2 0 0 0 0 466 396 204 94 0 0 0 0 0 0 2 2 0 7 7 0 0 0 190116 1280 0 140784 0 0 0 0 0 0 0 0 0 0 0 0 0 0 0 0 275 0 0 1100 617 410 988 659 472 385 106 89 22 1322
20150604 13:15:30 2 0 2 0 0 0 0 96 4 6346 13221 0 253 0 0.08 0.18 0.17 8177412 2322756 5854656 0 361204 1504380 229056 143572 561508 8386556 0 8386556 0 0 4 0 0 906204 0 4 28 0 0 0 0 24604 288 30 0 0 44 0 0 0 0 0 665 561 286 132 0 0 0 0 0 0 0 0 0 4 4 0 0 0 189975 1280 0 140644 0 0 0 0 0 0 0 0 0 0 0 0 0 0 0 1 380 0 0 1088 636 412 1001 660 472 385 106 89 22 1322
20150604 13:15:40 2 0 2 0 0 0 0 96 4 6594 13484 0 253 0 0.14 0.20 0.17 8177412 2322992 5854420 0 361204 1504380 229184 143572 561508 8386556 0 8386556 0 0 4 0 0 906204 0 0 28 0 0 0 0 24732 288 30 0 0 44 2 0 0 0 0 665 562 287 132 0 0 0 0 0 0 0 0 0 0 0 0 0 0 190033 1280 0 140702 0 0 0 0 0 0 0 0 0 0 0 0 0 0 0 1 382 0 0 1061 636 402 1002 660 472 385 106 89 22 1322
20150604 13:15:50 2 0 2 0 0 0 0 96 4 7218 15059 0 253 0 0.12 0.19 0.17 8177412 2322944 5854468 0 361204 1504380 229280 143564 561508 8386556 0 8386556 0 0 4 0 0 906204 0 2 28 0 0 0 0 24828 288 30 0 0 44 2 0 0 0 0 775 661 330 154 0 0 0 0 0 0 0 0 0 2 2 0 0 0 190072 1280 0 140740 0 0 0 0 0 0 0 0 0 0 0 0 0 0 0 1 441 0 0 1074 632 404 1002 660 472 385 106 89 22 1322
20150604 13:16:00 2 0 1 0 0 0 0 97 3 5686 12324 0 253 0 0.10 0.18 0.17 8177412 2322740 5854672 0 361204 1504388 229104 143560 561508 8386556 0 8386556 0 0 28 0 0 906200 0 2 28 0 0 0 0 24652 288 30 0 0 44 0 0 0 0 0 642 548 273 127 0 0 0 0 0 0 0 0 0 2 2 0 0 0 189923 1280 0 140591 0 0 0 0 0 0 0 0 0 0 0 0 0 0 0 0 359 0 0 1078 631 416 1002 660 472 385 106 89 22 1322
20150604 13:16:10 2 0 2 0 0 0 0 96 4 6211 12716 6 253 1 0.17 0.19 0.17 8177412 2324876 5852536 0 361204 1504416 229072 143612 561508 8386556 0 8386556 0 0 100 0 0 906216 0 8 1873 0 0 0 0 24620 288 30 0 0 44 2 0 0 0 0 639 542 273 125 0 0 0 0 0 0 1 1 0 8 8 0 1 1 190106 1248 0 140774 0 0 0 0 0 0 0 0 0 0 0 0 0 0 0 0 362 0 0 1015 552 409 978 660 472 385 106 89 22 1322
20150604 13:16:20 2 0 2 0 0 0 0 96 4 6696 13748 0 253 0 0.14 0.19 0.17 8177412 2323384 5854028 0 361204 1504416 229168 143616 561508 8386556 0 8386556 0 0 100 0 0 906216 0 2 28 0 0 0 0 24716 288 30 0 0 44 2 0 0 0 0 681 575 297 135 0 0 0 0 0 0 0 0 0 2 2 0 0 0 190029 1248 0 140697 0 0 0 0 0 0 0 0 0 0 0 0 0 0 0 1 396 0 0 1074 618 413 991 660 472 385 106 89 22 1322
20150604 13:16:30 1 0 1 0 0 0 0 99 1 2815 5741 0 253 0 0.12 0.18 0.17 8177412 2323004 5854408 0 361204 1504416 229232 143612 561508 8386556 0 8386556 0 0 56 0 0 906216 0 5 28 0 0 0 0 24780 288 30 0 0 44 2 0 0 0 0 276 235 120 56 0 0 0 0 0 0 0 0 0 5 5 0 0 0 189958 1248 0 140626 0 0 0 0 0 0 0 0 0 0 0 0 0 0 0 0 161 0 0 1071 621 415 998 660 472 385 106 89 22 1322
20150604 13:16:40 2 0 2 0 0 0 0 96 4 7617 15711 0 253 1 0.10 0.18 0.17 8177412 2322848 5854564 0 361204 1504416 229216 143608 561508 8386556 0 8386556 0 0 4 0 0 906216 0 5 28 0 0 0 0 24764 288 30 0 0 44 2 0 0 0 0 796 678 344 159 0 0 0 0 0 0 1 1 0 5 5 0 0 0 190080 1248 0 140748 0 0 0 0 0 0 0 0 0 0 0 0 0 0 0 0 459 0 0 1071 630 414 1001 660 472 385 106 89 22 1322
20150604 13:16:50 2 0 2 0 0 0 0 96 4 7476 15270 0 253 1 0.17 0.19 0.17 8177412 2322624 5854788 0 361204 1504416 229024 143608 561508 8386556 0 8386556 0 0 20 0 0 906216 0 4 28 0 0 0 0 24572 288 30 0 0 44 2 0 0 0 0 776 660 333 153 0 0 0 0 0 0 1 1 0 4 4 0 0 0 190112 1248 0 140781 0 0 0 0 0 0 0 0 0 0 0 0 0 0 0 0 440 0 0 1073 628 422 1002 661 472 385 106 89 22 1322
20150604 13:17:00 1 0 2 0 0 0 0 97 3 5813 11768 0 253 0 0.22 0.20 0.17 8177412 2322704 5854708 0 361204 1504420 229096 143604 561508 8386556 0 8386556 0 0 36 0 0 906212 0 2 28 0 0 0 0 24644 288 30 0 0 44 2 0 0 0 0 584 497 251 114 0 0 0 0 0 0 0 0 0 2 2 0 0 0 190118 1248 0 140786 0 0 0 0 0 0 0 0 0 0 0 0 0 0 0 1 333 0 0 1033 632 418 1002 662 472 385 106 89 22 1322
20150604 13:17:10 2 0 2 0 0 0 0 96 4 5795 12332 6 253 0 0.19 0.19 0.17 8177412 2325240 5852172 0 361204 1504444 229068 143600 561508 8386556 0 8386556 0 0 100 0 0 906236 0 8 1967 0 0 0 0 24560 288 30 0 0 44 0 0 0 0 0 633 539 271 127 0 0 0 0 0 0 1 1 0 8 8 0 1 1 189923 1248 0 140592 0 0 0 0 0 0 0 0 0 0 0 0 0 0 0 0 363 0 0 922 556 396 972 662 472 385 106 89 22 1322
20150604 13:17:20 2 0 2 0 0 0 0 96 4 7033 14470 0 253 0 0.16 0.18 0.17 8177412 2323628 5853784 0 361204 1504444 229052 143600 561508 8386556 0 8386556 0 0 44 0 0 906236 0 7 28 0 0 0 0 24560 288 30 0 0 44 2 0 0 0 0 738 627 315 146 0 0 0 0 0 0 2 2 0 7 7 0 0 0 190049 1248 0 140718 0 0 0 0 0 0 0 0 0 0 0 0 0 0 0 1 419 0 0 1017 638 418 979 662 472 385 106 89 22 1322
20150604 13:17:30 2 0 2 0 0 0 0 96 4 6543 13448 0 253 0 0.13 0.18 0.17 8177412 2322832 5854580 0 361204 1504444 229012 143600 561508 8386556 0 8386556 0 0 4 0 0 906236 0 4 28 0 0 0 0 24560 288 30 0 0 44 0 0 0 0 0 683 579 293 134 0 0 0 0 0 0 0 0 0 4 4 0 0 0 189944 1248 0 140613 0 0 0 0 0 0 0 0 0 0 0 0 0 0 0 0 384 0 0 1075 651 427 985 662 472 385 106 89 22 1322
20150604 13:17:40 2 0 2 0 0 0 0 96 4 6560 13641 0 253 0 0.11 0.17 0.17 8177412 2322896 5854516 0 361204 1504444 229108 143600 561508 8386556 0 8386556 0 0 4 0 0 906236 0 0 28 0 0 0 0 24656 288 30 0 0 44 2 0 0 0 0 708 604 303 141 0 0 0 0 0 0 0 0 0 0 0 0 0 0 190117 1248 0 140785 0 0 0 0 0 0 0 0 0 0 0 0 0 0 0 1 406 0 0 1083 651 421 985 662 472 385 106 89 22 1322
20150604 13:17:50 2 0 2 0 0 0 0 96 4 7239 14743 0 253 1 0.10 0.17 0.16 8177412 2322732 5854680 0 361204 1504444 228964 143596 561508 8386556 0 8386556 0 0 4 0 0 906236 0 2 28 0 0 0 0 24512 288 30 0 0 44 2 0 0 0 0 748 638 321 149 0 0 0 0 0 0 0 0 0 2 2 0 0 0 190057 1248 0 140726 0 0 0 0 0 0 0 0 0 0 0 0 0 0 0 1 426 0 0 1086 650 427 987 662 472 385 106 89 22 1322
20150604 13:18:00 2 0 2 0 0 0 0 96 4 7348 15403 0 253 0 0.08 0.16 0.16 8177412 2322656 5854756 0 361204 1504444 229028 143600 561508 8386556 0 8386556 0 0 20 0 0 906232 0 1 28 0 0 0 0 24576 288 30 0 0 44 2 0 0 0 0 779 662 336 154 0 0 0 0 0 0 0 0 0 1 1 0 0 0 190062 1248 0 140730 0 0 0 0 0 0 0 0 0 0 0 0 0 0 0 0 444 0 0 1109 652 421 989 662 472 385 106 89 22 1322
20150604 13:18:10 2 0 2 0 0 0 0 95 4 7357 15088 6 253 0 0.22 0.19 0.17 8177412 2325192 5852220 0 361204 1504468 228992 143600 561624 8386556 0 8386556 0 0 88 0 0 906244 0 8 1868 0 0 0 0 24536 288 30 0 0 44 2 0 0 0 0 760 648 323 152 0 0 0 0 0 0 1 1 0 8 8 0 1 1 190111 1312 0 140780 0 0 0 0 0 0 0 0 0 0 0 0 0 0 0 1 430 0 0 941 581 430 952 658 472 385 106 89 22 1322
20150604 13:18:20 2 0 2 0 0 0 0 96 4 7694 15691 0 253 0 0.18 0.18 0.17 8177412 2323688 5853724 0 361204 1504468 228976 143596 561624 8386556 0 8386556 0 0 88 0 0 906244 0 2 28 0 0 0 0 24524 288 30 0 0 44 2 0 0 0 0 786 671 334 155 0 0 0 0 0 0 0 0 0 2 2 0 0 0 190109 1312 0 140777 0 0 0 0 0 0 0 0 0 0 0 0 0 0 0 1 438 0 0 1102 628 444 960 659 472 385 106 89 22 1322
20150604 13:18:30 1 0 1 0 0 0 0 97 3 5094 10380 0 253 0 0.15 0.18 0.17 8177412 2323388 5854024 0 361204 1504468 229168 143592 561624 8386556 0 8386556 0 0 52 0 0 906244 0 4 28 0 0 0 0 24716 288 30 0 0 44 2 0 0 0 0 511 436 220 101 0 0 0 0 0 0 0 0 0 4 4 0 0 0 190260 1312 0 140928 0 0 0 0 0 0 0 0 0 0 0 0 0 0 0 0 292 0 0 1116 635 441 961 661 472 385 106 89 22 1322
20150604 13:18:40 2 0 2 0 0 0 0 96 4 7597 15540 0 253 2 0.20 0.19 0.17 8177412 2323148 5854264 0 361204 1504468 229024 143648 561624 8386556 0 8386556 0 0 4 0 0 906244 0 5 30 0 0 0 0 24572 288 30 0 0 44 2 0 0 0 0 778 657 336 153 0 0 0 0 0 0 1 1 0 5 5 0 0 0 190071 1312 0 140739 0 0 0 0 0 0 0 0 0 0 0 0 0 0 0 0 443 0 0 1111 640 446 966 661 472 385 106 89 22 1322
20150604 13:18:50 2 0 2 0 0 0 0 96 4 7403 15189 0 253 0 0.17 0.18 0.17 8177412 2323068 5854344 0 361204 1504468 229088 143652 561624 8386556 0 8386556 0 0 4 0 0 906244 0 2 28 0 0 0 0 24636 288 30 0 0 44 2 0 0 0 0 764 645 331 150 0 0 0 0 0 0 0 0 0 2 2 0 0 0 190085 1280 0 140753 0 0 0 0 0 0 0 0 0 0 0 0 0 0 0 1 436 0 0 1129 644 443 965 662 472 385 106 89 22 1322
20150604 13:19:00 1 0 1 0 0 0 0 98 2 3865 7814 0 253 0 0.15 0.18 0.17 8177412 2322988 5854424 0 361204 1504472 229028 143652 561624 8386556 0 8386556 0 0 24 0 0 906244 0 1 28 0 0 0 0 24576 288 30 0 0 44 2 0 0 0 0 389 330 167 76 0 0 0 0 0 0 0 0 0 1 1 0 0 0 190227 1280 0 140896 0 0 0 0 0 0 0 0 0 0 0 0 0 0 0 0 220 0 0 1108 649 450 965 662 472 385 106 89 22 1322
20150604 13:19:10 2 0 2 0 0 0 0 96 4 6196 12671 6 253 0 0.28 0.20 0.18 8177412 2324524 5852888 0 361204 1504496 228972 143652 561624 8386556 0 8386556 0 0 92 0 0 906264 0 8 1872 0 0 0 0 24520 288 30 0 0 44 1 0 0 0 0 632 536 271 126 0 0 0 0 0 0 1 1 0 8 8 0 1 1 189923 1248 0 140592 0 0 0 0 0 0 0 0 0 0 0 0 0 0 0 1 359 0 0 1094 551 446 953 662 472 385 106 89 22 1322
20150604 13:19:20 2 0 2 0 0 0 0 96 4 7303 14865 0 253 0 0.39 0.23 0.18 8177412 2323204 5854208 0 361204 1504496 229116 143648 561624 8386556 0 8386556 0 0 88 0 0 906264 0 2 28 0 0 0 0 24664 288 30 0 0 44 2 0 0 0 0 738 625 318 144 0 0 0 0 0 0 0 0 0 2 2 0 0 0 190075 1248 0 140744 0 0 0 0 0 0 0 0 0 0 0 0 0 0 0 0 418 0 0 1122 584 417 989 663 472 385 106 89 22 1322
20150604 13:19:30 2 0 2 0 0 0 0 96 4 7481 15202 0 253 0 0.41 0.24 0.19 8177412 2322700 5854712 0 361204 1504496 229036 143648 561624 8386556 0 8386556 0 0 52 0 0 906264 0 4 28 0 0 0 0 24584 288 30 0 0 44 2 0 0 0 0 769 654 331 152 0 0 0 0 0 0 0 0 0 4 4 0 0 0 190087 1248 0 140755 0 0 0 0 0 0 0 0 0 0 0 0 0 0 0 0 439 0 0 1118 594 421 999 663 472 385 106 89 22 1322
20150604 13:19:40 2 0 2 0 0 0 0 96 4 7706 15507 0 253 0 0.35 0.23 0.19 8177412 2322736 5854676 0 361208 1504496 229080 143648 561624 8386556 0 8386556 0 0 8 0 0 906268 0 6 28 0 0 0 0 24628 288 30 0 0 44 2 0 0 0 0 774 656 330 151 0 0 0 0 0 0 1 1 0 6 6 0 0 0 190117 1248 0 140785 0 0 0 0 0 0 0 0 0 0 0 0 0 0 0 0 433 0 0 1119 595 418 999 663 472 385 106 89 22 1322
20150604 13:19:50 2 0 2 0 0 0 0 96 4 7482 15076 0 252 0 0.53 0.27 0.20 8177412 2322612 5854800 0 361208 1504496 228980 143648 561624 8386556 0 8386556 0 0 8 0 0 906268 0 3 28 0 0 0 0 24528 288 30 0 0 44 2 0 0 0 0 746 632 322 148 0 0 0 0 0 0 1 1 0 3 3 0 0 0 190074 1248 0 140743 0 0 0 0 0 0 0 0 0 0 0 0 0 0 0 1 429 0 0 1105 601 423 1001 663 472 385 106 89 22 1322
20150604 13:20:00 2 0 2 0 0 0 0 95 4 7245 14916 0 252 0 0.60 0.30 0.21 8177412 2322604 5854808 0 361208 1504504 229116 143652 561624 8386556 0 8386556 0 0 32 0 0 906260 0 2 28 0 0 0 0 24664 288 30 0 0 44 2 0 0 0 0 752 638 323 148 0 0 0 0 0 0 0 0 0 2 2 0 0 0 190067 1248 0 140736 0 0 0 0 0 0 0 0 0 0 0 0 0 0 0 1 426 0 0 1122 608 413 1002 663 472 385 106 89 22 1322
20150604 13:20:10 2 0 2 0 0 0 0 96 3 5392 11159 6 252 0 0.59 0.30 0.21 8177412 2324824 5852588 0 361208 1504528 229096 143648 561624 8386556 0 8386556 0 0 100 0 0 906280 0 8 1866 0 0 0 0 24596 288 30 0 0 44 2 0 0 0 0 553 472 237 111 0 0 0 0 0 0 1 1 0 8 8 0 1 1 190022 1280 0 140690 0 0 0 0 0 0 0 0 0 0 0 0 0 0 0 1 316 0 0 989 573 391 983 656 472 385 106 89 22 1322
20150604 13:20:20 2 0 2 0 0 0 0 96 4 7562 15298 0 252 1 0.57 0.31 0.22 8177412 2323540 5853872 0 361208 1504528 229224 143644 561624 8386556 0 8386556 0 0 48 0 0 906280 0 7 28 0 0 0 0 24772 288 30 0 0 44 2 0 0 0 0 779 663 332 153 0 0 0 0 0 0 1 1 0 7 7 0 0 0 190034 1280 0 140703 0 0 0 0 0 0 0 0 0 0 0 0 0 0 0 0 436 0 0 1092 619 397 989 660 472 385 106 89 22 1322
20150604 13:20:30 2 0 2 0 0 0 0 96 4 7369 15070 0 252 0 0.48 0.30 0.21 8177412 2323020 5854392 0 361208 1504528 229032 143644 561624 8386556 0 8386556 0 0 4 0 0 906280 0 5 28 0 0 0 0 24580 288 30 0 0 44 2 0 0 0 0 759 647 326 150 0 0 0 0 0 0 0 0 0 5 5 0 0 0 190047 1280 0 140716 0 0 0 0 0 0 0 0 0 0 0 0 0 0 0 1 432 0 0 1110 628 402 997 660 472 385 106 89 22 1322
20150604 13:20:40 1 0 2 0 0 0 0 97 3 6008 12249 0 252 0 0.41 0.29 0.21 8177412 2322916 5854496 0 361208 1504528 229080 143644 561624 8386556 0 8386556 0 0 4 0 0 906280 0 0 28 0 0 0 0 24628 288 30 0 0 44 2 0 0 0 0 625 529 267 121 0 0 0 0 0 0 0 0 0 0 0 0 0 0 190162 1280 0 140831 0 0 0 0 0 0 0 0 0 0 0 0 0 0 0 0 349 0 0 1118 627 401 999 660 472 385 106 89 22 1322
20150604 13:20:50 2 0 2 0 0 0 0 96 4 7077 14494 0 252 0 0.35 0.28 0.21 8177412 2323052 5854360 0 361208 1504528 229240 143640 561624 8386556 0 8386556 0 0 4 0 0 906280 0 3 28 0 0 0 0 24788 288 30 0 0 44 2 0 0 0 0 726 618 313 144 0 0 0 0 0 0 1 1 0 3 3 0 0 0 190057 1280 0 140725 0 0 0 0 0 0 0 0 0 0 0 0 0 0 0 0 415 0 0 1090 628 405 997 660 472 385 106 89 22 1322
20150604 13:21:00 2 0 2 0 0 0 0 96 4 7259 15030 0 252 0 0.29 0.27 0.21 8177412 2322724 5854688 0 361208 1504532 229056 143644 561624 8386556 0 8386556 0 0 20 0 0 906272 0 2 28 0 0 0 0 24604 288 30 0 0 44 2 0 0 0 0 761 648 327 150 0 0 0 0 0 0 0 0 0 2 2 0 0 0 190042 1280 0 140711 0 0 0 0 0 0 0 0 0 0 0 0 0 0 0 0 431 0 0 1100 630 416 1000 660 472 385 106 89 22 1322
20150604 13:21:10 2 0 2 0 0 0 0 95 5 7170 14746 6 252 1 0.25 0.26 0.21 8177412 2325204 5852208 0 361208 1504556 229100 143640 561624 8386556 0 8386556 0 0 92 0 0 906292 0 8 1866 0 0 0 0 24596 288 30 0 0 44 2 0 0 0 0 736 616 317 141 0 0 0 0 0 0 1 1 0 8 8 0 1 1 190195 1280 0 140864 0 0 0 0 0 0 0 0 0 0 0 0 0 0 0 0 411 0 0 843 570 400 985 658 472 385 106 89 22 1322
20150604 13:21:20 2 0 2 0 0 0 0 96 4 8473 17400 0 252 1 0.29 0.27 0.21 8177412 2323716 5853696 0 361208 1504556 229048 143644 561624 8386556 0 8386556 0 0 92 0 0 906292 0 2 28 0 0 0 0 24596 288 30 0 0 44 2 0 0 0 0 863 723 376 166 0 0 0 0 0 0 0 0 0 2 2 0 0 0 190072 1280 0 140740 0 0 0 0 0 0 0 0 0 0 0 0 0 0 0 1 490 0 0 1008 633 431 988 657 472 385 106 89 22 1322
20150604 13:21:30 1 0 2 0 0 0 0 96 4 4924 9857 0 250 0 0.32 0.28 0.21 8177412 2321064 5856348 0 361208 1504556 229076 139800 548044 8386556 0 8386556 0 0 52 0 0 906240 0 4 42 0 0 0 0 24624 269 18 0 8 29 0 0 0 0 0 492 413 213 95 0 0 0 0 0 0 0 0 0 4 4 0 0 0 189913 1184 0 140581 0 0 0 0 0 0 0 0 0 0 0 0 0 0 0 1 280 0 0 1233 727 442 998 660 472 385 106 89 22 1322
20150604 13:21:40 0 0 0 0 0 0 0 100 0 116 187 0 250 0 0.27 0.27 0.21 8177412 2320672 5856740 0 361208 1504556 229076 140160 547924 8386556 0 8386556 0 0 36 0 0 906240 0 8 37 0 0 0 0 24624 269 18 0 8 29 0 0 0 0 0 3 6 0 2 0 0 0 0 0 0 1 1 0 8 8 0 1 1 189913 1184 0 140581 0 0 0 0 0 0 0 0 0 0 0 0 0 0 0 0 2 0 0 1321 726 443 999 660 472 385 106 89 22 1322
20150604 13:21:50 0 0 0 0 0 0 0 100 0 95 170 0 250 0 0.23 0.26 0.21 8177412 2320652 5856760 0 361208 1504556 229076 140160 547924 8386556 0 8386556 0 0 36 0 0 906240 0 2 28 0 0 0 0 24624 269 18 0 8 29 0 0 0 0 0 0 0 0 0 0 0 0 0 0 0 0 0 0 2 2 0 0 0 189913 1184 0 140581 0 0 0 0 0 0 0 0 0 0 0 0 0 0 0 0 0 0 0 1326 726 443 999 660 472 385 106 89 22 1322
20150604 13:22:00 0 0 0 0 0 0 0 100 0 95 172 0 250 0 0.19 0.25 0.21 8177412 2320532 5856880 0 361208 1504560 229076 140164 547924 8386556 0 8386556 0 0 56 0 0 906240 0 1 29 0 0 0 0 24624 269 18 0 8 29 0 0 0 0 0 0 0 0 0 0 0 0 0 0 0 0 0 0 1 1 0 0 0 189913 1184 0 140581 0 0 0 0 0 0 0 0 0 0 0 0 0 0 0 0 0 0 0 1332 726 445 999 661 472 385 106 89 22 1322
20150604 13:22:10 0 0 0 0 0 0 0 99 1 134 276 6 250 0 0.16 0.24 0.21 8177412 2322924 5854488 0 361208 1504584 229072 140160 547924 8386556 0 8386556 0 0 88 0 0 906260 0 10 1867 0 0 0 0 24612 269 18 0 8 29 1 0 0 0 0 2 2 0 0 0 0 0 0 0 0 1 1 0 10 10 0 1 1 189913 1152 0 140581 0 0 0 0 0 0 0 0 0 0 0 0 0 0 0 0 0 0 0 1014 640 454 979 662 472 385 106 89 22 1322
20150604 13:22:20 0 0 0 0 0 0 0 100 0 98 170 0 250 0 0.14 0.23 0.20 8177412 2321684 5855728 0 361208 1504584 229072 140160 547924 8386556 0 8386556 0 0 88 0 0 906260 0 2 28 0 0 0 0 24612 269 18 0 8 29 0 0 0 0 0 1 1 0 0 0 0 0 0 0 0 0 0 0 2 2 0 0 0 189913 1152 0 140581 0 0 0 0 0 0 0 0 0 0 0 0 0 0 0 0 0 0 0 1222 693 450 990 663 472 385 106 89 22 1322
20150604 13:22:30 0 0 0 0 0 0 0 100 0 95 168 0 250 0 0.12 0.23 0.20 8177412 2320904 5856508 0 361208 1504584 229072 140160 547924 8386556 0 8386556 0 0 48 0 0 906260 0 4 34 0 0 0 0 24612 269 18 0 0 29 0 0 0 0 0 0 0 0 0 0 0 0 0 0 0 0 0 0 4 4 0 0 0 189913 1152 0 140581 0 0 0 0 0 0 0 0 0 0 0 0 0 0 0 0 0 0 0 1259 710 450 994 663 472 385 106 89 22 1322
20150604 13:22:40 0 0 0 0 0 0 0 100 0 96 169 0 250 0 0.10 0.22 0.20 8177412 2320628 5856784 0 361208 1504584 229072 140164 547924 8386556 0 8386556 0 0 48 0 0 906260 0 0 28 0 0 0 0 24612 269 18 0 0 29 0 0 0 0 0 1 1 0 0 0 0 0 0 0 0 0 0 0 0 0 0 0 0 189913 1152 0 140581 0 0 0 0 0 0 0 0 0 0 0 0 0 0 0 0 0 0 0 1268 722 447 1000 663 472 385 106 89 22 1322
20150604 13:22:50 0 0 0 0 0 0 0 100 0 98 170 0 251 0 0.08 0.21 0.20 8177412 2320500 5856912 0 361208 1504584 229072 140164 547924 8386556 0 8386556 0 0 4 0 0 906260 0 7 28 0 0 0 0 24612 269 18 0 0 29 0 0 0 0 0 0 0 0 0 0 0 0 0 0 0 1 1 0 7 7 0 0 0 189913 1152 0 140581 0 0 0 0 0 0 0 0 0 0 0 0 0 0 0 0 0 0 0 1252 722 454 1006 663 472 385 106 89 22 1322
20150604 13:23:00 0 0 0 0 0 0 0 100 0 96 174 0 251 0 0.07 0.20 0.20 8177412 2320252 5857160 0 361208 1504584 229072 140164 547924 8386556 0 8386556 0 0 20 0 0 906260 0 1 28 0 0 0 0 24612 269 18 0 0 29 0 0 0 0 0 0 0 0 0 0 0 0 0 0 0 0 0 0 1 1 0 0 0 189913 1152 0 140581 0 0 0 0 0 0 0 0 0 0 0 0 0 0 0 0 0 0 0 1262 726 452 1009 663 472 385 106 89 22 1322
20150604 13:23:10 0 0 0 0 0 0 0 99 1 132 275 6 251 0 0.06 0.20 0.19 8177412 2322832 5854580 0 361208 1504612 229068 140164 547924 8386556 0 8386556 0 0 92 0 0 906272 0 8 1867 0 0 0 0 24592 269 18 0 0 29 0 0 0 0 0 2 2 0 0 0 0 0 0 0 0 1 1 0 8 8 0 1 1 189921 1152 0 140589 0 0 0 0 0 0 0 0 0 0 0 0 0 0 0 0 0 0 0 973 640 428 998 663 472 385 106 89 22 1322
20150604 13:23:20 0 0 0 0 0 0 0 100 0 96 170 0 251 0 0.05 0.19 0.19 8177412 2321676 5855736 0 361208 1504612 229060 140168 547924 8386556 0 8386556 0 0 88 0 0 906272 0 2 28 0 0 0 0 24584 269 18 0 0 29 0 0 0 0 0 1 0 0 0 0 0 0 0 0 0 0 0 0 2 2 0 0 0 189921 1152 0 140589 0 0 0 0 0 0 0 0 0 0 0 0 0 0 0 0 0 0 0 1150 711 432 1000 663 472 385 106 89 22 1322
20150604 13:23:30 0 0 0 0 0 0 0 100 0 94 169 0 251 0 0.04 0.18 0.19 8177412 2320976 5856436 0 361208 1504612 229060 140168 547924 8386556 0 8386556 0 0 56 0 0 906272 0 4 28 0 0 0 0 24584 269 18 0 0 29 0 0 0 0 0 0 0 0 0 0 0 0 0 0 0 0 0 0 4 4 0 0 0 189921 1152 0 140589 0 0 0 0 0 0 0 0 0 0 0 0 0 0 0 0 0 0 0 1151 731 434 1008 663 472 385 106 89 22 1322
20150604 13:23:40 0 0 0 0 0 0 0 100 0 98 171 0 251 0 0.04 0.18 0.19 8177412 2320824 5856588 0 361208 1504612 229060 140164 547924 8386556 0 8386556 0 0 4 0 0 906268 0 5 28 0 0 0 0 24584 269 18 0 0 29 0 0 0 0 0 0 0 0 0 0 0 0 0 0 0 1 1 0 5 5 0 0 0 189921 1152 0 140589 0 0 0 0 0 0 0 0 0 0 0 0 0 0 0 0 0 0 0 1134 736 443 1013 663 472 385 106 89 22 1322
20150604 13:23:50 0 0 0 0 0 0 0 100 0 96 171 0 251 0 0.03 0.17 0.19 8177412 2320524 5856888 0 361208 1504612 229060 140164 547924 8386556 0 8386556 0 0 20 0 0 906268 0 4 28 0 0 0 0 24584 269 18 0 0 29 0 0 0 0 0 0 0 0 0 0 0 0 0 0 0 1 1 0 4 4 0 0 0 189921 1152 0 140589 0 0 0 0 0 0 0 0 0 0 0 0 0 0 0 0 0 0 0 1144 731 446 1017 663 472 385 106 89 22 1322
20150604 13:24:00 0 0 0 0 0 0 0 100 0 98 176 0 251 0 0.03 0.17 0.18 8177412 2320508 5856904 0 361208 1504616 229060 140168 547924 8386556 0 8386556 0 0 40 0 0 906268 0 2 29 0 0 0 0 24584 269 18 0 0 29 0 0 0 0 0 1 1 0 0 0 0 0 0 0 0 0 0 0 2 2 0 0 0 189921 1152 0 140589 0 0 0 0 0 0 0 0 0 0 0 0 0 0 0 0 0 0 0 1144 731 447 1017 663 472 385 106 89 22 1322
20150604 13:24:10 0 0 0 0 0 0 0 99 1 134 280 6 251 0 0.02 0.16 0.18 8177412 2322840 5854572 0 361208 1504640 229004 140172 547924 8386556 0 8386556 0 0 100 0 0 906288 0 8 1868 0 0 0 0 24512 269 18 0 0 29 0 0 0 0 0 2 2 0 0 0 0 0 0 0 0 1 1 0 8 8 0 1 1 189921 1152 0 140589 0 0 0 0 0 0 0 0 0 0 0 0 0 0 0 0 0 0 0 1031 659 423 996 663 472 385 106 89 22 1322
20150604 13:24:20 0 0 0 0 0 0 0 100 0 100 173 0 251 0 0.02 0.16 0.18 8177412 2320980 5856432 0 361208 1504640 229004 140172 547924 8386556 0 8386556 0 0 44 0 0 906288 0 7 28 0 0 0 0 24512 269 18 0 0 29 0 0 0 0 0 0 0 0 0 0 0 0 0 0 0 2 2 0 7 7 0 0 0 189921 1152 0 140589 0 0 0 0 0 0 0 0 0 0 0 0 0 0 0 0 0 0 0 1163 720 446 1007 663 472 385 106 89 22 1322
20150604 13:24:30 0 0 0 0 0 0 0 100 0 94 168 0 251 0 0.02 0.15 0.18 8177412 2320500 5856912 0 361208 1504640 229004 140172 547924 8386556 0 8386556 0 0 4 0 0 906288 0 4 28 0 0 0 0 24512 269 18 0 0 29 0 0 0 0 0 0 0 0 0 0 0 0 0 0 0 0 0 0 4 4 0 0 0 189921 1152 0 140589 0 0 0 0 0 0 0 0 0 0 0 0 0 0 0 0 0 0 0 1178 735 453 1009 663 472 385 106 89 22 1322
20150604 13:24:40 0 0 0 0 0 0 0 100 0 94 171 0 251 0 0.01 0.15 0.18 8177412 2320484 5856928 0 361208 1504640 229004 140168 547924 8386556 0 8386556 0 0 8 0 0 906288 0 2 28 0 0 0 0 24512 269 18 0 0 29 0 0 0 0 0 0 0 0 0 0 0 0 0 0 0 0 0 0 2 2 0 0 0 189921 1152 0 140589 0 0 0 0 0 0 0 0 0 0 0 0 0 0 0 0 0 0 0 1164 734 454 1011 663 472 385 106 89 22 1322
20150604 13:24:50 0 0 0 0 0 0 0 100 0 95 170 0 251 0 0.01 0.14 0.17 8177412 2320452 5856960 0 361208 1504640 229004 140172 547924 8386556 0 8386556 0 0 8 0 0 906288 0 2 28 0 0 0 0 24512 269 18 0 0 29 0 0 0 0 0 0 0 0 0 0 0 0 0 0 0 0 0 0 2 2 0 0 0 189921 1152 0 140589 0 0 0 0 0 0 0 0 0 0 0 0 0 0 0 0 0 0 0 1150 733 454 1014 663 472 385 106 89 22 1322
20150604 13:25:00 0 0 0 0 0 0 0 100 0 95 173 0 251 0 0.01 0.14 0.17 8177412 2320436 5856976 0 361208 1504644 229004 140172 547924 8386556 0 8386556 0 0 28 0 0 906288 0 1 28 0 0 0 0 24512 269 18 0 0 29 0 0 0 0 0 0 0 0 0 0 0 0 0 0 0 0 0 0 1 1 0 0 0 189921 1152 0 140589 0 0 0 0 0 0 0 0 0 0 0 0 0 0 0 0 0 0 0 1134 727 454 1018 663 472 385 106 89 22 1322
20150604 13:25:10 0 0 0 0 0 0 0 99 1 132 274 6 251 0 0.08 0.15 0.18 8177412 2322800 5854612 0 361208 1504668 229092 140176 547924 8386556 0 8386556 0 0 84 0 0 906304 0 9 1964 0 0 0 0 24592 269 18 0 0 29 0 0 0 0 0 2 2 0 0 0 0 0 0 0 0 1 1 0 9 9 0 1 1 189921 1184 0 140589 0 0 0 0 0 0 0 0 0 0 0 0 0 0 0 0 0 0 0 859 677 440 998 663 472 385 106 89 22 1322
20150604 13:25:20 0 0 0 0 0 0 0 100 0 97 173 0 251 0 0.07 0.15 0.17 8177412 2321312 5856100 0 361208 1504668 229096 140172 547924 8386556 0 8386556 0 0 88 0 0 906304 0 2 28 0 0 0 0 24596 269 18 0 0 29 0 0 0 0 0 0 0 0 0 0 0 0 0 0 0 0 0 0 2 2 0 0 0 189921 1184 0 140589 0 0 0 0 0 0 0 0 0 0 0 0 0 0 0 0 0 0 0 1077 685 456 1015 663 472 385 106 89 22 1322
20150604 13:25:30 0 0 0 0 0 0 0 100 0 92 166 0 251 0 0.13 0.16 0.18 8177412 2320808 5856604 0 361208 1504668 229100 140264 547924 8386556 0 8386556 0 0 48 0 0 906304 0 4 28 0 0 0 0 24600 269 18 0 0 29 0 0 0 0 0 0 0 0 0 0 0 0 0 0 0 0 0 0 4 4 0 0 0 189921 1184 0 140589 0 0 0 0 0 0 0 0 0 0 0 0 0 0 0 0 0 0 0 1096 693 459 1021 663 472 385 106 89 22 1322
20150604 13:25:40 0 0 0 0 0 0 0 100 0 89 157 0 251 0 0.11 0.15 0.18 8177412 2320632 5856780 0 361208 1504668 229052 140172 547924 8386556 0 8386556 0 0 48 0 0 906304 0 0 28 0 0 0 0 24552 269 18 0 0 29 0 0 0 0 0 0 0 0 0 0 0 0 0 0 0 0 0 0 0 0 0 0 0 189921 1184 0 140589 0 0 0 0 0 0 0 0 0 0 0 0 0 0 0 0 0 0 0 1081 693 460 1024 663 472 385 106 89 22 1322
20150604 13:25:50 0 0 0 0 0 0 0 100 0 99 171 0 251 0 0.10 0.15 0.17 8177412 2320616 5856796 0 361208 1504668 229052 140172 547924 8386556 0 8386556 0 0 0 0 0 906304 0 6 28 0 0 0 0 24552 269 18 0 0 29 0 0 0 0 0 0 0 0 0 0 0 0 0 0 0 1 1 0 6 6 0 0 0 189921 1184 0 140589 0 0 0 0 0 0 0 0 0 0 0 0 0 0 0 0 0 0 0 1061 691 457 1029 663 472 385 106 89 22 1322
20150604 13:26:00 0 0 0 0 0 0 0 100 0 96 173 0 251 0 0.08 0.14 0.17 8177412 2320600 5856812 0 361208 1504672 229052 140176 547924 8386556 0 8386556 0 0 24 0 0 906304 0 1 28 0 0 0 0 24552 269 18 0 0 29 0 0 0 0 0 0 0 0 0 0 0 0 0 0 0 0 0 0 1 1 0 0 0 189921 1184 0 140589 0 0 0 0 0 0 0 0 0 0 0 0 0 0 0 0 0 0 0 1049 695 457 1030 663 472 385 106 89 22 1322
20150604 13:26:10 0 0 0 0 0 0 0 99 1 129 268 6 251 0 0.14 0.16 0.18 8177412 2323024 5854388 0 361208 1504696 229024 140268 547924 8386556 0 8386556 0 0 92 0 0 906324 0 8 1867 0 0 0 0 24532 269 18 0 0 29 0 0 0 0 0 2 2 0 0 0 0 0 0 0 0 1 1 0 8 8 0 1 1 189921 1184 0 140589 0 0 0 0 0 0 0 0 0 0 0 0 0 0 0 0 0 0 0 888 664 419 1005 663 472 385 106 89 22 1322
20150604 13:26:20 0 0 0 0 0 0 0 100 0 94 169 0 251 0 0.12 0.15 0.17 8177412 2321908 5855504 0 361208 1504696 229024 140180 547924 8386556 0 8386556 0 0 92 0 0 906324 0 2 28 0 0 0 0 24532 269 18 0 0 29 0 0 0 0 0 0 0 0 0 0 0 0 0 0 0 0 0 0 2 2 0 0 0 189921 1184 0 140589 0 0 0 0 0 0 0 0 0 0 0 0 0 0 0 0 0 0 0 958 713 435 1007 663 472 385 106 89 22 1322
20150604 13:26:30 0 0 0 0 0 0 0 100 0 93 167 0 251 0 0.10 0.15 0.17 8177412 2321744 5855668 0 361208 1504696 229024 140112 547924 8386556 0 8386556 0 0 52 0 0 906324 0 4 28 0 0 0 0 24532 269 18 0 0 29 0 0 0 0 0 0 0 0 0 0 0 0 0 0 0 0 0 0 4 4 0 0 0 189921 1184 0 140589 0 0 0 0 0 0 0 0 0 0 0 0 0 0 0 0 0 0 0 982 715 444 1008 663 472 385 106 89 22 1322
20150604 13:26:40 0 0 0 0 0 0 0 100 0 95 166 0 251 0 0.09 0.14 0.17 8177412 2321492 5855920 0 361208 1504696 229024 140104 547924 8386556 0 8386556 0 0 0 0 0 906324 0 5 28 0 0 0 0 24532 269 18 0 0 29 0 0 0 0 0 0 0 0 0 0 0 0 0 0 0 1 1 0 5 5 0 0 0 189921 1184 0 140589 0 0 0 0 0 0 0 0 0 0 0 0 0 0 0 0 0 0 0 957 706 449 1011 663 472 385 106 89 22 1322
20150604 13:26:50 0 0 0 0 0 0 0 100 0 93 167 0 251 0 0.07 0.14 0.17 8177412 2321488 5855924 0 361208 1504696 229028 140172 547924 8386556 0 8386556 0 0 4 0 0 906324 0 2 28 0 0 0 0 24536 269 18 0 0 29 0 0 0 0 0 0 0 0 0 0 0 0 0 0 0 0 0 0 2 2 0 0 0 189921 1184 0 140589 0 0 0 0 0 0 0 0 0 0 0 0 0 0 0 0 0 0 0 956 714 455 1014 663 472 385 106 89 22 1322
20150604 13:27:00 0 0 0 0 0 0 0 100 0 100 199 1 251 0 0.06 0.13 0.17 8177412 2322732 5854680 0 361212 1504700 229024 140152 547924 8386556 0 8386556 0 0 32 0 0 906320 0 1 331 0 0 0 0 24544 269 18 0 0 29 0 0 0 0 0 0 1 0 0 0 0 0 0 0 0 0 0 0 1 1 0 0 0 189921 1152 0 140589 0 0 0 0 0 0 0 0 0 0 0 0 0 0 0 0 0 0 0 684 668 457 1016 663 472 385 106 89 22 1322
20150604 13:27:10 0 0 0 0 0 0 0 99 1 129 272 6 251 0 0.13 0.14 0.17 8177412 2323476 5853936 0 361212 1504724 229088 140116 547924 8386556 0 8386556 0 0 92 0 0 906340 0 9 1866 0 0 0 0 24608 269 18 0 0 29 0 0 0 0 0 2 2 0 0 0 0 0 0 0 0 1 1 0 9 9 0 1 1 189921 1184 0 140589 0 0 0 0 0 0 0 0 0 0 0 0 0 0 0 0 0 0 0 959 632 419 990 663 472 385 106 89 22 1322
20150604 13:27:20 0 0 0 0 0 0 0 100 0 94 169 0 251 0 0.11 0.14 0.17 8177412 2322360 5855052 0 361212 1504724 229088 140184 547924 8386556 0 8386556 0 0 96 0 0 906340 0 2 28 0 0 0 0 24608 269 18 0 0 29 0 0 0 0 0 0 0 0 0 0 0 0 0 0 0 0 0 0 2 2 0 0 0 189921 1184 0 140589 0 0 0 0 0 0 0 0 0 0 0 0 0 0 0 0 0 0 0 1004 665 441 1000 663 472 385 106 89 22 1322
20150604 13:27:30 0 0 0 0 0 0 0 100 0 92 166 0 251 0 0.09 0.13 0.17 8177412 2321884 5855528 0 361212 1504724 229088 140108 547924 8386556 0 8386556 0 0 56 0 0 906340 0 4 28 0 0 0 0 24608 269 18 0 0 29 0 0 0 0 0 0 0 0 0 0 0 0 0 0 0 0 0 0 4 4 0 0 0 189921 1184 0 140589 0 0 0 0 0 0 0 0 0 0 0 0 0 0 0 0 0 0 0 1048 665 442 1005 663 472 385 106 89 22 1322
20150604 13:27:40 0 0 0 0 0 0 0 100 0 96 167 0 251 0 0.08 0.13 0.16 8177412 2321756 5855656 0 361212 1504724 229088 140112 547924 8386556 0 8386556 0 0 4 0 0 906340 0 5 28 0 0 0 0 24608 269 18 0 0 29 0 0 0 0 0 0 0 0 0 0 0 0 0 0 0 1 1 0 5 5 0 0 0 189921 1184 0 140589 0 0 0 0 0 0 0 0 0 0 0 0 0 0 0 0 0 0 0 1042 674 441 1008 663 472 385 106 89 22 1322
20150604 13:27:50 0 0 0 0 0 0 0 100 0 94 170 0 250 0 0.06 0.12 0.16 8177412 2321744 5855668 0 361212 1504724 229084 140272 547924 8386556 0 8386556 0 0 0 0 0 906340 0 2 34 0 0 0 0 24604 269 18 0 0 29 0 0 0 0 0 0 0 0 0 0 0 0 0 0 0 0 0 0 2 2 0 0 0 189913 1184 0 140581 0 0 0 0 0 0 0 0 0 0 0 0 0 0 0 0 0 0 0 1080 693 442 1010 663 472 385 106 89 22 1322
20150604 13:28:00 0 0 0 0 0 0 0 100 0 93 170 0 250 0 0.05 0.12 0.16 8177412 2321240 5856172 0 361212 1504728 229084 140104 547924 8386556 0 8386556 0 0 20 0 0 906340 0 1 28 0 0 0 0 24604 269 18 0 0 29 0 0 0 0 0 0 0 0 0 0 0 0 0 0 0 0 0 0 1 1 0 0 0 189913 1184 0 140581 0 0 0 0 0 0 0 0 0 0 0 0 0 0 0 0 0 0 0 1052 692 436 1017 663 472 385 106 89 22 1322
20150604 13:28:10 0 0 0 0 0 0 0 99 1 131 277 6 250 0 0.05 0.12 0.16 8177412 2323212 5854200 0 361212 1504752 228968 140200 547924 8386556 0 8386556 0 0 92 0 0 906360 0 8 1868 0 0 0 0 24480 269 18 0 0 29 0 0 0 0 0 2 2 0 0 0 0 0 0 0 0 1 1 0 8 8 0 1 1 189913 1152 0 140581 0 0 0 0 0 0 0 0 0 0 0 0 0 0 0 0 0 0 0 1007 631 406 999 663 472 385 106 89 22 1322
20150604 13:28:20 0 0 0 0 0 0 0 100 0 94 169 0 250 0 0.04 0.11 0.16 8177412 2322220 5855192 0 361212 1504752 228968 140164 547924 8386556 0 8386556 0 0 92 0 0 906360 0 2 28 0 0 0 0 24480 269 18 0 0 29 0 0 0 0 0 0 0 0 0 0 0 0 0 0 0 0 0 0 2 2 0 0 0 189913 1152 0 140581 0 0 0 0 0 0 0 0 0 0 0 0 0 0 0 0 0 0 0 1135 669 409 1003 663 472 385 106 89 22 1322
20150604 13:28:30 0 0 0 0 0 0 0 100 0 92 167 0 250 0 0.03 0.11 0.15 8177412 2321676 5855736 0 361212 1504752 228968 140120 547924 8386556 0 8386556 0 0 52 0 0 906360 0 4 28 0 0 0 0 24480 269 18 0 0 29 0 0 0 0 0 0 0 0 0 0 0 0 0 0 0 0 0 0 4 4 0 0 0 189913 1152 0 140581 0 0 0 0 0 0 0 0 0 0 0 0 0 0 0 0 0 0 0 1162 684 417 1005 663 472 385 106 89 22 1322
20150604 13:28:40 0 0 0 0 0 0 0 100 0 95 167 0 250 0 0.03 0.11 0.15 8177412 2321548 5855864 0 361212 1504752 228968 140116 547924 8386556 0 8386556 0 0 0 0 0 906360 0 5 28 0 0 0 0 24480 269 18 0 0 29 0 0 0 0 0 0 0 0 0 0 0 0 0 0 0 1 1 0 5 5 0 0 0 189913 1152 0 140581 0 0 0 0 0 0 0 0 0 0 0 0 0 0 0 0 0 0 0 1209 684 417 1007 663 472 385 106 89 22 1322
20150604 13:28:50 0 0 0 0 0 0 0 100 0 92 167 0 250 0 0.02 0.10 0.15 8177412 2321296 5856116 0 361212 1504752 228968 140188 547924 8386556 0 8386556 0 0 4 0 0 906360 0 2 28 0 0 0 0 24480 269 18 0 0 29 0 0 0 0 0 0 0 0 0 0 0 0 0 0 0 0 0 0 2 2 0 0 0 189913 1152 0 140581 0 0 0 0 0 0 0 0 0 0 0 0 0 0 0 0 0 0 0 1189 702 417 1009 663 472 385 106 89 22 1322
